payment_record_id,payment_id,order_id,customer_id,payment_timestamp,payment_method,payment_status,payment_amount_local,local_currency,country_code,region_name,failure_reason,refund_flag,created_at,created_by
,PAY-202009-00000000000,ORD-202009-0000004477,CUST-0000153865,2020-09-30 15:20:10,Buy Now Pay Later,Success,572.33,EUR,ITA,Europe,,false,2020-09-30 15:20:10,stephen.daniels076@commerce.example.com
,PAY-202009-00000000001,ORD-202009-0000000244,CUST-0000151771,2020-09-21 23:43:34,Apple Pay,Success,113.84,EUR,ESP,Europe,,false,2020-09-21 23:43:34,jennifer.bauer068@analytics.example.com
,PAY-202009-00000000002,ORD-202009-0000004636,CUST-0000142800,2020-09-07 04:46:42,Apple Pay,Success,891.75,EUR,FRA,Europe,,false,2020-09-07 04:46:42,jennifer.hudson020@analytics.example.com
,PAY-202009-00000000003,ORD-202009-0000002419,CUST-0000147643,2020-09-25 19:14:16,Apple Pay,Success,3297.79,SGD,SGP,Asia,,false,2020-09-25 19:14:16,timothy.cannon081@analytics.example.com
,PAY-202009-00000000004,ORD-202009-0000004770,CUST-0000144704,2020-09-19 04:52:10,Bank Transfer,Success,2989.13,GBP,GBR,Europe,,false,2020-09-19 04:52:10,jeffery.miller012@commerce.example.com
,PAY-202009-00000000005,ORD-202009-0000001042,CUST-0000150966,2020-09-18 15:10:30,Debit Card,Success,3453.05,SGD,SGP,Asia,,false,2020-09-18 15:10:30,stephen.clark001@analytics.example.com
,PAY-202009-00000000006,ORD-202009-0000002366,CUST-0000150947,2020-09-16 10:16:27,Google Pay,Success,2617.71,USD,USA,North America,,false,2020-09-16 10:16:27,jennifer.bauer068@analytics.example.com
,PAY-202009-00000000007,ORD-202009-0000002366,CUST-0000141519,2020-09-02 05:47:44,Paytm,Success,182.2,CAD,CAN,North America,,false,2020-09-02 05:47:44,brandi.carter038@dataops.example.com
,PAY-202009-00000000008,ORD-202009-0000004431,CUST-0000153147,2020-09-01 01:48:00,Apple Pay,Success,1950.56,CAD,CAN,North America,,false,2020-09-01 01:48:00,brandon.yu006@analytics.example.com
,PAY-202009-00000000009,ORD-202009-0000002679,CUST-0000149884,2020-09-07 14:58:02,Debit Card,Success,495.23,SGD,SGP,Asia,,false,2020-09-07 14:58:02,eric.mullen052@dataops.example.com
,PAY-202009-00000000010,ORD-202009-0000005802,CUST-0000135366,2020-09-16 14:47:36,PayPal,Success,3163.65,EUR,ESP,Europe,,false,2020-09-16 14:47:36,stephen.daniels076@commerce.example.com
,PAY-202009-00000000011,ORD-202009-0000003753,CUST-0000140817,2020-09-04 09:29:42,Apple Pay,Success,1302.5,EUR,ITA,Europe,,false,2020-09-04 09:29:42,micheal.hall064@dataops.example.com
,PAY-202009-00000000012,ORD-202009-0000006338,CUST-0000151257,2020-09-05 12:14:00,Credit Card,Success,24.61,JPY,JPN,Asia,,false,2020-09-05 12:14:00,michael.johnson061@platform.example.com
,PAY-202009-00000000013,ORD-202009-0000004095,CUST-0000135269,2020-09-01 03:56:07,Google Pay,Failed,783.14,INR,IND,Asia,Invalid CVV,false,2020-09-01 03:56:07,joseph.johnson049@dataops.example.com
,PAY-202009-00000000014,ORD-202009-0000002008,CUST-0000139815,2020-09-21 04:38:26,Gift Card,Success,516.21,EUR,ESP,Europe,,false,2020-09-21 04:38:26,jennifer.hudson020@analytics.example.com
,PAY-202009-00000000015,ORD-202009-0000000961,CUST-0000150884,2020-09-20 17:11:36,Bank Transfer,Success,2592.45,JPY,JPN,Asia,,false,2020-09-20 17:11:36,peter.martinez098@platform.example.com
,PAY-202009-00000000016,ORD-202009-0000005631,CUST-0000144357,2020-09-19 07:53:22,Bank Transfer,Success,260.16,MXN,MEX,North America,,false,2020-09-19 07:53:22,micheal.chen050@dataops.example.com
,PAY-202009-00000000017,ORD-202009-0000002459,CUST-0000144870,2020-09-10 01:49:30,Buy Now Pay Later,Success,278.69,EUR,ESP,Europe,,false,2020-09-10 01:49:30,eric.horton058@analytics.example.com
,PAY-202009-00000000018,ORD-202009-0000002020,CUST-0000142634,2020-09-18 03:37:54,Gift Card,Success,3109.55,INR,IND,Asia,,false,2020-09-18 03:37:54,joseph.johnson049@dataops.example.com
,PAY-202009-00000000019,ORD-202009-0000000715,CUST-0000150374,2020-09-17 19:26:08,PayPal,Success,715.74,CAD,CAN,North America,,false,2020-09-17 19:26:08,michelle.bender024@analytics.example.com
,PAY-202009-00000000020,ORD-202009-0000003540,CUST-0000137638,2020-09-24 00:28:40,Apple Pay,Success,3329.19,EUR,FRA,Europe,,false,2020-09-24 00:28:40,timothy.cannon081@analytics.example.com
,PAY-202009-00000000021,ORD-202009-0000000679,CUST-0000140621,2020-09-08 19:21:24,Apple Pay,Success,394.08,MXN,MEX,North America,,false,2020-09-08 19:21:24,michelle.sims041@analytics.example.com
,PAY-202009-00000000022,ORD-202009-0000005869,CUST-0000139419,2020-09-30 06:01:06,Google Pay,Success,309.16,BRL,BRA,South America,,false,2020-09-30 06:01:06,stephen.clark001@analytics.example.com
,PAY-202009-00000000023,ORD-202009-0000002772,CUST-0000139970,2020-09-29 03:30:45,Phonepe,Success,1382.88,EUR,NLD,Europe,,false,2020-09-29 03:30:45,brandi.carter038@dataops.example.com
,PAY-202009-00000000024,ORD-202009-0000002790,CUST-0000138614,2020-09-26 22:22:30,PayPal,Success,330.0,EUR,FRA,Europe,,false,2020-09-26 22:22:30,brandon.yu006@analytics.example.com
,PAY-202009-00000000025,ORD-202009-0000001224,CUST-0000141809,2020-09-18 14:55:33,Debit Card,Pending,1039.84,INR,IND,Asia,,false,2020-09-18 14:55:33,adam.gordon030@commerce.example.com
,PAY-202009-00000000026,ORD-202009-0000002391,CUST-0000138669,2020-09-19 00:38:23,Gift Card,Success,2106.14,MXN,MEX,North America,,false,2020-09-19 00:38:23,eric.horton058@analytics.example.com
,PAY-202009-00000000027,ORD-202009-0000005039,CUST-0000147636,2020-09-26 22:31:59,Bank Transfer,Failed,3179.93,AUD,AUS,Oceania,Card declined,false,2020-09-26 22:31:59,david.cabrera119@dataops.example.com
,PAY-202009-00000000028,ORD-202009-0000004195,CUST-0000145467,2020-09-06 10:33:51,Google Pay,Success,2852.16,CAD,CAN,North America,,false,2020-09-06 10:33:51,jennifer.hudson020@analytics.example.com
,PAY-202009-00000000029,ORD-202009-0000002013,CUST-0000134524,2020-09-10 11:19:04,Apple Pay,Success,2510.17,JPY,JPN,Asia,,false,2020-09-10 11:19:04,eric.mullen052@dataops.example.com
,PAY-202009-00000000030,ORD-202009-0000006450,CUST-0000152752,2020-09-09 12:10:26,Bank Transfer,Success,2952.14,BRL,BRA,South America,,false,2020-09-09 12:10:26,david.cabrera119@dataops.example.com
,PAY-202009-00000000031,ORD-202009-0000005128,CUST-0000143833,2020-09-22 07:30:08,Paytm,Success,2842.94,JPY,JPN,Asia,,false,2020-09-22 07:30:08,taylor.cunningham023@commerce.example.com
,PAY-202009-00000000032,ORD-202009-0000002293,CUST-0000136077,2020-09-29 23:05:08,Phonepe,Success,2647.04,INR,IND,Asia,,false,2020-09-29 23:05:08,victor.palmer071@platform.example.com
,PAY-202009-00000000033,ORD-202009-0000004690,CUST-0000148256,2020-09-27 13:13:11,Bank Transfer,Success,1192.18,AED,ARE,Asia,,false,2020-09-27 13:13:11,patrick.gonzalez035@dataops.example.com
,PAY-202009-00000000034,ORD-202009-0000000567,CUST-0000153644,2020-09-24 06:20:13,Apple Pay,Success,3472.98,SGD,SGP,Asia,,false,2020-09-24 06:20:13,timothy.cameron104@commerce.example.com
,PAY-202009-00000000035,ORD-202009-0000001425,CUST-0000136201,2020-09-09 01:21:04,Phonepe,Success,3346.58,GBP,GBR,Europe,,false,2020-09-09 01:21:04,kelsey.taylor010@platform.example.com
,PAY-202009-00000000036,ORD-202009-0000002482,CUST-0000137408,2020-09-19 10:46:58,Bank Transfer,Success,1965.21,EUR,FRA,Europe,,false,2020-09-19 10:46:58,jennifer.bauer068@analytics.example.com
,PAY-202009-00000000037,ORD-202009-0000000751,CUST-0000138776,2020-09-29 16:06:31,Google Pay,Success,1985.62,EUR,DEU,Europe,,false,2020-09-29 16:06:31,micheal.chen050@dataops.example.com
,PAY-202009-00000000038,ORD-202009-0000005318,CUST-0000138486,2020-09-20 04:23:39,Buy Now Pay Later,Success,362.07,EUR,ITA,Europe,,false,2020-09-20 04:23:39,alyssa.richards002@commerce.example.com
,PAY-202009-00000000039,ORD-202009-0000002005,CUST-0000149609,2020-09-13 13:48:59,Paytm,Success,494.12,BRL,BRA,South America,,false,2020-09-13 13:48:59,susan.rice083@commerce.example.com
,PAY-202009-00000000040,ORD-202009-0000000620,CUST-0000137815,2020-09-28 13:09:08,Paytm,Success,131.54,AED,ARE,Asia,,false,2020-09-28 13:09:08,adam.gordon030@commerce.example.com
,PAY-202009-00000000041,ORD-202009-0000001926,CUST-0000141640,2020-09-02 12:31:15,Debit Card,Success,1766.94,AUD,AUS,Oceania,,false,2020-09-02 12:31:15,taylor.cunningham023@commerce.example.com
,PAY-202009-00000000042,ORD-202009-0000006364,CUST-0000153174,2020-09-28 12:45:45,Paytm,Success,3375.24,AUD,AUS,Oceania,,false,2020-09-28 12:45:45,timothy.cannon081@analytics.example.com
,PAY-202009-00000000043,ORD-202009-0000001456,CUST-0000151100,2020-09-09 23:56:33,Buy Now Pay Later,Success,1088.97,MXN,MEX,North America,,false,2020-09-09 23:56:33,michael.berger060@platform.example.com
,PAY-202009-00000000044,ORD-202009-0000003805,CUST-0000141770,2020-09-29 21:33:33,Buy Now Pay Later,Success,2850.6,EUR,ESP,Europe,,false,2020-09-29 21:33:33,james.proctor094@dataops.example.com
,PAY-202009-00000000045,ORD-202009-0000000525,CUST-0000135221,2020-09-23 23:46:09,Gift Card,Success,3116.71,AED,ARE,Asia,,false,2020-09-23 23:46:09,kelsey.taylor010@platform.example.com
,PAY-202009-00000000046,ORD-202009-0000003660,CUST-0000142654,2020-09-29 07:41:49,Credit Card,Success,2948.96,INR,IND,Asia,,false,2020-09-29 07:41:49,lance.williams029@platform.example.com
,PAY-202009-00000000047,ORD-202009-0000001302,CUST-0000153473,2020-09-05 21:04:57,Debit Card,Success,2842.57,USD,USA,North America,,false,2020-09-05 21:04:57,james.proctor094@dataops.example.com
,PAY-202009-00000000048,ORD-202009-0000005185,CUST-0000144916,2020-09-05 15:40:18,Gift Card,Success,2997.7,SGD,SGP,Asia,,false,2020-09-05 15:40:18,jennifer.hudson020@analytics.example.com
,PAY-202009-00000000049,ORD-202009-0000000116,CUST-0000149982,2020-09-17 13:47:45,Paytm,Success,2680.86,EUR,DEU,Europe,,false,2020-09-17 13:47:45,jennifer.hudson020@analytics.example.com
,PAY-202009-00000000050,ORD-202009-0000006255,CUST-0000148733,2020-09-07 02:52:00,Gift Card,Success,306.86,SGD,SGP,Asia,,false,2020-09-07 02:52:00,andrea.cummings039@platform.example.com
,PAY-202009-00000000051,ORD-202009-0000005881,CUST-0000152173,2020-09-03 22:40:42,Credit Card,Success,926.15,GBP,GBR,Europe,,false,2020-09-03 22:40:42,alyssa.richards002@commerce.example.com
,PAY-202009-00000000052,ORD-202009-0000000410,CUST-0000140111,2020-09-15 16:03:42,Phonepe,Success,132.46,JPY,JPN,Asia,,false,2020-09-15 16:03:42,megan.cunningham013@commerce.example.com
,PAY-202009-00000000053,ORD-202009-0000001725,CUST-0000144461,2020-09-06 11:40:39,Google Pay,Success,2095.16,AUD,AUS,Oceania,,false,2020-09-06 11:40:39,timothy.cameron104@commerce.example.com
,PAY-202009-00000000054,ORD-202009-0000005572,CUST-0000140233,2020-09-11 20:20:18,Credit Card,Success,3243.29,JPY,JPN,Asia,,false,2020-09-11 20:20:18,eric.mullen052@dataops.example.com
,PAY-202009-00000000055,ORD-202009-0000000565,CUST-0000137784,2020-09-05 12:38:02,Debit Card,Success,1885.87,GBP,GBR,Europe,,false,2020-09-05 12:38:02,peter.martinez098@platform.example.com
,PAY-202009-00000000056,ORD-202009-0000004219,CUST-0000138015,2020-09-30 19:27:56,Debit Card,Success,450.71,GBP,GBR,Europe,,false,2020-09-30 19:27:56,john.mullins109@commerce.example.com
,PAY-202009-00000000057,ORD-202009-0000005108,CUST-0000134533,2020-09-08 22:36:06,Debit Card,Success,1454.2,CAD,CAN,North America,,false,2020-09-08 22:36:06,taylor.cunningham023@commerce.example.com
,PAY-202009-00000000058,ORD-202009-0000000552,CUST-0000149764,2020-09-03 01:19:22,Debit Card,Success,2749.7,EUR,ESP,Europe,,false,2020-09-03 01:19:22,michael.johnson061@platform.example.com
,PAY-202009-00000000059,ORD-202009-0000004228,CUST-0000139513,2020-09-23 02:33:25,Gift Card,Success,174.32,GBP,GBR,Europe,,false,2020-09-23 02:33:25,michelle.sims041@analytics.example.com
,PAY-202009-00000000060,ORD-202009-0000003768,CUST-0000144153,2020-09-01 07:38:12,Debit Card,Success,2148.34,SGD,SGP,Asia,,false,2020-09-01 07:38:12,timothy.cannon081@analytics.example.com
,PAY-202009-00000000061,ORD-202009-0000004781,CUST-0000141703,2020-09-20 04:42:32,PayPal,Success,896.68,EUR,DEU,Europe,,false,2020-09-20 04:42:32,ryan.steele043@commerce.example.com
,PAY-202009-00000000062,ORD-202009-0000001210,CUST-0000148404,2020-09-27 02:36:38,Phonepe,Success,3447.56,AED,ARE,Asia,,false,2020-09-27 02:36:38,michael.johnson061@platform.example.com
,PAY-202009-00000000063,ORD-202009-0000004162,CUST-0000152439,2020-09-20 16:44:29,Paytm,Success,2978.82,EUR,FRA,Europe,,false,2020-09-20 16:44:29,michelle.sims041@analytics.example.com
,PAY-202009-00000000064,ORD-202009-0000003963,CUST-0000142445,2020-09-02 07:22:06,Google Pay,Success,1565.38,EUR,ITA,Europe,,false,2020-09-02 07:22:06,tina.williams074@commerce.example.com
,PAY-202009-00000000065,ORD-202009-0000002212,CUST-0000151889,2020-09-02 16:38:14,PayPal,Success,2126.22,SGD,SGP,Asia,,false,2020-09-02 16:38:14,victor.palmer071@platform.example.com
,PAY-202009-00000000066,ORD-202009-0000000714,CUST-0000147047,2020-09-20 00:16:35,Google Pay,Success,661.09,GBP,GBR,Europe,,false,2020-09-20 00:16:35,david.cabrera119@dataops.example.com
,PAY-202009-00000000067,ORD-202009-0000003143,CUST-0000147145,2020-09-02 01:40:30,Google Pay,Success,3080.03,EUR,NLD,Europe,,false,2020-09-02 01:40:30,michael.berger060@platform.example.com
,PAY-202009-00000000068,ORD-202009-0000004625,CUST-0000149514,2020-09-11 01:25:50,Google Pay,Success,1213.34,GBP,GBR,Europe,,false,2020-09-11 01:25:50,john.mullins109@commerce.example.com
,PAY-202009-00000000069,ORD-202009-0000001693,CUST-0000134549,2020-09-16 19:45:53,PayPal,Success,1502.48,AED,ARE,Asia,,false,2020-09-16 19:45:53,ashley.marks069@commerce.example.com
,PAY-202009-00000000070,ORD-202009-0000003192,CUST-0000138965,2020-09-30 18:35:19,Bank Transfer,Success,1479.18,INR,IND,Asia,,false,2020-09-30 18:35:19,michelle.sims041@analytics.example.com
,PAY-202009-00000000071,ORD-202009-0000000418,CUST-0000149362,2020-09-20 10:27:06,Paytm,Success,3113.93,AUD,AUS,Oceania,,false,2020-09-20 10:27:06,brandon.yu006@analytics.example.com
,PAY-202009-00000000072,ORD-202009-0000001060,CUST-0000153642,2020-09-20 12:31:49,Bank Transfer,Success,1280.85,GBP,GBR,Europe,,false,2020-09-20 12:31:49,michelle.sims041@analytics.example.com
,PAY-202009-00000000073,ORD-202009-0000001694,CUST-0000145048,2020-09-13 21:44:18,Google Pay,Success,3008.51,EUR,ITA,Europe,,false,2020-09-13 21:44:18,stephen.clark001@analytics.example.com
,PAY-202009-00000000074,ORD-202009-0000001581,CUST-0000148424,2020-09-09 03:23:10,Bank Transfer,Success,2827.06,BRL,BRA,South America,,false,2020-09-09 03:23:10,brandi.carter038@dataops.example.com
,PAY-202009-00000000075,ORD-202009-0000002235,CUST-0000154081,2020-09-11 07:50:49,Paytm,Success,2645.4,EUR,ITA,Europe,,false,2020-09-11 07:50:49,taylor.cunningham023@commerce.example.com
,PAY-202009-00000000076,ORD-202009-0000004202,CUST-0000138591,2020-09-06 19:30:14,Credit Card,Success,1617.44,EUR,ITA,Europe,,false,2020-09-06 19:30:14,john.mullins109@commerce.example.com
,PAY-202009-00000000077,ORD-202009-0000001839,CUST-0000138091,2020-09-30 02:17:25,Google Pay,Success,1634.56,EUR,NLD,Europe,,false,2020-09-30 02:17:25,michelle.bender024@analytics.example.com
,PAY-202009-00000000078,ORD-202009-0000000935,CUST-0000142495,2020-09-26 01:54:36,Gift Card,Success,2996.42,GBP,GBR,Europe,,false,2020-09-26 01:54:36,micheal.hall064@dataops.example.com
,PAY-202009-00000000079,ORD-202009-0000003888,CUST-0000148738,2020-09-12 21:22:17,Debit Card,Success,195.6,EUR,FRA,Europe,,false,2020-09-12 21:22:17,peter.martinez098@platform.example.com
,PAY-202009-00000000080,ORD-202009-0000003980,CUST-0000135185,2020-09-29 05:52:55,Gift Card,Success,2285.35,BRL,BRA,South America,,false,2020-09-29 05:52:55,andrea.cummings039@platform.example.com
,PAY-202009-00000000081,ORD-202009-0000006023,CUST-0000142387,2020-09-18 04:52:39,Gift Card,Refunded,379.55,EUR,ESP,Europe,,true,2020-09-18 04:52:39,stephen.daniels076@commerce.example.com
,PAY-202009-00000000082,ORD-202009-0000002600,CUST-0000137005,2020-09-30 11:28:57,Credit Card,Success,2561.22,EUR,ITA,Europe,,false,2020-09-30 11:28:57,michelle.sims041@analytics.example.com
,PAY-202009-00000000083,ORD-202009-0000001129,CUST-0000134991,2020-09-05 15:46:19,Google Pay,Success,604.08,EUR,FRA,Europe,,false,2020-09-05 15:46:19,stephen.clark001@analytics.example.com
,PAY-202009-00000000084,ORD-202009-0000001230,CUST-0000144264,2020-09-08 01:56:02,Paytm,Pending,2726.8,INR,IND,Asia,,false,2020-09-08 01:56:02,kelsey.taylor010@platform.example.com
,PAY-202009-00000000085,ORD-202009-0000001245,CUST-0000153140,2020-09-12 00:22:04,Phonepe,Success,773.79,EUR,DEU,Europe,,false,2020-09-12 00:22:04,stephen.daniels076@commerce.example.com
,PAY-202009-00000000086,ORD-202009-0000000433,CUST-0000150701,2020-09-13 08:17:54,Bank Transfer,Failed,141.91,GBP,GBR,Europe,Insufficient funds,false,2020-09-13 08:17:54,megan.cunningham013@commerce.example.com
,PAY-202009-00000000087,ORD-202009-0000001679,CUST-0000150451,2020-09-19 09:10:58,Apple Pay,Success,2686.77,INR,IND,Asia,,false,2020-09-19 09:10:58,ryan.steele043@commerce.example.com
,PAY-202009-00000000088,ORD-202009-0000000951,CUST-0000141735,2020-09-18 17:09:18,Bank Transfer,Success,2663.41,JPY,JPN,Asia,,false,2020-09-18 17:09:18,stephen.clark001@analytics.example.com
,PAY-202009-00000000089,ORD-202009-0000004001,CUST-0000138810,2020-09-24 07:44:19,Google Pay,Success,931.56,SGD,SGP,Asia,,false,2020-09-24 07:44:19,timothy.cameron104@commerce.example.com
,PAY-202009-00000000090,ORD-202009-0000001220,CUST-0000151937,2020-09-21 23:03:19,Apple Pay,Success,1710.19,EUR,ESP,Europe,,false,2020-09-21 23:03:19,peter.martinez098@platform.example.com
,PAY-202009-00000000091,ORD-202009-0000006527,CUST-0000140778,2020-09-05 21:37:56,Debit Card,Success,2751.57,GBP,GBR,Europe,,false,2020-09-05 21:37:56,taylor.cunningham023@commerce.example.com
,PAY-202009-00000000092,ORD-202009-0000005970,CUST-0000148325,2020-09-11 16:04:13,Paytm,Success,2620.03,AUD,AUS,Oceania,,false,2020-09-11 16:04:13,andrea.cummings039@platform.example.com
,PAY-202009-00000000093,ORD-202009-0000004189,CUST-0000136108,2020-09-18 01:43:36,Buy Now Pay Later,Success,968.89,EUR,FRA,Europe,,false,2020-09-18 01:43:36,stephen.clark001@analytics.example.com
,PAY-202009-00000000094,ORD-202009-0000004261,CUST-0000153967,2020-09-15 05:12:33,Gift Card,Failed,701.76,EUR,ITA,Europe,Invalid CVV,false,2020-09-15 05:12:33,timothy.cameron104@commerce.example.com
,PAY-202009-00000000095,ORD-202009-0000001415,CUST-0000143052,2020-09-17 23:39:17,Buy Now Pay Later,Success,1602.95,MXN,MEX,North America,,false,2020-09-17 23:39:17,eric.mullen052@dataops.example.com
,PAY-202009-00000000096,ORD-202009-0000001747,CUST-0000140290,2020-09-02 06:30:21,Credit Card,Success,3256.03,GBP,GBR,Europe,,false,2020-09-02 06:30:21,peter.martinez098@platform.example.com
,PAY-202009-00000000097,ORD-202009-0000001734,CUST-0000141135,2020-09-12 22:19:14,Debit Card,Success,3200.69,EUR,FRA,Europe,,false,2020-09-12 22:19:14,ryan.steele043@commerce.example.com
,PAY-202009-00000000098,ORD-202009-0000001408,CUST-0000136843,2020-09-03 01:56:24,Gift Card,Success,3204.95,EUR,FRA,Europe,,false,2020-09-03 01:56:24,alyssa.richards002@commerce.example.com
,PAY-202009-00000000099,ORD-202009-0000000831,CUST-0000140059,2020-09-15 17:27:17,Buy Now Pay Later,Success,1651.44,AED,ARE,Asia,,false,2020-09-15 17:27:17,michelle.bender024@analytics.example.com
,PAY-202009-00000000100,ORD-202009-0000003829,CUST-0000140462,2020-09-14 03:39:39,Credit Card,Success,331.18,GBP,GBR,Europe,,false,2020-09-14 03:39:39,peter.martinez098@platform.example.com
,PAY-202009-00000000101,ORD-202009-0000002428,CUST-0000148919,2020-09-28 07:05:48,Buy Now Pay Later,Success,2509.99,EUR,ITA,Europe,,false,2020-09-28 07:05:48,timothy.cannon081@analytics.example.com
,PAY-202009-00000000102,ORD-202009-0000001450,CUST-0000144985,2020-09-07 15:42:33,Phonepe,Success,480.95,INR,IND,Asia,,false,2020-09-07 15:42:33,michael.berger060@platform.example.com
,PAY-202009-00000000103,ORD-202009-0000004473,CUST-0000146177,2020-09-20 02:22:29,Gift Card,Success,1722.61,EUR,ESP,Europe,,false,2020-09-20 02:22:29,micheal.hall064@dataops.example.com
,PAY-202009-00000000104,ORD-202009-0000006378,CUST-0000136965,2020-09-01 15:11:37,Buy Now Pay Later,Success,2312.92,INR,IND,Asia,,false,2020-09-01 15:11:37,timothy.cannon081@analytics.example.com
,PAY-202009-00000000105,ORD-202009-0000001407,CUST-0000135737,2020-09-03 11:26:11,Credit Card,Success,2510.11,EUR,ESP,Europe,,false,2020-09-03 11:26:11,maria.ashley046@analytics.example.com
,PAY-202009-00000000106,ORD-202009-0000004777,CUST-0000150627,2020-09-17 12:50:03,PayPal,Success,74.01,BRL,BRA,South America,,false,2020-09-17 12:50:03,kelsey.taylor010@platform.example.com
,PAY-202009-00000000107,ORD-202009-0000004704,CUST-0000143176,2020-09-12 02:38:40,Bank Transfer,Success,460.77,EUR,NLD,Europe,,false,2020-09-12 02:38:40,james.proctor094@dataops.example.com
,PAY-202009-00000000108,ORD-202009-0000002321,CUST-0000139610,2020-09-26 16:47:37,Buy Now Pay Later,Success,766.93,EUR,FRA,Europe,,false,2020-09-26 16:47:37,michael.johnson061@platform.example.com
,PAY-202009-00000000109,ORD-202009-0000000069,CUST-0000138099,2020-09-17 16:30:13,Paytm,Success,2887.43,USD,USA,North America,,false,2020-09-17 16:30:13,eric.horton058@analytics.example.com
,PAY-202009-00000000110,ORD-202009-0000006566,CUST-0000151045,2020-09-05 11:44:46,Debit Card,Success,1565.35,AED,ARE,Asia,,false,2020-09-05 11:44:46,timothy.cameron104@commerce.example.com
,PAY-202009-00000000111,ORD-202009-0000003446,CUST-0000153493,2020-09-29 13:13:39,Buy Now Pay Later,Success,1423.46,AUD,AUS,Oceania,,false,2020-09-29 13:13:39,timothy.cannon081@analytics.example.com
,PAY-202009-00000000112,ORD-202009-0000000235,CUST-0000136536,2020-09-06 13:27:12,Apple Pay,Success,836.64,SGD,SGP,Asia,,false,2020-09-06 13:27:12,taylor.cunningham023@commerce.example.com
,PAY-202009-00000000113,ORD-202009-0000004061,CUST-0000143157,2020-09-22 12:19:04,Gift Card,Success,829.88,EUR,FRA,Europe,,false,2020-09-22 12:19:04,susan.rice083@commerce.example.com
,PAY-202009-00000000114,ORD-202009-0000001467,CUST-0000146120,2020-09-07 07:59:40,Paytm,Success,239.41,BRL,BRA,South America,,false,2020-09-07 07:59:40,ryan.steele043@commerce.example.com
,PAY-202009-00000000115,ORD-202009-0000000440,CUST-0000151108,2020-09-23 03:31:07,Paytm,Success,1297.58,USD,USA,North America,,false,2020-09-23 03:31:07,john.mullins109@commerce.example.com
,PAY-202009-00000000116,ORD-202009-0000000163,CUST-0000142126,2020-09-11 04:41:29,Paytm,Success,2642.17,EUR,DEU,Europe,,false,2020-09-11 04:41:29,andrea.cummings039@platform.example.com
,PAY-202009-00000000117,ORD-202009-0000004834,CUST-0000153797,2020-09-30 01:43:02,Debit Card,Success,1241.16,USD,USA,North America,,false,2020-09-30 01:43:02,peter.martinez098@platform.example.com
,PAY-202009-00000000118,ORD-202009-0000001708,CUST-0000150922,2020-09-25 05:11:56,Gift Card,Success,465.1,USD,USA,North America,,false,2020-09-25 05:11:56,patrick.gonzalez035@dataops.example.com
,PAY-202009-00000000119,ORD-202009-0000000569,CUST-0000136643,2020-09-28 14:35:41,Buy Now Pay Later,Success,1179.9,AED,ARE,Asia,,false,2020-09-28 14:35:41,michelle.bender024@analytics.example.com
,PAY-202009-00000000120,ORD-202009-0000002166,CUST-0000148481,2020-09-29 16:32:04,Phonepe,Success,3242.07,INR,IND,Asia,,false,2020-09-29 16:32:04,andrea.cummings039@platform.example.com
,PAY-202009-00000000121,ORD-202009-0000001016,CUST-0000139095,2020-09-11 23:19:06,Gift Card,Success,1229.89,INR,IND,Asia,,false,2020-09-11 23:19:06,victor.palmer071@platform.example.com
,PAY-202009-00000000122,ORD-202009-0000002552,CUST-0000142143,2020-09-01 16:56:59,Apple Pay,Success,2580.24,EUR,ITA,Europe,,false,2020-09-01 16:56:59,jeffery.miller012@commerce.example.com
,PAY-202009-00000000123,ORD-202009-0000005253,CUST-0000134808,2020-09-08 09:08:05,Phonepe,Success,2892.87,MXN,MEX,North America,,false,2020-09-08 09:08:05,adam.gordon030@commerce.example.com
,PAY-202009-00000000124,ORD-202009-0000005165,CUST-0000152888,2020-09-08 11:08:11,Apple Pay,Success,3484.84,JPY,JPN,Asia,,false,2020-09-08 11:08:11,joseph.johnson049@dataops.example.com
,PAY-202009-00000000125,ORD-202009-0000004707,CUST-0000153221,2020-09-16 01:45:51,Apple Pay,Success,2202.21,GBP,GBR,Europe,,false,2020-09-16 01:45:51,taylor.cunningham023@commerce.example.com
,PAY-202009-00000000126,ORD-202009-0000006538,CUST-0000145771,2020-09-12 06:38:51,Apple Pay,Success,1249.63,INR,IND,Asia,,false,2020-09-12 06:38:51,micheal.chen050@dataops.example.com
,PAY-202009-00000000127,ORD-202009-0000004868,CUST-0000139674,2020-09-19 18:42:47,Buy Now Pay Later,Success,1519.68,GBP,GBR,Europe,,false,2020-09-19 18:42:47,maria.ashley046@analytics.example.com
,PAY-202009-00000000128,ORD-202009-0000004986,CUST-0000138633,2020-09-30 23:21:14,PayPal,Success,2720.71,EUR,FRA,Europe,,false,2020-09-30 23:21:14,john.mullins109@commerce.example.com
,PAY-202009-00000000129,ORD-202009-0000002414,CUST-0000151071,2020-09-17 10:17:44,Credit Card,Success,1397.41,MXN,MEX,North America,,false,2020-09-17 10:17:44,micheal.hall064@dataops.example.com
,PAY-202009-00000000130,ORD-202009-0000000189,CUST-0000152606,2020-09-28 17:17:33,Paytm,Success,1769.24,EUR,FRA,Europe,,false,2020-09-28 17:17:33,timothy.cameron104@commerce.example.com
,PAY-202009-00000000131,ORD-202009-0000001141,CUST-0000151147,2020-09-27 09:35:30,Gift Card,Success,2731.06,EUR,DEU,Europe,,false,2020-09-27 09:35:30,michael.johnson061@platform.example.com
,PAY-202009-00000000132,ORD-202009-0000006001,CUST-0000144471,2020-09-29 20:53:05,Debit Card,Success,3003.6,AED,ARE,Asia,,false,2020-09-29 20:53:05,john.mullins109@commerce.example.com
,PAY-202009-00000000133,ORD-202009-0000004230,CUST-0000146925,2020-09-21 01:57:32,Paytm,Refunded,3305.54,INR,IND,Asia,,true,2020-09-21 01:57:32,eric.horton058@analytics.example.com
,PAY-202009-00000000134,ORD-202009-0000003459,CUST-0000151717,2020-09-08 14:49:18,Buy Now Pay Later,Success,965.28,GBP,GBR,Europe,,false,2020-09-08 14:49:18,alyssa.richards002@commerce.example.com
,PAY-202009-00000000135,ORD-202009-0000003095,CUST-0000149902,2020-09-27 17:05:08,Phonepe,Success,3270.06,EUR,ITA,Europe,,false,2020-09-27 17:05:08,joseph.johnson049@dataops.example.com
,PAY-202009-00000000136,ORD-202009-0000005101,CUST-0000143353,2020-09-26 03:01:39,Phonepe,Success,574.71,AUD,AUS,Oceania,,false,2020-09-26 03:01:39,adam.gordon030@commerce.example.com
,PAY-202009-00000000137,ORD-202009-0000001936,CUST-0000140247,2020-09-08 16:19:36,Google Pay,Pending,2060.07,EUR,ITA,Europe,,false,2020-09-08 16:19:36,tina.williams074@commerce.example.com
,PAY-202009-00000000138,ORD-202009-0000005911,CUST-0000141893,2020-09-02 11:12:41,Buy Now Pay Later,Success,144.59,BRL,BRA,South America,,false,2020-09-02 11:12:41,brandon.yu006@analytics.example.com
,PAY-202009-00000000139,ORD-202009-0000001329,CUST-0000147117,2020-09-15 03:04:38,Gift Card,Success,805.99,EUR,FRA,Europe,,false,2020-09-15 03:04:38,susan.rice083@commerce.example.com
,PAY-202009-00000000140,ORD-202009-0000006395,CUST-0000135119,2020-09-11 05:53:29,Apple Pay,Success,1144.98,SGD,SGP,Asia,,false,2020-09-11 05:53:29,eric.horton058@analytics.example.com
,PAY-202009-00000000141,ORD-202009-0000000691,CUST-0000140308,2020-09-19 00:23:07,Buy Now Pay Later,Success,2963.43,MXN,MEX,North America,,false,2020-09-19 00:23:07,michael.berger060@platform.example.com
,PAY-202009-00000000142,ORD-202009-0000005439,CUST-0000147135,2020-09-03 05:01:26,Debit Card,Success,1716.26,CAD,CAN,North America,,false,2020-09-03 05:01:26,jennifer.bauer068@analytics.example.com
,PAY-202009-00000000143,ORD-202009-0000004596,CUST-0000142105,2020-09-14 05:03:30,Phonepe,Success,709.27,JPY,JPN,Asia,,false,2020-09-14 05:03:30,jennifer.hudson020@analytics.example.com
,PAY-202009-00000000144,ORD-202009-0000002508,CUST-0000135768,2020-09-27 20:21:51,Paytm,Failed,1652.01,EUR,NLD,Europe,Network timeout,false,2020-09-27 20:21:51,victor.palmer071@platform.example.com
,PAY-202009-00000000145,ORD-202009-0000001801,CUST-0000148463,2020-09-03 10:36:18,PayPal,Success,3087.39,BRL,BRA,South America,,false,2020-09-03 10:36:18,victor.palmer071@platform.example.com
,PAY-202009-00000000146,ORD-202009-0000003664,CUST-0000149413,2020-09-27 06:30:09,Apple Pay,Success,3442.78,SGD,SGP,Asia,,false,2020-09-27 06:30:09,jeffery.miller012@commerce.example.com
,PAY-202009-00000000147,ORD-202009-0000001960,CUST-0000138672,2020-09-12 12:55:24,Paytm,Success,2979.32,INR,IND,Asia,,false,2020-09-12 12:55:24,stephen.clark001@analytics.example.com
,PAY-202009-00000000148,ORD-202009-0000001891,CUST-0000146599,2020-09-02 18:10:08,Gift Card,Success,2852.16,EUR,ESP,Europe,,false,2020-09-02 18:10:08,timothy.cameron104@commerce.example.com
,PAY-202009-00000000149,ORD-202009-0000005240,CUST-0000150519,2020-09-01 06:35:07,Buy Now Pay Later,Success,3337.49,AUD,AUS,Oceania,,false,2020-09-01 06:35:07,ashley.marks069@commerce.example.com
,PAY-202009-00000000150,ORD-202009-0000005347,CUST-0000134621,2020-09-24 01:56:25,Apple Pay,Success,11.47,EUR,ITA,Europe,,false,2020-09-24 01:56:25,david.cabrera119@dataops.example.com
,PAY-202009-00000000151,ORD-202009-0000005076,CUST-0000148149,2020-09-07 23:05:04,Apple Pay,Success,234.76,INR,IND,Asia,,false,2020-09-07 23:05:04,lance.williams029@platform.example.com
,PAY-202009-00000000152,ORD-202009-0000003781,CUST-0000141433,2020-09-28 13:26:48,Credit Card,Success,988.66,AED,ARE,Asia,,false,2020-09-28 13:26:48,timothy.cameron104@commerce.example.com
,PAY-202009-00000000153,ORD-202009-0000001384,CUST-0000137513,2020-09-15 15:07:59,Debit Card,Success,1043.02,INR,IND,Asia,,false,2020-09-15 15:07:59,ashley.marks069@commerce.example.com
,PAY-202009-00000000154,ORD-202009-0000000260,CUST-0000153129,2020-09-27 12:18:32,Gift Card,Success,2751.18,JPY,JPN,Asia,,false,2020-09-27 12:18:32,michelle.bender024@analytics.example.com
,PAY-202009-00000000155,ORD-202009-0000005716,CUST-0000147360,2020-09-29 22:14:10,Credit Card,Success,2837.19,CAD,CAN,North America,,false,2020-09-29 22:14:10,peter.martinez098@platform.example.com
,PAY-202009-00000000156,ORD-202009-0000005343,CUST-0000136299,2020-09-13 03:43:54,Phonepe,Success,3315.16,EUR,FRA,Europe,,false,2020-09-13 03:43:54,eric.horton058@analytics.example.com
,PAY-202009-00000000157,ORD-202009-0000003251,CUST-0000147909,2020-09-22 04:19:28,Credit Card,Success,2893.88,MXN,MEX,North America,,false,2020-09-22 04:19:28,joseph.johnson049@dataops.example.com
,PAY-202009-00000000158,ORD-202009-0000005811,CUST-0000151433,2020-09-06 06:46:08,Buy Now Pay Later,Success,1893.57,BRL,BRA,South America,,false,2020-09-06 06:46:08,ashley.marks069@commerce.example.com
,PAY-202009-00000000159,ORD-202009-0000002110,CUST-0000143964,2020-09-03 23:03:49,Debit Card,Success,1547.66,MXN,MEX,North America,,false,2020-09-03 23:03:49,timothy.cannon081@analytics.example.com
,PAY-202009-00000000160,ORD-202009-0000001999,CUST-0000146780,2020-09-01 23:29:34,Debit Card,Success,1292.65,BRL,BRA,South America,,false,2020-09-01 23:29:34,taylor.cunningham023@commerce.example.com
,PAY-202009-00000000161,ORD-202009-0000004664,CUST-0000149727,2020-09-22 21:34:36,Paytm,Success,1881.43,EUR,ESP,Europe,,false,2020-09-22 21:34:36,brandon.yu006@analytics.example.com
,PAY-202009-00000000162,ORD-202009-0000005846,CUST-0000135190,2020-09-24 19:41:38,PayPal,Success,2899.87,JPY,JPN,Asia,,false,2020-09-24 19:41:38,adam.gordon030@commerce.example.com
,PAY-202009-00000000163,ORD-202009-0000005357,CUST-0000153696,2020-09-19 15:04:16,Bank Transfer,Success,12.29,EUR,DEU,Europe,,false,2020-09-19 15:04:16,tina.williams074@commerce.example.com
,PAY-202009-00000000164,ORD-202009-0000006498,CUST-0000141365,2020-09-15 14:23:39,Gift Card,Success,3478.98,EUR,NLD,Europe,,false,2020-09-15 14:23:39,eric.horton058@analytics.example.com
,PAY-202009-00000000165,ORD-202009-0000004264,CUST-0000148754,2020-09-14 06:07:00,Apple Pay,Success,2210.45,JPY,JPN,Asia,,false,2020-09-14 06:07:00,alyssa.richards002@commerce.example.com
,PAY-202009-00000000166,ORD-202009-0000000196,CUST-0000147110,2020-09-01 01:45:56,Buy Now Pay Later,Refunded,2439.18,BRL,BRA,South America,,true,2020-09-01 01:45:56,michael.johnson061@platform.example.com
,PAY-202009-00000000167,ORD-202009-0000004864,CUST-0000150673,2020-09-25 15:01:34,Google Pay,Success,2324.03,GBP,GBR,Europe,,false,2020-09-25 15:01:34,susan.rice083@commerce.example.com
,PAY-202009-00000000168,ORD-202009-0000006129,CUST-0000140134,2020-09-21 14:12:02,PayPal,Success,832.91,GBP,GBR,Europe,,false,2020-09-21 14:12:02,lance.williams029@platform.example.com
,PAY-202009-00000000169,ORD-202009-0000005616,CUST-0000134487,2020-09-07 15:20:46,Bank Transfer,Failed,3171.76,BRL,BRA,South America,Network timeout,false,2020-09-07 15:20:46,ryan.steele043@commerce.example.com
,PAY-202009-00000000170,ORD-202009-0000005244,CUST-0000135257,2020-09-10 04:24:54,Credit Card,Success,2505.42,CAD,CAN,North America,,false,2020-09-10 04:24:54,megan.cunningham013@commerce.example.com
,PAY-202009-00000000171,ORD-202009-0000002003,CUST-0000141771,2020-09-03 10:14:28,Debit Card,Success,3285.8,JPY,JPN,Asia,,false,2020-09-03 10:14:28,stephen.daniels076@commerce.example.com
,PAY-202009-00000000172,ORD-202009-0000001258,CUST-0000150741,2020-09-05 05:06:17,Gift Card,Refunded,2239.68,EUR,ITA,Europe,,true,2020-09-05 05:06:17,eric.mullen052@dataops.example.com
,PAY-202009-00000000173,ORD-202009-0000006382,CUST-0000134425,2020-09-17 08:38:21,Gift Card,Success,743.81,MXN,MEX,North America,,false,2020-09-17 08:38:21,michelle.bender024@analytics.example.com
,PAY-202009-00000000174,ORD-202009-0000004399,CUST-0000147559,2020-09-17 02:07:00,Google Pay,Success,1266.37,MXN,MEX,North America,,false,2020-09-17 02:07:00,ryan.steele043@commerce.example.com
,PAY-202009-00000000175,ORD-202009-0000002489,CUST-0000143655,2020-09-06 20:44:45,Credit Card,Success,859.38,EUR,ITA,Europe,,false,2020-09-06 20:44:45,ryan.steele043@commerce.example.com
,PAY-202009-00000000176,ORD-202009-0000002992,CUST-0000141992,2020-09-02 21:26:12,Apple Pay,Success,868.37,JPY,JPN,Asia,,false,2020-09-02 21:26:12,timothy.cannon081@analytics.example.com
,PAY-202009-00000000177,ORD-202009-0000003907,CUST-0000136425,2020-09-25 09:06:57,Phonepe,Success,3180.97,JPY,JPN,Asia,,false,2020-09-25 09:06:57,michelle.bender024@analytics.example.com
,PAY-202009-00000000178,ORD-202009-0000005260,CUST-0000143870,2020-09-10 14:02:55,Apple Pay,Success,1522.13,BRL,BRA,South America,,false,2020-09-10 14:02:55,john.mullins109@commerce.example.com
,PAY-202009-00000000179,ORD-202009-0000002006,CUST-0000136331,2020-09-22 14:19:38,Debit Card,Success,601.01,GBP,GBR,Europe,,false,2020-09-22 14:19:38,timothy.cameron104@commerce.example.com
,PAY-202009-00000000180,ORD-202009-0000005631,CUST-0000136682,2020-09-23 02:32:49,Apple Pay,Success,1873.79,BRL,BRA,South America,,false,2020-09-23 02:32:49,kelsey.taylor010@platform.example.com
,PAY-202009-00000000181,ORD-202009-0000003151,CUST-0000140894,2020-09-16 22:32:32,Credit Card,Success,2715.76,EUR,FRA,Europe,,false,2020-09-16 22:32:32,tina.williams074@commerce.example.com
,PAY-202009-00000000182,ORD-202009-0000001737,CUST-0000138185,2020-09-04 08:40:41,Credit Card,Success,898.47,EUR,NLD,Europe,,false,2020-09-04 08:40:41,stephen.clark001@analytics.example.com
,PAY-202009-00000000183,ORD-202009-0000006529,CUST-0000134563,2020-09-07 12:17:01,Paytm,Success,3478.82,SGD,SGP,Asia,,false,2020-09-07 12:17:01,alyssa.richards002@commerce.example.com
,PAY-202009-00000000184,ORD-202009-0000001634,CUST-0000135968,2020-09-07 05:55:58,Apple Pay,Success,37.33,EUR,FRA,Europe,,false,2020-09-07 05:55:58,james.proctor094@dataops.example.com
,PAY-202009-00000000185,ORD-202009-0000003186,CUST-0000140524,2020-09-24 06:23:24,PayPal,Success,817.65,EUR,FRA,Europe,,false,2020-09-24 06:23:24,andrea.cummings039@platform.example.com
,PAY-202009-00000000186,ORD-202009-0000000816,CUST-0000153420,2020-09-23 20:14:25,Gift Card,Success,2502.61,CAD,CAN,North America,,false,2020-09-23 20:14:25,joseph.johnson049@dataops.example.com
,PAY-202009-00000000187,ORD-202009-0000003338,CUST-0000147118,2020-09-06 07:03:50,Apple Pay,Success,2550.03,JPY,JPN,Asia,,false,2020-09-06 07:03:50,micheal.chen050@dataops.example.com
,PAY-202009-00000000188,ORD-202009-0000003900,CUST-0000135199,2020-09-02 02:33:47,Paytm,Success,145.02,EUR,DEU,Europe,,false,2020-09-02 02:33:47,james.proctor094@dataops.example.com
,PAY-202009-00000000189,ORD-202009-0000000593,CUST-0000145570,2020-09-24 02:15:17,Google Pay,Success,1443.79,JPY,JPN,Asia,,false,2020-09-24 02:15:17,eric.horton058@analytics.example.com
,PAY-202009-00000000190,ORD-202009-0000002700,CUST-0000145258,2020-09-13 21:31:19,Google Pay,Success,3405.59,MXN,MEX,North America,,false,2020-09-13 21:31:19,taylor.cunningham023@commerce.example.com
,PAY-202009-00000000191,ORD-202009-0000006178,CUST-0000143777,2020-09-03 03:37:50,Credit Card,Success,3036.18,EUR,FRA,Europe,,false,2020-09-03 03:37:50,brandi.carter038@dataops.example.com
,PAY-202009-00000000192,ORD-202009-0000001456,CUST-0000135117,2020-09-02 03:22:37,Paytm,Success,2592.56,SGD,SGP,Asia,,false,2020-09-02 03:22:37,andrea.cummings039@platform.example.com
,PAY-202009-00000000193,ORD-202009-0000005201,CUST-0000148583,2020-09-27 20:01:38,Phonepe,Success,867.77,AED,ARE,Asia,,false,2020-09-27 20:01:38,brandon.yu006@analytics.example.com
,PAY-202009-00000000194,ORD-202009-0000005356,CUST-0000135225,2020-09-30 11:06:27,Bank Transfer,Success,2227.38,EUR,ITA,Europe,,false,2020-09-30 11:06:27,alyssa.richards002@commerce.example.com
,PAY-202009-00000000195,ORD-202009-0000002888,CUST-0000141209,2020-09-14 02:52:58,PayPal,Success,1283.75,AED,ARE,Asia,,false,2020-09-14 02:52:58,taylor.cunningham023@commerce.example.com
,PAY-202009-00000000196,ORD-202009-0000002718,CUST-0000137360,2020-09-12 22:00:20,Debit Card,Success,381.76,AUD,AUS,Oceania,,false,2020-09-12 22:00:20,micheal.chen050@dataops.example.com
,PAY-202009-00000000197,ORD-202009-0000004632,CUST-0000138763,2020-09-16 05:07:15,Bank Transfer,Success,1147.73,EUR,DEU,Europe,,false,2020-09-16 05:07:15,ashley.marks069@commerce.example.com
,PAY-202009-00000000198,ORD-202009-0000006166,CUST-0000147300,2020-09-08 09:00:45,Apple Pay,Success,220.89,MXN,MEX,North America,,false,2020-09-08 09:00:45,maria.ashley046@analytics.example.com
,PAY-202009-00000000199,ORD-202009-0000000220,CUST-0000148580,2020-09-14 18:11:49,Paytm,Success,61.46,EUR,ESP,Europe,,false,2020-09-14 18:11:49,kelsey.taylor010@platform.example.com
,PAY-202009-00000000200,ORD-202009-0000004018,CUST-0000138477,2020-09-23 20:02:47,PayPal,Success,3181.67,EUR,FRA,Europe,,false,2020-09-23 20:02:47,ashley.marks069@commerce.example.com
,PAY-202009-00000000201,ORD-202009-0000004268,CUST-0000143719,2020-09-20 02:16:27,Credit Card,Success,424.2,EUR,ITA,Europe,,false,2020-09-20 02:16:27,tina.williams074@commerce.example.com
,PAY-202009-00000000202,ORD-202009-0000001480,CUST-0000140497,2020-09-10 19:37:17,Credit Card,Success,298.83,INR,IND,Asia,,false,2020-09-10 19:37:17,jennifer.hudson020@analytics.example.com
,PAY-202009-00000000203,ORD-202009-0000002465,CUST-0000145350,2020-09-01 10:18:18,Debit Card,Success,1105.73,EUR,FRA,Europe,,false,2020-09-01 10:18:18,eric.mullen052@dataops.example.com
,PAY-202009-00000000204,ORD-202009-0000002866,CUST-0000148300,2020-09-22 21:27:56,Paytm,Success,480.01,AUD,AUS,Oceania,,false,2020-09-22 21:27:56,jennifer.bauer068@analytics.example.com
,PAY-202009-00000000205,ORD-202009-0000004151,CUST-0000137336,2020-09-24 15:32:01,Apple Pay,Success,853.95,INR,IND,Asia,,false,2020-09-24 15:32:01,adam.gordon030@commerce.example.com
,PAY-202009-00000000206,ORD-202009-0000004668,CUST-0000150725,2020-09-24 10:31:28,Buy Now Pay Later,Failed,3205.39,EUR,ITA,Europe,Invalid CVV,false,2020-09-24 10:31:28,brandi.carter038@dataops.example.com
,PAY-202009-00000000207,ORD-202009-0000001048,CUST-0000150099,2020-09-07 18:29:08,Gift Card,Success,1803.73,EUR,ITA,Europe,,false,2020-09-07 18:29:08,tina.williams074@commerce.example.com
,PAY-202009-00000000208,ORD-202009-0000003668,CUST-0000136187,2020-09-12 00:54:25,Google Pay,Success,2720.4,EUR,NLD,Europe,,false,2020-09-12 00:54:25,adam.gordon030@commerce.example.com
,PAY-202009-00000000209,ORD-202009-0000005098,CUST-0000140717,2020-09-14 23:33:21,Google Pay,Success,1288.56,JPY,JPN,Asia,,false,2020-09-14 23:33:21,david.cabrera119@dataops.example.com
,PAY-202009-00000000210,ORD-202009-0000001632,CUST-0000136424,2020-09-03 11:24:41,PayPal,Success,3190.33,EUR,FRA,Europe,,false,2020-09-03 11:24:41,ryan.steele043@commerce.example.com
,PAY-202009-00000000211,ORD-202009-0000002414,CUST-0000152888,2020-09-21 22:39:17,Paytm,Pending,1904.85,MXN,MEX,North America,,false,2020-09-21 22:39:17,andrea.cummings039@platform.example.com
,PAY-202009-00000000212,ORD-202009-0000004093,CUST-0000152929,2020-09-11 09:23:55,Paytm,Success,2439.49,USD,USA,North America,,false,2020-09-11 09:23:55,timothy.cannon081@analytics.example.com
,PAY-202009-00000000213,ORD-202009-0000002857,CUST-0000140083,2020-09-13 21:05:39,Debit Card,Success,716.19,EUR,FRA,Europe,,false,2020-09-13 21:05:39,jennifer.bauer068@analytics.example.com
,PAY-202009-00000000214,ORD-202009-0000004029,CUST-0000136997,2020-09-08 20:29:41,Apple Pay,Success,2975.02,EUR,ESP,Europe,,false,2020-09-08 20:29:41,micheal.chen050@dataops.example.com
,PAY-202009-00000000215,ORD-202009-0000002189,CUST-0000152099,2020-09-25 18:27:34,Phonepe,Success,2051.75,INR,IND,Asia,,false,2020-09-25 18:27:34,victor.palmer071@platform.example.com
,PAY-202009-00000000216,ORD-202009-0000001257,CUST-0000138476,2020-09-14 09:07:51,Apple Pay,Success,2094.78,EUR,NLD,Europe,,false,2020-09-14 09:07:51,ryan.steele043@commerce.example.com
,PAY-202009-00000000217,ORD-202009-0000000339,CUST-0000135389,2020-09-24 05:23:49,Gift Card,Success,403.87,GBP,GBR,Europe,,false,2020-09-24 05:23:49,andrea.cummings039@platform.example.com
,PAY-202009-00000000218,ORD-202009-0000004383,CUST-0000153770,2020-09-16 06:59:02,Bank Transfer,Success,3444.84,AED,ARE,Asia,,false,2020-09-16 06:59:02,john.mullins109@commerce.example.com
,PAY-202009-00000000219,ORD-202009-0000000679,CUST-0000144134,2020-09-10 03:27:44,Credit Card,Pending,127.92,EUR,FRA,Europe,,false,2020-09-10 03:27:44,michelle.bender024@analytics.example.com
,PAY-202009-00000000220,ORD-202009-0000000758,CUST-0000145186,2020-09-26 15:40:27,Phonepe,Success,2480.26,MXN,MEX,North America,,false,2020-09-26 15:40:27,alyssa.richards002@commerce.example.com
,PAY-202009-00000000221,ORD-202009-0000006221,CUST-0000140060,2020-09-10 05:37:03,Bank Transfer,Success,621.59,INR,IND,Asia,,false,2020-09-10 05:37:03,tina.williams074@commerce.example.com
,PAY-202009-00000000222,ORD-202009-0000003636,CUST-0000148653,2020-09-07 00:06:20,Debit Card,Success,3286.83,USD,USA,North America,,false,2020-09-07 00:06:20,andrea.cummings039@platform.example.com
,PAY-202009-00000000223,ORD-202009-0000003250,CUST-0000145488,2020-09-17 08:16:51,Paytm,Success,317.67,AUD,AUS,Oceania,,false,2020-09-17 08:16:51,kelsey.taylor010@platform.example.com
,PAY-202009-00000000224,ORD-202009-0000004281,CUST-0000151255,2020-09-01 02:48:34,Apple Pay,Refunded,895.35,SGD,SGP,Asia,,true,2020-09-01 02:48:34,alyssa.richards002@commerce.example.com
,PAY-202009-00000000225,ORD-202009-0000001608,CUST-0000136474,2020-09-05 20:21:31,Apple Pay,Success,2780.26,EUR,ITA,Europe,,false,2020-09-05 20:21:31,micheal.hall064@dataops.example.com
,PAY-202009-00000000226,ORD-202009-0000004485,CUST-0000140695,2020-09-06 20:41:58,Debit Card,Success,605.97,MXN,MEX,North America,,false,2020-09-06 20:41:58,brandon.yu006@analytics.example.com
,PAY-202009-00000000227,ORD-202009-0000001857,CUST-0000152328,2020-09-16 14:10:16,Debit Card,Success,2341.68,EUR,ESP,Europe,,false,2020-09-16 14:10:16,eric.mullen052@dataops.example.com
,PAY-202009-00000000228,ORD-202009-0000002921,CUST-0000143501,2020-09-30 08:50:04,Bank Transfer,Success,1107.47,EUR,ITA,Europe,,false,2020-09-30 08:50:04,brandi.carter038@dataops.example.com
,PAY-202009-00000000229,ORD-202009-0000006416,CUST-0000135964,2020-09-10 01:15:57,Phonepe,Success,1806.35,EUR,FRA,Europe,,false,2020-09-10 01:15:57,ashley.marks069@commerce.example.com
,PAY-202009-00000000230,ORD-202009-0000000743,CUST-0000153823,2020-09-13 03:57:32,Gift Card,Success,3379.8,EUR,DEU,Europe,,false,2020-09-13 03:57:32,eric.mullen052@dataops.example.com
,PAY-202009-00000000231,ORD-202009-0000004623,CUST-0000138811,2020-09-07 23:36:32,Gift Card,Success,2793.76,EUR,NLD,Europe,,false,2020-09-07 23:36:32,ryan.steele043@commerce.example.com
,PAY-202009-00000000232,ORD-202009-0000005946,CUST-0000146700,2020-09-17 08:48:28,Google Pay,Success,3344.12,AUD,AUS,Oceania,,false,2020-09-17 08:48:28,tina.williams074@commerce.example.com
,PAY-202009-00000000233,ORD-202009-0000006507,CUST-0000150229,2020-09-10 19:25:26,Phonepe,Success,1230.27,CAD,CAN,North America,,false,2020-09-10 19:25:26,david.cabrera119@dataops.example.com
,PAY-202009-00000000234,ORD-202009-0000003038,CUST-0000146806,2020-09-25 21:08:31,Credit Card,Success,3441.9,EUR,NLD,Europe,,false,2020-09-25 21:08:31,lance.williams029@platform.example.com
,PAY-202009-00000000235,ORD-202009-0000000180,CUST-0000138440,2020-09-16 02:00:31,Phonepe,Success,2250.22,SGD,SGP,Asia,,false,2020-09-16 02:00:31,alyssa.richards002@commerce.example.com
,PAY-202009-00000000236,ORD-202009-0000005841,CUST-0000140524,2020-09-20 15:37:13,PayPal,Success,2405.14,MXN,MEX,North America,,false,2020-09-20 15:37:13,jennifer.hudson020@analytics.example.com
,PAY-202009-00000000237,ORD-202009-0000004353,CUST-0000148564,2020-09-14 08:07:46,Google Pay,Success,1320.78,EUR,ESP,Europe,,false,2020-09-14 08:07:46,lance.williams029@platform.example.com
,PAY-202009-00000000238,ORD-202009-0000001096,CUST-0000135657,2020-09-25 07:05:08,Google Pay,Success,937.31,CAD,CAN,North America,,false,2020-09-25 07:05:08,ashley.marks069@commerce.example.com
,PAY-202009-00000000239,ORD-202009-0000001790,CUST-0000147579,2020-09-17 07:04:40,Paytm,Success,2396.95,CAD,CAN,North America,,false,2020-09-17 07:04:40,victor.palmer071@platform.example.com
,PAY-202009-00000000240,ORD-202009-0000006377,CUST-0000146102,2020-09-01 12:24:58,Phonepe,Success,2896.0,GBP,GBR,Europe,,false,2020-09-01 12:24:58,james.proctor094@dataops.example.com
,PAY-202009-00000000241,ORD-202009-0000003317,CUST-0000152094,2020-09-02 16:38:50,Paytm,Refunded,962.88,EUR,DEU,Europe,,true,2020-09-02 16:38:50,stephen.clark001@analytics.example.com
,PAY-202009-00000000242,ORD-202009-0000002733,CUST-0000144093,2020-09-23 20:54:25,Google Pay,Success,1424.92,EUR,FRA,Europe,,false,2020-09-23 20:54:25,michelle.bender024@analytics.example.com
,PAY-202009-00000000243,ORD-202009-0000004536,CUST-0000139624,2020-09-16 16:39:51,Google Pay,Success,1066.97,USD,USA,North America,,false,2020-09-16 16:39:51,timothy.cannon081@analytics.example.com
,PAY-202009-00000000244,ORD-202009-0000006561,CUST-0000136255,2020-09-10 18:52:11,Credit Card,Success,1588.32,JPY,JPN,Asia,,false,2020-09-10 18:52:11,adam.gordon030@commerce.example.com
,PAY-202009-00000000245,ORD-202009-0000005774,CUST-0000148841,2020-09-01 16:10:26,Google Pay,Success,3472.1,AED,ARE,Asia,,false,2020-09-01 16:10:26,john.mullins109@commerce.example.com
,PAY-202009-00000000246,ORD-202009-0000000355,CUST-0000146311,2020-09-09 09:53:16,Buy Now Pay Later,Success,3352.19,AED,ARE,Asia,,false,2020-09-09 09:53:16,victor.palmer071@platform.example.com
,PAY-202009-00000000247,ORD-202009-0000006120,CUST-0000136849,2020-09-27 05:00:43,PayPal,Success,2457.26,MXN,MEX,North America,,false,2020-09-27 05:00:43,michael.johnson061@platform.example.com
,PAY-202009-00000000248,ORD-202009-0000004085,CUST-0000137419,2020-09-01 03:34:46,Gift Card,Success,2397.66,EUR,ITA,Europe,,false,2020-09-01 03:34:46,michelle.sims041@analytics.example.com
,PAY-202009-00000000249,ORD-202009-0000002756,CUST-0000140458,2020-09-25 16:43:51,Credit Card,Success,2452.01,USD,USA,North America,,false,2020-09-25 16:43:51,andrea.cummings039@platform.example.com
,PAY-202009-00000000250,ORD-202009-0000004272,CUST-0000141937,2020-09-07 12:18:22,Buy Now Pay Later,Success,821.35,EUR,ESP,Europe,,false,2020-09-07 12:18:22,michelle.sims041@analytics.example.com
,PAY-202009-00000000251,ORD-202009-0000004886,CUST-0000148660,2020-09-19 16:45:45,Paytm,Success,3310.7,EUR,DEU,Europe,,false,2020-09-19 16:45:45,ryan.steele043@commerce.example.com
,PAY-202009-00000000252,ORD-202009-0000004168,CUST-0000136232,2020-09-16 06:53:50,Apple Pay,Refunded,1546.47,SGD,SGP,Asia,,true,2020-09-16 06:53:50,jeffery.miller012@commerce.example.com
,PAY-202009-00000000253,ORD-202009-0000004388,CUST-0000151438,2020-09-06 05:33:30,Debit Card,Success,475.53,EUR,DEU,Europe,,false,2020-09-06 05:33:30,stephen.daniels076@commerce.example.com
,PAY-202009-00000000254,ORD-202009-0000002863,CUST-0000135354,2020-09-13 20:07:03,Gift Card,Success,370.74,INR,IND,Asia,,false,2020-09-13 20:07:03,michael.berger060@platform.example.com
,PAY-202009-00000000255,ORD-202009-0000000226,CUST-0000138115,2020-09-14 04:28:01,Credit Card,Success,3227.02,CAD,CAN,North America,,false,2020-09-14 04:28:01,james.proctor094@dataops.example.com
,PAY-202009-00000000256,ORD-202009-0000004771,CUST-0000140384,2020-09-20 15:00:08,PayPal,Success,2684.62,EUR,DEU,Europe,,false,2020-09-20 15:00:08,eric.mullen052@dataops.example.com
,PAY-202009-00000000257,ORD-202009-0000003713,CUST-0000139724,2020-09-12 22:58:19,Apple Pay,Success,2711.28,EUR,FRA,Europe,,false,2020-09-12 22:58:19,timothy.cameron104@commerce.example.com
,PAY-202009-00000000258,ORD-202009-0000005769,CUST-0000144349,2020-09-16 17:42:21,Bank Transfer,Success,2330.3,AUD,AUS,Oceania,,false,2020-09-16 17:42:21,megan.cunningham013@commerce.example.com
,PAY-202009-00000000259,ORD-202009-0000002528,CUST-0000136947,2020-09-15 11:57:26,PayPal,Success,799.25,MXN,MEX,North America,,false,2020-09-15 11:57:26,adam.gordon030@commerce.example.com
,PAY-202009-00000000260,ORD-202009-0000002140,CUST-0000137644,2020-09-30 13:12:43,Bank Transfer,Success,3179.25,SGD,SGP,Asia,,false,2020-09-30 13:12:43,brandon.yu006@analytics.example.com
,PAY-202009-00000000261,ORD-202009-0000004567,CUST-0000141514,2020-09-18 07:15:00,Paytm,Success,1568.43,INR,IND,Asia,,false,2020-09-18 07:15:00,micheal.hall064@dataops.example.com
,PAY-202009-00000000262,ORD-202009-0000002681,CUST-0000150107,2020-09-21 21:08:42,Paytm,Pending,1065.01,JPY,JPN,Asia,,false,2020-09-21 21:08:42,jeffery.miller012@commerce.example.com
,PAY-202009-00000000263,ORD-202009-0000003354,CUST-0000150045,2020-09-17 12:37:51,Phonepe,Success,3216.23,EUR,FRA,Europe,,false,2020-09-17 12:37:51,taylor.cunningham023@commerce.example.com
,PAY-202009-00000000264,ORD-202009-0000000579,CUST-0000149494,2020-09-09 21:14:53,Google Pay,Success,891.88,USD,USA,North America,,false,2020-09-09 21:14:53,jennifer.hudson020@analytics.example.com
,PAY-202009-00000000265,ORD-202009-0000001098,CUST-0000139119,2020-09-12 11:16:18,Buy Now Pay Later,Success,958.79,GBP,GBR,Europe,,false,2020-09-12 11:16:18,james.proctor094@dataops.example.com
,PAY-202009-00000000266,ORD-202009-0000004864,CUST-0000135476,2020-09-24 12:08:08,Apple Pay,Success,3270.08,EUR,ITA,Europe,,false,2020-09-24 12:08:08,tina.williams074@commerce.example.com
,PAY-202009-00000000267,ORD-202009-0000000000,CUST-0000146325,2020-09-24 13:50:46,Credit Card,Success,183.74,MXN,MEX,North America,,false,2020-09-24 13:50:46,brandon.yu006@analytics.example.com
,PAY-202009-00000000268,ORD-202009-0000002760,CUST-0000143930,2020-09-19 21:08:47,Bank Transfer,Success,2225.7,INR,IND,Asia,,false,2020-09-19 21:08:47,david.cabrera119@dataops.example.com
,PAY-202009-00000000269,ORD-202009-0000003455,CUST-0000151281,2020-09-14 20:19:46,Buy Now Pay Later,Success,1404.69,EUR,ESP,Europe,,false,2020-09-14 20:19:46,timothy.cannon081@analytics.example.com
,PAY-202009-00000000270,ORD-202009-0000004765,CUST-0000149537,2020-09-08 16:47:35,Debit Card,Success,635.67,SGD,SGP,Asia,,false,2020-09-08 16:47:35,jennifer.bauer068@analytics.example.com
,PAY-202009-00000000271,ORD-202009-0000003456,CUST-0000147259,2020-09-29 08:25:38,Gift Card,Success,2707.28,GBP,GBR,Europe,,false,2020-09-29 08:25:38,jeffery.miller012@commerce.example.com
,PAY-202009-00000000272,ORD-202009-0000005943,CUST-0000153654,2020-09-21 18:13:10,Google Pay,Success,950.95,EUR,ITA,Europe,,false,2020-09-21 18:13:10,ryan.steele043@commerce.example.com
,PAY-202009-00000000273,ORD-202009-0000003989,CUST-0000143454,2020-09-10 13:20:57,PayPal,Success,3229.39,MXN,MEX,North America,,false,2020-09-10 13:20:57,micheal.hall064@dataops.example.com
,PAY-202009-00000000274,ORD-202009-0000005479,CUST-0000145860,2020-09-22 21:49:06,PayPal,Success,514.35,EUR,NLD,Europe,,false,2020-09-22 21:49:06,ryan.steele043@commerce.example.com
,PAY-202009-00000000275,ORD-202009-0000003094,CUST-0000139677,2020-09-26 09:46:31,Gift Card,Failed,3205.57,GBP,GBR,Europe,Invalid CVV,false,2020-09-26 09:46:31,eric.mullen052@dataops.example.com
,PAY-202009-00000000276,ORD-202009-0000000744,CUST-0000143044,2020-09-25 15:01:30,Apple Pay,Success,3179.14,EUR,DEU,Europe,,false,2020-09-25 15:01:30,susan.rice083@commerce.example.com
,PAY-202009-00000000277,ORD-202009-0000004028,CUST-0000151572,2020-09-15 16:39:49,Google Pay,Success,3378.61,EUR,DEU,Europe,,false,2020-09-15 16:39:49,joseph.johnson049@dataops.example.com
,PAY-202009-00000000278,ORD-202009-0000004537,CUST-0000147519,2020-09-25 14:16:35,PayPal,Success,321.01,JPY,JPN,Asia,,false,2020-09-25 14:16:35,peter.martinez098@platform.example.com
,PAY-202009-00000000279,ORD-202009-0000006177,CUST-0000151107,2020-09-17 14:16:04,Bank Transfer,Success,1643.62,JPY,JPN,Asia,,false,2020-09-17 14:16:04,brandon.yu006@analytics.example.com
,PAY-202009-00000000280,ORD-202009-0000002291,CUST-0000137961,2020-09-30 04:34:10,Apple Pay,Success,2868.66,INR,IND,Asia,,false,2020-09-30 04:34:10,jennifer.bauer068@analytics.example.com
,PAY-202009-00000000281,ORD-202009-0000004832,CUST-0000148114,2020-09-11 06:24:41,Google Pay,Success,2312.34,JPY,JPN,Asia,,false,2020-09-11 06:24:41,ashley.marks069@commerce.example.com
,PAY-202009-00000000282,ORD-202009-0000006512,CUST-0000139583,2020-09-07 05:30:54,Paytm,Success,1461.06,AUD,AUS,Oceania,,false,2020-09-07 05:30:54,ashley.marks069@commerce.example.com
,PAY-202009-00000000283,ORD-202009-0000006237,CUST-0000145872,2020-09-20 05:01:11,Bank Transfer,Success,798.63,GBP,GBR,Europe,,false,2020-09-20 05:01:11,megan.cunningham013@commerce.example.com
,PAY-202009-00000000284,ORD-202009-0000002141,CUST-0000144157,2020-09-21 19:15:29,Google Pay,Failed,2725.25,EUR,ITA,Europe,Invalid CVV,false,2020-09-21 19:15:29,kelsey.taylor010@platform.example.com
,PAY-202009-00000000285,ORD-202009-0000005726,CUST-0000147333,2020-09-10 11:05:36,Paytm,Success,2686.22,GBP,GBR,Europe,,false,2020-09-10 11:05:36,eric.horton058@analytics.example.com
,PAY-202009-00000000286,ORD-202009-0000005568,CUST-0000137929,2020-09-22 00:53:45,Buy Now Pay Later,Success,55.41,INR,IND,Asia,,false,2020-09-22 00:53:45,michelle.bender024@analytics.example.com
,PAY-202009-00000000287,ORD-202009-0000004471,CUST-0000135339,2020-09-07 04:37:37,Google Pay,Success,1150.62,EUR,ITA,Europe,,false,2020-09-07 04:37:37,jennifer.bauer068@analytics.example.com
,PAY-202009-00000000288,ORD-202009-0000001466,CUST-0000136647,2020-09-13 16:00:16,Debit Card,Success,2466.74,BRL,BRA,South America,,false,2020-09-13 16:00:16,ryan.steele043@commerce.example.com
,PAY-202009-00000000289,ORD-202009-0000001458,CUST-0000140037,2020-09-11 14:06:02,Bank Transfer,Success,1877.18,GBP,GBR,Europe,,false,2020-09-11 14:06:02,tina.williams074@commerce.example.com
,PAY-202009-00000000290,ORD-202009-0000005681,CUST-0000138315,2020-09-05 19:26:41,Phonepe,Pending,944.33,MXN,MEX,North America,,false,2020-09-05 19:26:41,megan.cunningham013@commerce.example.com
,PAY-202009-00000000291,ORD-202009-0000001767,CUST-0000149870,2020-09-23 16:10:04,Paytm,Success,2772.09,MXN,MEX,North America,,false,2020-09-23 16:10:04,susan.rice083@commerce.example.com
,PAY-202009-00000000292,ORD-202009-0000000491,CUST-0000136841,2020-09-21 13:45:01,Google Pay,Success,184.93,EUR,FRA,Europe,,false,2020-09-21 13:45:01,micheal.hall064@dataops.example.com
,PAY-202009-00000000293,ORD-202009-0000005617,CUST-0000138442,2020-09-17 00:16:07,Paytm,Success,1615.0,CAD,CAN,North America,,false,2020-09-17 00:16:07,michelle.sims041@analytics.example.com
,PAY-202009-00000000294,ORD-202009-0000000303,CUST-0000151148,2020-09-18 04:38:25,Google Pay,Success,395.94,JPY,JPN,Asia,,false,2020-09-18 04:38:25,jennifer.bauer068@analytics.example.com
,PAY-202009-00000000295,ORD-202009-0000003693,CUST-0000151065,2020-09-25 19:39:38,Phonepe,Success,1281.8,USD,USA,North America,,false,2020-09-25 19:39:38,ryan.steele043@commerce.example.com
,PAY-202009-00000000296,ORD-202009-0000001944,CUST-0000145261,2020-09-20 03:39:08,PayPal,Success,3105.78,GBP,GBR,Europe,,false,2020-09-20 03:39:08,brandi.carter038@dataops.example.com
,PAY-202009-00000000297,ORD-202009-0000000730,CUST-0000142765,2020-09-30 17:27:30,Paytm,Success,1827.07,BRL,BRA,South America,,false,2020-09-30 17:27:30,john.mullins109@commerce.example.com
,PAY-202009-00000000298,ORD-202009-0000002030,CUST-0000139483,2020-09-02 01:22:45,Debit Card,Success,758.8,USD,USA,North America,,false,2020-09-02 01:22:45,ryan.steele043@commerce.example.com
,PAY-202009-00000000299,ORD-202009-0000002189,CUST-0000150958,2020-09-14 00:07:36,Gift Card,Success,2017.6,BRL,BRA,South America,,false,2020-09-14 00:07:36,stephen.clark001@analytics.example.com
,PAY-202009-00000000300,ORD-202009-0000002653,CUST-0000148751,2020-09-15 00:04:03,Paytm,Success,2473.94,AED,ARE,Asia,,false,2020-09-15 00:04:03,brandon.yu006@analytics.example.com
,PAY-202009-00000000301,ORD-202009-0000001313,CUST-0000141021,2020-09-19 15:55:10,Apple Pay,Success,179.06,EUR,FRA,Europe,,false,2020-09-19 15:55:10,taylor.cunningham023@commerce.example.com
,PAY-202009-00000000302,ORD-202009-0000002197,CUST-0000142049,2020-09-21 14:17:19,Credit Card,Success,2533.31,SGD,SGP,Asia,,false,2020-09-21 14:17:19,eric.horton058@analytics.example.com
,PAY-202009-00000000303,ORD-202009-0000001074,CUST-0000139110,2020-09-16 11:55:02,Buy Now Pay Later,Success,1141.95,EUR,ESP,Europe,,false,2020-09-16 11:55:02,lance.williams029@platform.example.com
,PAY-202009-00000000304,ORD-202009-0000002719,CUST-0000150441,2020-09-22 21:26:58,Phonepe,Success,752.56,CAD,CAN,North America,,false,2020-09-22 21:26:58,jennifer.bauer068@analytics.example.com
,PAY-202009-00000000305,ORD-202009-0000000537,CUST-0000150703,2020-09-03 17:40:52,Credit Card,Pending,1630.6,SGD,SGP,Asia,,false,2020-09-03 17:40:52,stephen.daniels076@commerce.example.com
,PAY-202009-00000000306,ORD-202009-0000003003,CUST-0000151357,2020-09-06 01:51:42,Debit Card,Success,680.7,EUR,ITA,Europe,,false,2020-09-06 01:51:42,jennifer.hudson020@analytics.example.com
,PAY-202009-00000000307,ORD-202009-0000003068,CUST-0000152980,2020-09-09 06:16:10,Debit Card,Success,2546.71,EUR,ITA,Europe,,false,2020-09-09 06:16:10,peter.martinez098@platform.example.com
,PAY-202009-00000000308,ORD-202009-0000000335,CUST-0000147266,2020-09-15 00:08:58,Gift Card,Success,2290.74,CAD,CAN,North America,,false,2020-09-15 00:08:58,micheal.chen050@dataops.example.com
,PAY-202009-00000000309,ORD-202009-0000000970,CUST-0000151460,2020-09-25 11:13:18,Bank Transfer,Success,1577.5,MXN,MEX,North America,,false,2020-09-25 11:13:18,brandon.yu006@analytics.example.com
,PAY-202009-00000000310,ORD-202009-0000001995,CUST-0000151434,2020-09-27 05:31:53,Buy Now Pay Later,Success,1427.15,AUD,AUS,Oceania,,false,2020-09-27 05:31:53,john.mullins109@commerce.example.com
,PAY-202009-00000000311,ORD-202009-0000003630,CUST-0000135635,2020-09-18 19:38:53,Buy Now Pay Later,Success,1630.79,AUD,AUS,Oceania,,false,2020-09-18 19:38:53,patrick.gonzalez035@dataops.example.com
,PAY-202009-00000000312,ORD-202009-0000005220,CUST-0000137219,2020-09-03 09:27:32,Bank Transfer,Success,274.25,EUR,DEU,Europe,,false,2020-09-03 09:27:32,micheal.chen050@dataops.example.com
,PAY-202009-00000000313,ORD-202009-0000002366,CUST-0000152990,2020-09-25 18:01:20,Debit Card,Success,293.95,MXN,MEX,North America,,false,2020-09-25 18:01:20,peter.martinez098@platform.example.com
,PAY-202009-00000000314,ORD-202009-0000000524,CUST-0000143047,2020-09-19 22:46:28,Credit Card,Success,2336.66,EUR,DEU,Europe,,false,2020-09-19 22:46:28,stephen.clark001@analytics.example.com
,PAY-202009-00000000315,ORD-202009-0000005102,CUST-0000136011,2020-09-20 12:19:18,PayPal,Success,2481.64,EUR,FRA,Europe,,false,2020-09-20 12:19:18,lance.williams029@platform.example.com
,PAY-202009-00000000316,ORD-202009-0000006258,CUST-0000140102,2020-09-05 07:58:49,Buy Now Pay Later,Success,2445.49,AED,ARE,Asia,,false,2020-09-05 07:58:49,adam.gordon030@commerce.example.com
,PAY-202009-00000000317,ORD-202009-0000003749,CUST-0000147212,2020-09-28 20:21:13,Phonepe,Success,1195.31,MXN,MEX,North America,,false,2020-09-28 20:21:13,kelsey.taylor010@platform.example.com
,PAY-202009-00000000318,ORD-202009-0000000508,CUST-0000140672,2020-09-01 09:05:14,Buy Now Pay Later,Success,2863.63,USD,USA,North America,,false,2020-09-01 09:05:14,joseph.johnson049@dataops.example.com
,PAY-202009-00000000319,ORD-202009-0000005787,CUST-0000148407,2020-09-26 08:41:12,Phonepe,Success,520.91,MXN,MEX,North America,,false,2020-09-26 08:41:12,brandon.yu006@analytics.example.com
,PAY-202009-00000000320,ORD-202009-0000000475,CUST-0000144959,2020-09-28 12:56:10,Buy Now Pay Later,Success,2835.46,GBP,GBR,Europe,,false,2020-09-28 12:56:10,michelle.sims041@analytics.example.com
,PAY-202009-00000000321,ORD-202009-0000006364,CUST-0000137721,2020-09-16 10:53:58,Bank Transfer,Success,3024.52,EUR,DEU,Europe,,false,2020-09-16 10:53:58,stephen.daniels076@commerce.example.com
,PAY-202009-00000000322,ORD-202009-0000003828,CUST-0000149889,2020-09-10 05:20:15,Debit Card,Success,1634.27,EUR,NLD,Europe,,false,2020-09-10 05:20:15,brandi.carter038@dataops.example.com
,PAY-202009-00000000323,ORD-202009-0000006225,CUST-0000136010,2020-09-26 21:36:31,Google Pay,Success,724.89,MXN,MEX,North America,,false,2020-09-26 21:36:31,peter.martinez098@platform.example.com
,PAY-202009-00000000324,ORD-202009-0000001074,CUST-0000149411,2020-09-21 21:55:39,Phonepe,Success,2130.62,USD,USA,North America,,false,2020-09-21 21:55:39,david.cabrera119@dataops.example.com
,PAY-202009-00000000325,ORD-202009-0000004307,CUST-0000138914,2020-09-05 14:58:21,Gift Card,Success,3139.85,EUR,ITA,Europe,,false,2020-09-05 14:58:21,susan.rice083@commerce.example.com
,PAY-202009-00000000326,ORD-202009-0000006062,CUST-0000140566,2020-09-26 11:44:29,Paytm,Success,1044.92,EUR,ESP,Europe,,false,2020-09-26 11:44:29,micheal.hall064@dataops.example.com
,PAY-202009-00000000327,ORD-202009-0000003335,CUST-0000144180,2020-09-29 05:08:55,Buy Now Pay Later,Success,2885.96,AUD,AUS,Oceania,,false,2020-09-29 05:08:55,adam.gordon030@commerce.example.com
,PAY-202009-00000000328,ORD-202009-0000002220,CUST-0000141979,2020-09-30 13:08:22,Gift Card,Success,3220.48,AED,ARE,Asia,,false,2020-09-30 13:08:22,joseph.johnson049@dataops.example.com
,PAY-202009-00000000329,ORD-202009-0000003136,CUST-0000145816,2020-09-27 15:08:45,Debit Card,Success,1576.84,EUR,ITA,Europe,,false,2020-09-27 15:08:45,eric.mullen052@dataops.example.com
,PAY-202009-00000000330,ORD-202009-0000003542,CUST-0000141155,2020-09-15 15:32:48,Paytm,Success,2395.46,GBP,GBR,Europe,,false,2020-09-15 15:32:48,stephen.daniels076@commerce.example.com
,PAY-202009-00000000331,ORD-202009-0000004913,CUST-0000138868,2020-09-19 14:05:28,Bank Transfer,Success,28.96,MXN,MEX,North America,,false,2020-09-19 14:05:28,michelle.bender024@analytics.example.com
,PAY-202009-00000000332,ORD-202009-0000000636,CUST-0000142180,2020-09-22 14:47:21,Credit Card,Success,143.95,BRL,BRA,South America,,false,2020-09-22 14:47:21,jennifer.bauer068@analytics.example.com
,PAY-202009-00000000333,ORD-202009-0000002391,CUST-0000136636,2020-09-29 13:34:23,Debit Card,Success,975.88,EUR,NLD,Europe,,false,2020-09-29 13:34:23,timothy.cannon081@analytics.example.com
,PAY-202009-00000000334,ORD-202009-0000002463,CUST-0000141991,2020-09-02 21:39:24,Google Pay,Success,3098.18,USD,USA,North America,,false,2020-09-02 21:39:24,patrick.gonzalez035@dataops.example.com
,PAY-202009-00000000335,ORD-202009-0000003626,CUST-0000142705,2020-09-03 11:49:46,Gift Card,Success,1416.56,GBP,GBR,Europe,,false,2020-09-03 11:49:46,eric.horton058@analytics.example.com
,PAY-202009-00000000336,ORD-202009-0000004742,CUST-0000153892,2020-09-14 12:32:48,Paytm,Success,2191.71,MXN,MEX,North America,,false,2020-09-14 12:32:48,lance.williams029@platform.example.com
,PAY-202009-00000000337,ORD-202009-0000000225,CUST-0000135064,2020-09-27 09:20:35,Gift Card,Success,2677.38,USD,USA,North America,,false,2020-09-27 09:20:35,micheal.hall064@dataops.example.com
,PAY-202009-00000000338,ORD-202009-0000005620,CUST-0000150991,2020-09-30 07:56:31,Credit Card,Success,3216.1,SGD,SGP,Asia,,false,2020-09-30 07:56:31,brandon.yu006@analytics.example.com
,PAY-202009-00000000339,ORD-202009-0000004705,CUST-0000138372,2020-09-22 12:11:40,Phonepe,Success,1560.68,BRL,BRA,South America,,false,2020-09-22 12:11:40,michael.johnson061@platform.example.com
,PAY-202009-00000000340,ORD-202009-0000004102,CUST-0000151995,2020-09-27 13:03:11,Debit Card,Success,3176.6,INR,IND,Asia,,false,2020-09-27 13:03:11,michelle.sims041@analytics.example.com
,PAY-202009-00000000341,ORD-202009-0000002587,CUST-0000138095,2020-09-13 07:13:19,Gift Card,Success,3401.29,SGD,SGP,Asia,,false,2020-09-13 07:13:19,megan.cunningham013@commerce.example.com
,PAY-202009-00000000342,ORD-202009-0000003264,CUST-0000140472,2020-09-05 20:01:37,Buy Now Pay Later,Success,2263.47,USD,USA,North America,,false,2020-09-05 20:01:37,brandi.carter038@dataops.example.com
,PAY-202009-00000000343,ORD-202009-0000004699,CUST-0000147151,2020-09-08 21:00:45,Apple Pay,Success,812.08,EUR,ESP,Europe,,false,2020-09-08 21:00:45,john.mullins109@commerce.example.com
,PAY-202009-00000000344,ORD-202009-0000006200,CUST-0000151770,2020-09-16 16:15:28,Buy Now Pay Later,Success,2491.5,EUR,NLD,Europe,,false,2020-09-16 16:15:28,peter.martinez098@platform.example.com
,PAY-202009-00000000345,ORD-202009-0000000720,CUST-0000145102,2020-09-07 21:51:15,Google Pay,Success,2676.11,GBP,GBR,Europe,,false,2020-09-07 21:51:15,brandi.carter038@dataops.example.com
,PAY-202009-00000000346,ORD-202009-0000001667,CUST-0000143417,2020-09-30 06:36:00,Google Pay,Success,189.61,EUR,DEU,Europe,,false,2020-09-30 06:36:00,megan.cunningham013@commerce.example.com
,PAY-202009-00000000347,ORD-202009-0000002829,CUST-0000141519,2020-09-17 08:54:36,PayPal,Success,2124.33,EUR,NLD,Europe,,false,2020-09-17 08:54:36,stephen.clark001@analytics.example.com
,PAY-202009-00000000348,ORD-202009-0000000484,CUST-0000144886,2020-09-23 10:02:01,Buy Now Pay Later,Success,1797.18,INR,IND,Asia,,false,2020-09-23 10:02:01,stephen.daniels076@commerce.example.com
,PAY-202009-00000000349,ORD-202009-0000003400,CUST-0000143530,2020-09-04 01:02:24,Buy Now Pay Later,Success,186.76,USD,USA,North America,,false,2020-09-04 01:02:24,maria.ashley046@analytics.example.com
,PAY-202009-00000000350,ORD-202009-0000004896,CUST-0000140226,2020-09-12 01:38:58,Gift Card,Success,1897.66,AUD,AUS,Oceania,,false,2020-09-12 01:38:58,jennifer.bauer068@analytics.example.com
,PAY-202009-00000000351,ORD-202009-0000002829,CUST-0000148842,2020-09-22 04:32:55,PayPal,Success,2401.67,JPY,JPN,Asia,,false,2020-09-22 04:32:55,taylor.cunningham023@commerce.example.com
,PAY-202009-00000000352,ORD-202009-0000003360,CUST-0000147968,2020-09-14 06:12:49,Google Pay,Pending,143.21,BRL,BRA,South America,,false,2020-09-14 06:12:49,ryan.steele043@commerce.example.com
,PAY-202009-00000000353,ORD-202009-0000002165,CUST-0000148938,2020-09-13 07:55:03,Buy Now Pay Later,Success,1988.15,JPY,JPN,Asia,,false,2020-09-13 07:55:03,megan.cunningham013@commerce.example.com
,PAY-202009-00000000354,ORD-202009-0000000330,CUST-0000151012,2020-09-25 00:31:43,Debit Card,Success,579.52,SGD,SGP,Asia,,false,2020-09-25 00:31:43,eric.horton058@analytics.example.com
,PAY-202009-00000000355,ORD-202009-0000005113,CUST-0000138712,2020-09-15 20:52:38,PayPal,Success,2742.24,BRL,BRA,South America,,false,2020-09-15 20:52:38,stephen.daniels076@commerce.example.com
,PAY-202009-00000000356,ORD-202009-0000006305,CUST-0000134606,2020-09-06 22:52:37,Paytm,Success,1256.82,EUR,ITA,Europe,,false,2020-09-06 22:52:37,james.proctor094@dataops.example.com
,PAY-202009-00000000357,ORD-202009-0000005440,CUST-0000151962,2020-09-09 14:00:36,Phonepe,Success,190.02,EUR,NLD,Europe,,false,2020-09-09 14:00:36,eric.horton058@analytics.example.com
,PAY-202009-00000000358,ORD-202009-0000004590,CUST-0000136821,2020-09-25 13:42:21,Google Pay,Failed,1741.02,INR,IND,Asia,Invalid CVV,false,2020-09-25 13:42:21,lance.williams029@platform.example.com
,PAY-202009-00000000359,ORD-202009-0000000520,CUST-0000146847,2020-09-17 09:07:52,Paytm,Success,1999.69,BRL,BRA,South America,,false,2020-09-17 09:07:52,tina.williams074@commerce.example.com
,PAY-202009-00000000360,ORD-202009-0000001509,CUST-0000141394,2020-09-02 07:12:55,Paytm,Success,1527.46,AUD,AUS,Oceania,,false,2020-09-02 07:12:55,peter.martinez098@platform.example.com
,PAY-202009-00000000361,ORD-202009-0000003291,CUST-0000134443,2020-09-11 01:42:55,Apple Pay,Failed,1192.42,MXN,MEX,North America,Invalid CVV,false,2020-09-11 01:42:55,patrick.gonzalez035@dataops.example.com
,PAY-202009-00000000362,ORD-202009-0000001842,CUST-0000149869,2020-09-09 15:14:08,Bank Transfer,Success,2743.12,JPY,JPN,Asia,,false,2020-09-09 15:14:08,david.cabrera119@dataops.example.com
,PAY-202009-00000000363,ORD-202009-0000000332,CUST-0000146270,2020-09-11 21:27:27,Paytm,Success,2904.46,BRL,BRA,South America,,false,2020-09-11 21:27:27,jennifer.hudson020@analytics.example.com
,PAY-202009-00000000364,ORD-202009-0000004758,CUST-0000153647,2020-09-26 22:02:02,Paytm,Success,510.29,EUR,FRA,Europe,,false,2020-09-26 22:02:02,michael.johnson061@platform.example.com
,PAY-202009-00000000365,ORD-202009-0000002292,CUST-0000153885,2020-09-03 06:23:27,Bank Transfer,Success,2407.26,AED,ARE,Asia,,false,2020-09-03 06:23:27,joseph.johnson049@dataops.example.com
,PAY-202009-00000000366,ORD-202009-0000005942,CUST-0000147412,2020-09-20 18:42:30,Apple Pay,Success,3205.51,AED,ARE,Asia,,false,2020-09-20 18:42:30,jeffery.miller012@commerce.example.com
,PAY-202009-00000000367,ORD-202009-0000001505,CUST-0000138042,2020-09-03 20:41:32,Credit Card,Success,3315.96,EUR,ESP,Europe,,false,2020-09-03 20:41:32,kelsey.taylor010@platform.example.com
,PAY-202009-00000000368,ORD-202009-0000005804,CUST-0000141157,2020-09-30 20:17:35,Debit Card,Success,2911.84,SGD,SGP,Asia,,false,2020-09-30 20:17:35,lance.williams029@platform.example.com
,PAY-202009-00000000369,ORD-202009-0000003596,CUST-0000138219,2020-09-25 17:48:49,Bank Transfer,Success,3091.11,MXN,MEX,North America,,false,2020-09-25 17:48:49,jeffery.miller012@commerce.example.com
,PAY-202009-00000000370,ORD-202009-0000000731,CUST-0000149110,2020-09-01 23:42:03,PayPal,Success,1263.52,BRL,BRA,South America,,false,2020-09-01 23:42:03,james.proctor094@dataops.example.com
,PAY-202009-00000000371,ORD-202009-0000003816,CUST-0000140466,2020-09-01 04:38:32,Paytm,Success,3223.83,AED,ARE,Asia,,false,2020-09-01 04:38:32,stephen.daniels076@commerce.example.com
,PAY-202009-00000000372,ORD-202009-0000002622,CUST-0000152055,2020-09-01 02:28:34,Google Pay,Success,1069.1,EUR,NLD,Europe,,false,2020-09-01 02:28:34,taylor.cunningham023@commerce.example.com
,PAY-202009-00000000373,ORD-202009-0000005625,CUST-0000150165,2020-09-30 09:05:38,Paytm,Success,3482.57,CAD,CAN,North America,,false,2020-09-30 09:05:38,brandi.carter038@dataops.example.com
,PAY-202009-00000000374,ORD-202009-0000002553,CUST-0000144453,2020-09-24 20:17:28,Phonepe,Failed,1648.53,AUD,AUS,Oceania,Insufficient funds,false,2020-09-24 20:17:28,eric.mullen052@dataops.example.com
,PAY-202009-00000000375,ORD-202009-0000001463,CUST-0000152786,2020-09-28 12:05:34,Debit Card,Pending,1226.86,USD,USA,North America,,false,2020-09-28 12:05:34,micheal.chen050@dataops.example.com
,PAY-202009-00000000376,ORD-202009-0000004918,CUST-0000136208,2020-09-18 04:23:11,Phonepe,Pending,3281.3,AED,ARE,Asia,,false,2020-09-18 04:23:11,micheal.chen050@dataops.example.com
,PAY-202009-00000000377,ORD-202009-0000006179,CUST-0000142301,2020-09-01 10:57:28,Buy Now Pay Later,Success,141.23,EUR,ITA,Europe,,false,2020-09-01 10:57:28,megan.cunningham013@commerce.example.com
,PAY-202009-00000000378,ORD-202009-0000002938,CUST-0000149089,2020-09-03 18:14:26,Phonepe,Success,584.14,EUR,FRA,Europe,,false,2020-09-03 18:14:26,micheal.chen050@dataops.example.com
,PAY-202009-00000000379,ORD-202009-0000005726,CUST-0000150770,2020-09-01 11:14:55,Debit Card,Success,203.16,EUR,DEU,Europe,,false,2020-09-01 11:14:55,michelle.bender024@analytics.example.com
,PAY-202009-00000000380,ORD-202009-0000004159,CUST-0000134637,2020-09-12 21:04:06,Phonepe,Success,1676.99,EUR,DEU,Europe,,false,2020-09-12 21:04:06,timothy.cannon081@analytics.example.com
,PAY-202009-00000000381,ORD-202009-0000002755,CUST-0000152700,2020-09-09 01:55:58,Buy Now Pay Later,Success,1608.14,BRL,BRA,South America,,false,2020-09-09 01:55:58,eric.mullen052@dataops.example.com
,PAY-202009-00000000382,ORD-202009-0000004550,CUST-0000150112,2020-09-22 20:40:14,Bank Transfer,Success,2020.68,CAD,CAN,North America,,false,2020-09-22 20:40:14,alyssa.richards002@commerce.example.com
,PAY-202009-00000000383,ORD-202009-0000005864,CUST-0000141148,2020-09-22 05:33:28,Credit Card,Success,1657.99,EUR,ESP,Europe,,false,2020-09-22 05:33:28,tina.williams074@commerce.example.com
,PAY-202009-00000000384,ORD-202009-0000004032,CUST-0000147258,2020-09-07 21:13:33,Phonepe,Success,1566.01,AED,ARE,Asia,,false,2020-09-07 21:13:33,joseph.johnson049@dataops.example.com
,PAY-202009-00000000385,ORD-202009-0000005777,CUST-0000135790,2020-09-22 01:19:49,Apple Pay,Success,2358.63,USD,USA,North America,,false,2020-09-22 01:19:49,james.proctor094@dataops.example.com
,PAY-202009-00000000386,ORD-202009-0000001662,CUST-0000143015,2020-09-11 12:53:39,Debit Card,Success,2201.29,INR,IND,Asia,,false,2020-09-11 12:53:39,maria.ashley046@analytics.example.com
,PAY-202009-00000000387,ORD-202009-0000001349,CUST-0000151129,2020-09-04 05:20:44,PayPal,Refunded,2773.0,CAD,CAN,North America,,true,2020-09-04 05:20:44,jeffery.miller012@commerce.example.com
,PAY-202009-00000000388,ORD-202009-0000004641,CUST-0000143103,2020-09-19 18:09:02,PayPal,Success,3444.21,AUD,AUS,Oceania,,false,2020-09-19 18:09:02,timothy.cameron104@commerce.example.com
,PAY-202009-00000000389,ORD-202009-0000000623,CUST-0000135078,2020-09-28 11:20:02,Debit Card,Success,833.83,SGD,SGP,Asia,,false,2020-09-28 11:20:02,peter.martinez098@platform.example.com
,PAY-202009-00000000390,ORD-202009-0000000874,CUST-0000147746,2020-09-26 14:58:07,Google Pay,Success,3281.4,EUR,ESP,Europe,,false,2020-09-26 14:58:07,victor.palmer071@platform.example.com
,PAY-202009-00000000391,ORD-202009-0000002120,CUST-0000152299,2020-09-26 21:53:43,PayPal,Success,180.5,JPY,JPN,Asia,,false,2020-09-26 21:53:43,david.cabrera119@dataops.example.com
,PAY-202009-00000000392,ORD-202009-0000004078,CUST-0000146682,2020-09-11 00:19:17,Debit Card,Success,3250.38,EUR,DEU,Europe,,false,2020-09-11 00:19:17,lance.williams029@platform.example.com
,PAY-202009-00000000393,ORD-202009-0000002871,CUST-0000143366,2020-09-25 07:01:03,Bank Transfer,Success,3234.81,EUR,ITA,Europe,,false,2020-09-25 07:01:03,stephen.clark001@analytics.example.com
,PAY-202009-00000000394,ORD-202009-0000006561,CUST-0000145199,2020-09-13 11:33:58,Apple Pay,Failed,1096.55,EUR,NLD,Europe,Fraud check failed,false,2020-09-13 11:33:58,eric.horton058@analytics.example.com
,PAY-202009-00000000395,ORD-202009-0000001833,CUST-0000151548,2020-09-11 07:10:06,Debit Card,Success,1566.12,GBP,GBR,Europe,,false,2020-09-11 07:10:06,megan.cunningham013@commerce.example.com
,PAY-202009-00000000396,ORD-202009-0000003599,CUST-0000148818,2020-09-20 23:48:34,Google Pay,Success,834.01,JPY,JPN,Asia,,false,2020-09-20 23:48:34,adam.gordon030@commerce.example.com
,PAY-202009-00000000397,ORD-202009-0000005929,CUST-0000152777,2020-09-05 22:48:51,Gift Card,Success,2147.34,MXN,MEX,North America,,false,2020-09-05 22:48:51,tina.williams074@commerce.example.com
,PAY-202009-00000000398,ORD-202009-0000000644,CUST-0000147529,2020-09-17 13:40:08,Gift Card,Success,1241.84,INR,IND,Asia,,false,2020-09-17 13:40:08,jeffery.miller012@commerce.example.com
,PAY-202009-00000000399,ORD-202009-0000005388,CUST-0000136573,2020-09-13 02:42:53,Bank Transfer,Success,2201.73,EUR,DEU,Europe,,false,2020-09-13 02:42:53,megan.cunningham013@commerce.example.com
,PAY-202009-00000000400,ORD-202009-0000005371,CUST-0000141659,2020-09-10 08:30:43,PayPal,Success,3499.92,GBP,GBR,Europe,,false,2020-09-10 08:30:43,jeffery.miller012@commerce.example.com
,PAY-202009-00000000401,ORD-202009-0000000650,CUST-0000153469,2020-09-26 08:42:37,Bank Transfer,Success,844.81,EUR,DEU,Europe,,false,2020-09-26 08:42:37,jennifer.bauer068@analytics.example.com
,PAY-202009-00000000402,ORD-202009-0000001232,CUST-0000141045,2020-09-20 15:17:56,PayPal,Success,1414.72,EUR,ESP,Europe,,false,2020-09-20 15:17:56,ryan.steele043@commerce.example.com
,PAY-202009-00000000403,ORD-202009-0000000771,CUST-0000142231,2020-09-22 04:15:44,Apple Pay,Success,1029.99,AUD,AUS,Oceania,,false,2020-09-22 04:15:44,tina.williams074@commerce.example.com
,PAY-202009-00000000404,ORD-202009-0000004890,CUST-0000152252,2020-09-18 04:28:21,Paytm,Success,2459.11,BRL,BRA,South America,,false,2020-09-18 04:28:21,jeffery.miller012@commerce.example.com
,PAY-202009-00000000405,ORD-202009-0000003406,CUST-0000146304,2020-09-30 02:35:41,Buy Now Pay Later,Failed,1755.55,MXN,MEX,North America,Invalid CVV,false,2020-09-30 02:35:41,micheal.chen050@dataops.example.com
,PAY-202009-00000000406,ORD-202009-0000001141,CUST-0000141123,2020-09-25 22:45:16,Google Pay,Success,3032.09,EUR,DEU,Europe,,false,2020-09-25 22:45:16,taylor.cunningham023@commerce.example.com
,PAY-202009-00000000407,ORD-202009-0000004190,CUST-0000134477,2020-09-19 04:14:13,Debit Card,Success,2781.92,GBP,GBR,Europe,,false,2020-09-19 04:14:13,james.proctor094@dataops.example.com
,PAY-202009-00000000408,ORD-202009-0000000230,CUST-0000150611,2020-09-25 07:49:27,PayPal,Success,114.78,EUR,ITA,Europe,,false,2020-09-25 07:49:27,michelle.sims041@analytics.example.com
,PAY-202009-00000000409,ORD-202009-0000003185,CUST-0000154031,2020-09-08 17:38:29,Apple Pay,Success,766.31,EUR,NLD,Europe,,false,2020-09-08 17:38:29,alyssa.richards002@commerce.example.com
,PAY-202009-00000000410,ORD-202009-0000001365,CUST-0000137458,2020-09-26 13:53:17,Apple Pay,Success,2438.07,AUD,AUS,Oceania,,false,2020-09-26 13:53:17,brandon.yu006@analytics.example.com
,PAY-202009-00000000411,ORD-202009-0000004594,CUST-0000136544,2020-09-12 08:28:43,Google Pay,Success,2762.31,EUR,FRA,Europe,,false,2020-09-12 08:28:43,peter.martinez098@platform.example.com
,PAY-202009-00000000412,ORD-202009-0000001648,CUST-0000143042,2020-09-17 06:05:06,Phonepe,Success,299.01,AED,ARE,Asia,,false,2020-09-17 06:05:06,ashley.marks069@commerce.example.com
,PAY-202009-00000000413,ORD-202009-0000005903,CUST-0000144666,2020-09-18 05:27:37,Apple Pay,Success,29.26,SGD,SGP,Asia,,false,2020-09-18 05:27:37,micheal.chen050@dataops.example.com
,PAY-202009-00000000414,ORD-202009-0000000470,CUST-0000137139,2020-09-09 05:27:18,Google Pay,Success,1498.86,CAD,CAN,North America,,false,2020-09-09 05:27:18,jennifer.bauer068@analytics.example.com
,PAY-202009-00000000415,ORD-202009-0000000180,CUST-0000144930,2020-09-22 21:13:22,Paytm,Success,2550.04,EUR,NLD,Europe,,false,2020-09-22 21:13:22,michelle.sims041@analytics.example.com
,PAY-202009-00000000416,ORD-202009-0000003447,CUST-0000142070,2020-09-10 13:51:15,Paytm,Success,1839.68,EUR,ESP,Europe,,false,2020-09-10 13:51:15,brandi.carter038@dataops.example.com
,PAY-202009-00000000417,ORD-202009-0000003249,CUST-0000147802,2020-09-28 13:27:57,Buy Now Pay Later,Success,2019.36,MXN,MEX,North America,,false,2020-09-28 13:27:57,jennifer.hudson020@analytics.example.com
,PAY-202009-00000000418,ORD-202009-0000000305,CUST-0000146430,2020-09-18 14:36:56,Gift Card,Refunded,2289.78,BRL,BRA,South America,,true,2020-09-18 14:36:56,stephen.daniels076@commerce.example.com
,PAY-202009-00000000419,ORD-202009-0000003040,CUST-0000149093,2020-09-03 10:19:00,Bank Transfer,Success,2959.94,EUR,ESP,Europe,,false,2020-09-03 10:19:00,maria.ashley046@analytics.example.com
,PAY-202009-00000000420,ORD-202009-0000002961,CUST-0000149784,2020-09-05 21:03:44,Google Pay,Success,2565.91,EUR,DEU,Europe,,false,2020-09-05 21:03:44,timothy.cannon081@analytics.example.com
,PAY-202009-00000000421,ORD-202009-0000005193,CUST-0000136281,2020-09-08 06:32:16,Gift Card,Success,2534.96,AED,ARE,Asia,,false,2020-09-08 06:32:16,michael.johnson061@platform.example.com
,PAY-202009-00000000422,ORD-202009-0000004593,CUST-0000140920,2020-09-20 13:03:04,Gift Card,Success,1639.96,MXN,MEX,North America,,false,2020-09-20 13:03:04,john.mullins109@commerce.example.com
,PAY-202009-00000000423,ORD-202009-0000005815,CUST-0000147414,2020-09-28 08:58:48,Bank Transfer,Success,1855.46,CAD,CAN,North America,,false,2020-09-28 08:58:48,stephen.clark001@analytics.example.com
,PAY-202009-00000000424,ORD-202009-0000004001,CUST-0000146586,2020-09-17 22:56:30,Paytm,Success,2858.51,CAD,CAN,North America,,false,2020-09-17 22:56:30,andrea.cummings039@platform.example.com
,PAY-202009-00000000425,ORD-202009-0000005652,CUST-0000140355,2020-09-25 05:48:54,Buy Now Pay Later,Success,193.08,INR,IND,Asia,,false,2020-09-25 05:48:54,andrea.cummings039@platform.example.com
,PAY-202009-00000000426,ORD-202009-0000002121,CUST-0000153497,2020-09-29 12:53:06,Phonepe,Success,3002.39,EUR,ESP,Europe,,false,2020-09-29 12:53:06,taylor.cunningham023@commerce.example.com
,PAY-202009-00000000427,ORD-202009-0000000594,CUST-0000153047,2020-09-17 17:09:36,PayPal,Success,2595.38,AED,ARE,Asia,,false,2020-09-17 17:09:36,adam.gordon030@commerce.example.com
,PAY-202009-00000000428,ORD-202009-0000004147,CUST-0000141629,2020-09-07 03:57:35,PayPal,Success,3255.11,EUR,ESP,Europe,,false,2020-09-07 03:57:35,brandon.yu006@analytics.example.com
,PAY-202009-00000000429,ORD-202009-0000003920,CUST-0000135512,2020-09-29 16:20:17,Debit Card,Success,3386.04,USD,USA,North America,,false,2020-09-29 16:20:17,maria.ashley046@analytics.example.com
,PAY-202009-00000000430,ORD-202009-0000005487,CUST-0000137180,2020-09-18 21:47:42,Buy Now Pay Later,Success,788.29,BRL,BRA,South America,,false,2020-09-18 21:47:42,michael.johnson061@platform.example.com
,PAY-202009-00000000431,ORD-202009-0000005182,CUST-0000138973,2020-09-28 00:01:11,PayPal,Success,197.66,GBP,GBR,Europe,,false,2020-09-28 00:01:11,michael.johnson061@platform.example.com
,PAY-202009-00000000432,ORD-202009-0000003006,CUST-0000153456,2020-09-01 04:07:22,Apple Pay,Success,2874.24,EUR,ESP,Europe,,false,2020-09-01 04:07:22,david.cabrera119@dataops.example.com
,PAY-202009-00000000433,ORD-202009-0000001977,CUST-0000140180,2020-09-24 03:16:07,Phonepe,Success,15.05,MXN,MEX,North America,,false,2020-09-24 03:16:07,ashley.marks069@commerce.example.com
,PAY-202009-00000000434,ORD-202009-0000003334,CUST-0000148285,2020-09-18 14:14:44,Paytm,Success,864.5,AUD,AUS,Oceania,,false,2020-09-18 14:14:44,kelsey.taylor010@platform.example.com
,PAY-202009-00000000435,ORD-202009-0000005833,CUST-0000138170,2020-09-19 16:01:27,PayPal,Failed,127.8,CAD,CAN,North America,Invalid CVV,false,2020-09-19 16:01:27,lance.williams029@platform.example.com
,PAY-202009-00000000436,ORD-202009-0000001252,CUST-0000141880,2020-09-25 15:23:56,Paytm,Success,780.2,AED,ARE,Asia,,false,2020-09-25 15:23:56,susan.rice083@commerce.example.com
,PAY-202009-00000000437,ORD-202009-0000001207,CUST-0000145472,2020-09-15 17:10:22,Credit Card,Success,39.34,JPY,JPN,Asia,,false,2020-09-15 17:10:22,tina.williams074@commerce.example.com
,PAY-202009-00000000438,ORD-202009-0000002279,CUST-0000137860,2020-09-04 23:04:55,Apple Pay,Failed,1013.12,AUD,AUS,Oceania,Card declined,false,2020-09-04 23:04:55,megan.cunningham013@commerce.example.com
,PAY-202009-00000000439,ORD-202009-0000001007,CUST-0000146529,2020-09-16 07:46:18,Gift Card,Success,1577.81,EUR,NLD,Europe,,false,2020-09-16 07:46:18,alyssa.richards002@commerce.example.com
,PAY-202009-00000000440,ORD-202009-0000004630,CUST-0000152895,2020-09-19 02:29:49,Credit Card,Success,374.4,EUR,FRA,Europe,,false,2020-09-19 02:29:49,ryan.steele043@commerce.example.com
,PAY-202009-00000000441,ORD-202009-0000003141,CUST-0000143853,2020-09-08 19:22:22,Buy Now Pay Later,Success,1362.34,EUR,ESP,Europe,,false,2020-09-08 19:22:22,micheal.hall064@dataops.example.com
,PAY-202009-00000000442,ORD-202009-0000004346,CUST-0000146953,2020-09-17 06:00:01,Apple Pay,Failed,1462.2,EUR,ESP,Europe,Network timeout,false,2020-09-17 06:00:01,micheal.hall064@dataops.example.com
,PAY-202009-00000000443,ORD-202009-0000003592,CUST-0000137689,2020-09-19 18:33:03,Apple Pay,Success,158.22,JPY,JPN,Asia,,false,2020-09-19 18:33:03,john.mullins109@commerce.example.com
,PAY-202009-00000000444,ORD-202009-0000004541,CUST-0000149273,2020-09-09 21:20:05,Buy Now Pay Later,Success,3345.22,EUR,ESP,Europe,,false,2020-09-09 21:20:05,michelle.bender024@analytics.example.com
,PAY-202009-00000000445,ORD-202009-0000000985,CUST-0000136283,2020-09-22 05:18:41,Gift Card,Success,2273.54,GBP,GBR,Europe,,false,2020-09-22 05:18:41,ashley.marks069@commerce.example.com
,PAY-202009-00000000446,ORD-202009-0000000350,CUST-0000154050,2020-09-02 16:42:17,Debit Card,Success,2678.81,JPY,JPN,Asia,,false,2020-09-02 16:42:17,ashley.marks069@commerce.example.com
,PAY-202009-00000000447,ORD-202009-0000001473,CUST-0000140837,2020-09-15 21:30:38,Paytm,Success,540.42,USD,USA,North America,,false,2020-09-15 21:30:38,brandon.yu006@analytics.example.com
,PAY-202009-00000000448,ORD-202009-0000003712,CUST-0000153317,2020-09-27 16:35:04,Gift Card,Success,3364.72,EUR,NLD,Europe,,false,2020-09-27 16:35:04,brandon.yu006@analytics.example.com
,PAY-202009-00000000449,ORD-202009-0000003131,CUST-0000149667,2020-09-14 09:34:55,Apple Pay,Success,1341.06,MXN,MEX,North America,,false,2020-09-14 09:34:55,brandon.yu006@analytics.example.com
,PAY-202009-00000000450,ORD-202009-0000001250,CUST-0000144181,2020-09-26 07:05:12,Apple Pay,Success,3235.31,JPY,JPN,Asia,,false,2020-09-26 07:05:12,brandi.carter038@dataops.example.com
,PAY-202009-00000000451,ORD-202009-0000002306,CUST-0000150011,2020-09-01 07:26:35,Buy Now Pay Later,Success,1078.71,SGD,SGP,Asia,,false,2020-09-01 07:26:35,ashley.marks069@commerce.example.com
,PAY-202009-00000000452,ORD-202009-0000002877,CUST-0000140548,2020-09-14 19:21:03,Gift Card,Success,619.7,EUR,FRA,Europe,,false,2020-09-14 19:21:03,david.cabrera119@dataops.example.com
,PAY-202009-00000000453,ORD-202009-0000002603,CUST-0000151354,2020-09-05 07:43:10,PayPal,Success,669.91,EUR,ESP,Europe,,false,2020-09-05 07:43:10,michael.johnson061@platform.example.com
,PAY-202009-00000000454,ORD-202009-0000004559,CUST-0000139614,2020-09-23 21:57:41,PayPal,Success,899.72,EUR,ITA,Europe,,false,2020-09-23 21:57:41,jennifer.bauer068@analytics.example.com
,PAY-202009-00000000455,ORD-202009-0000001685,CUST-0000142029,2020-09-20 16:19:51,Apple Pay,Success,2664.61,JPY,JPN,Asia,,false,2020-09-20 16:19:51,michelle.bender024@analytics.example.com
,PAY-202009-00000000456,ORD-202009-0000004003,CUST-0000152163,2020-09-24 00:53:29,Debit Card,Success,2031.34,EUR,ITA,Europe,,false,2020-09-24 00:53:29,ashley.marks069@commerce.example.com
,PAY-202009-00000000457,ORD-202009-0000005845,CUST-0000153966,2020-09-23 11:31:05,Apple Pay,Success,1662.99,EUR,ESP,Europe,,false,2020-09-23 11:31:05,ashley.marks069@commerce.example.com
,PAY-202009-00000000458,ORD-202009-0000001334,CUST-0000144558,2020-09-08 04:52:36,Debit Card,Success,2524.2,EUR,ESP,Europe,,false,2020-09-08 04:52:36,patrick.gonzalez035@dataops.example.com
,PAY-202009-00000000459,ORD-202009-0000004229,CUST-0000138218,2020-09-06 11:20:32,Google Pay,Success,3424.18,AUD,AUS,Oceania,,false,2020-09-06 11:20:32,timothy.cameron104@commerce.example.com
,PAY-202009-00000000460,ORD-202009-0000005111,CUST-0000151801,2020-09-20 10:16:45,Debit Card,Success,2329.13,JPY,JPN,Asia,,false,2020-09-20 10:16:45,patrick.gonzalez035@dataops.example.com
,PAY-202009-00000000461,ORD-202009-0000002408,CUST-0000150407,2020-09-05 19:00:55,Phonepe,Success,3140.59,GBP,GBR,Europe,,false,2020-09-05 19:00:55,adam.gordon030@commerce.example.com
,PAY-202009-00000000462,ORD-202009-0000004483,CUST-0000152052,2020-09-23 11:04:59,Buy Now Pay Later,Success,1227.3,MXN,MEX,North America,,false,2020-09-23 11:04:59,timothy.cannon081@analytics.example.com
,PAY-202009-00000000463,ORD-202009-0000006159,CUST-0000148591,2020-09-26 06:42:34,Debit Card,Success,2395.48,MXN,MEX,North America,,false,2020-09-26 06:42:34,alyssa.richards002@commerce.example.com
,PAY-202009-00000000464,ORD-202009-0000005510,CUST-0000136116,2020-09-15 11:16:39,Debit Card,Success,2561.21,SGD,SGP,Asia,,false,2020-09-15 11:16:39,ryan.steele043@commerce.example.com
,PAY-202009-00000000465,ORD-202009-0000004780,CUST-0000139159,2020-09-23 01:35:11,PayPal,Success,3098.45,EUR,ITA,Europe,,false,2020-09-23 01:35:11,brandon.yu006@analytics.example.com
,PAY-202009-00000000466,ORD-202009-0000000358,CUST-0000135976,2020-09-07 10:29:49,Google Pay,Success,1694.89,BRL,BRA,South America,,false,2020-09-07 10:29:49,peter.martinez098@platform.example.com
,PAY-202009-00000000467,ORD-202009-0000002792,CUST-0000136663,2020-09-05 18:51:00,Bank Transfer,Success,1540.71,INR,IND,Asia,,false,2020-09-05 18:51:00,lance.williams029@platform.example.com
,PAY-202009-00000000468,ORD-202009-0000006033,CUST-0000142271,2020-09-28 05:19:48,Google Pay,Success,1152.61,AUD,AUS,Oceania,,false,2020-09-28 05:19:48,timothy.cameron104@commerce.example.com
,PAY-202009-00000000469,ORD-202009-0000002373,CUST-0000144890,2020-09-17 08:56:10,PayPal,Pending,2521.31,USD,USA,North America,,false,2020-09-17 08:56:10,patrick.gonzalez035@dataops.example.com
,PAY-202009-00000000470,ORD-202009-0000001005,CUST-0000147598,2020-09-05 00:37:15,Paytm,Success,3440.51,MXN,MEX,North America,,false,2020-09-05 00:37:15,michelle.sims041@analytics.example.com
,PAY-202009-00000000471,ORD-202009-0000004418,CUST-0000135546,2020-09-27 08:56:40,Buy Now Pay Later,Success,1854.23,SGD,SGP,Asia,,false,2020-09-27 08:56:40,michael.johnson061@platform.example.com
,PAY-202009-00000000472,ORD-202009-0000005297,CUST-0000140701,2020-09-11 11:04:01,Phonepe,Success,1225.19,EUR,ESP,Europe,,false,2020-09-11 11:04:01,timothy.cannon081@analytics.example.com
,PAY-202009-00000000473,ORD-202009-0000001567,CUST-0000152670,2020-09-17 18:33:44,PayPal,Refunded,434.9,GBP,GBR,Europe,,true,2020-09-17 18:33:44,brandi.carter038@dataops.example.com
,PAY-202009-00000000474,ORD-202009-0000003346,CUST-0000138617,2020-09-15 06:10:24,Phonepe,Success,2797.17,EUR,ESP,Europe,,false,2020-09-15 06:10:24,michelle.bender024@analytics.example.com
,PAY-202009-00000000475,ORD-202009-0000002389,CUST-0000140901,2020-09-10 23:58:03,Debit Card,Success,3267.89,EUR,ITA,Europe,,false,2020-09-10 23:58:03,michael.johnson061@platform.example.com
,PAY-202009-00000000476,ORD-202009-0000000512,CUST-0000141245,2020-09-29 22:04:33,Credit Card,Success,149.19,EUR,NLD,Europe,,false,2020-09-29 22:04:33,lance.williams029@platform.example.com
,PAY-202009-00000000477,ORD-202009-0000004891,CUST-0000142584,2020-09-27 13:21:27,Paytm,Success,2564.85,JPY,JPN,Asia,,false,2020-09-27 13:21:27,michelle.bender024@analytics.example.com
,PAY-202009-00000000478,ORD-202009-0000000644,CUST-0000151540,2020-09-02 10:59:47,Gift Card,Refunded,3360.39,USD,USA,North America,,true,2020-09-02 10:59:47,jeffery.miller012@commerce.example.com
,PAY-202009-00000000479,ORD-202009-0000004031,CUST-0000137448,2020-09-17 14:03:27,Apple Pay,Success,2842.27,EUR,DEU,Europe,,false,2020-09-17 14:03:27,taylor.cunningham023@commerce.example.com
,PAY-202009-00000000480,ORD-202009-0000000044,CUST-0000149226,2020-09-25 18:10:27,Paytm,Failed,1014.41,EUR,FRA,Europe,Card declined,false,2020-09-25 18:10:27,susan.rice083@commerce.example.com
,PAY-202009-00000000481,ORD-202009-0000000499,CUST-0000144016,2020-09-26 13:31:50,Bank Transfer,Success,1891.8,EUR,ITA,Europe,,false,2020-09-26 13:31:50,michael.berger060@platform.example.com
,PAY-202009-00000000482,ORD-202009-0000006481,CUST-0000151608,2020-09-21 07:03:21,Google Pay,Success,511.74,EUR,ITA,Europe,,false,2020-09-21 07:03:21,victor.palmer071@platform.example.com
,PAY-202009-00000000483,ORD-202009-0000003356,CUST-0000149964,2020-09-20 20:20:54,Google Pay,Success,2937.45,SGD,SGP,Asia,,false,2020-09-20 20:20:54,brandi.carter038@dataops.example.com
,PAY-202009-00000000484,ORD-202009-0000004641,CUST-0000141926,2020-09-07 14:16:08,Gift Card,Success,1902.51,AED,ARE,Asia,,false,2020-09-07 14:16:08,megan.cunningham013@commerce.example.com
,PAY-202009-00000000485,ORD-202009-0000005049,CUST-0000136236,2020-09-13 21:32:28,Buy Now Pay Later,Success,3283.29,USD,USA,North America,,false,2020-09-13 21:32:28,kelsey.taylor010@platform.example.com
,PAY-202009-00000000486,ORD-202009-0000000358,CUST-0000136903,2020-09-05 21:50:19,Credit Card,Success,2751.27,USD,USA,North America,,false,2020-09-05 21:50:19,james.proctor094@dataops.example.com
,PAY-202009-00000000487,ORD-202009-0000002550,CUST-0000139602,2020-09-19 02:58:39,Google Pay,Success,2695.02,MXN,MEX,North America,,false,2020-09-19 02:58:39,eric.mullen052@dataops.example.com
,PAY-202009-00000000488,ORD-202009-0000000616,CUST-0000144733,2020-09-26 13:57:57,Google Pay,Success,2598.01,CAD,CAN,North America,,false,2020-09-26 13:57:57,james.proctor094@dataops.example.com
,PAY-202009-00000000489,ORD-202009-0000002869,CUST-0000154093,2020-09-10 21:42:46,Bank Transfer,Success,2857.24,MXN,MEX,North America,,false,2020-09-10 21:42:46,brandi.carter038@dataops.example.com
,PAY-202009-00000000490,ORD-202009-0000000532,CUST-0000138328,2020-09-24 23:13:30,Phonepe,Pending,1584.31,MXN,MEX,North America,,false,2020-09-24 23:13:30,joseph.johnson049@dataops.example.com
,PAY-202009-00000000491,ORD-202009-0000003652,CUST-0000136026,2020-09-11 09:30:13,Credit Card,Success,2497.05,INR,IND,Asia,,false,2020-09-11 09:30:13,micheal.hall064@dataops.example.com
,PAY-202009-00000000492,ORD-202009-0000005731,CUST-0000137128,2020-09-05 00:42:23,Buy Now Pay Later,Success,3459.0,JPY,JPN,Asia,,false,2020-09-05 00:42:23,kelsey.taylor010@platform.example.com
,PAY-202009-00000000493,ORD-202009-0000000940,CUST-0000153084,2020-09-06 05:51:50,PayPal,Success,2806.52,CAD,CAN,North America,,false,2020-09-06 05:51:50,andrea.cummings039@platform.example.com
,PAY-202009-00000000494,ORD-202009-0000006566,CUST-0000135595,2020-09-28 17:55:30,Gift Card,Success,322.28,MXN,MEX,North America,,false,2020-09-28 17:55:30,michelle.bender024@analytics.example.com
,PAY-202009-00000000495,ORD-202009-0000005329,CUST-0000150523,2020-09-08 19:44:45,Buy Now Pay Later,Success,1741.55,EUR,DEU,Europe,,false,2020-09-08 19:44:45,susan.rice083@commerce.example.com
,PAY-202009-00000000496,ORD-202009-0000002443,CUST-0000147517,2020-09-10 18:13:38,Credit Card,Success,2756.13,AED,ARE,Asia,,false,2020-09-10 18:13:38,jeffery.miller012@commerce.example.com
,PAY-202009-00000000497,ORD-202009-0000000165,CUST-0000139585,2020-09-10 19:11:15,Debit Card,Success,2950.67,INR,IND,Asia,,false,2020-09-10 19:11:15,tina.williams074@commerce.example.com
,PAY-202009-00000000498,ORD-202009-0000004761,CUST-0000137633,2020-09-26 20:49:50,Apple Pay,Success,2083.08,EUR,ESP,Europe,,false,2020-09-26 20:49:50,michael.johnson061@platform.example.com
,PAY-202009-00000000499,ORD-202009-0000000255,CUST-0000150290,2020-09-12 08:04:49,PayPal,Success,3448.57,EUR,DEU,Europe,,false,2020-09-12 08:04:49,joseph.johnson049@dataops.example.com
,PAY-202009-00000000500,ORD-202009-0000005741,CUST-0000151655,2020-09-17 17:38:16,Credit Card,Success,2911.83,AED,ARE,Asia,,false,2020-09-17 17:38:16,patrick.gonzalez035@dataops.example.com
,PAY-202009-00000000501,ORD-202009-0000002934,CUST-0000142976,2020-09-10 18:06:56,Bank Transfer,Success,3277.46,CAD,CAN,North America,,false,2020-09-10 18:06:56,eric.mullen052@dataops.example.com
,PAY-202009-00000000502,ORD-202009-0000006512,CUST-0000149784,2020-09-14 07:26:38,Bank Transfer,Success,1350.74,EUR,DEU,Europe,,false,2020-09-14 07:26:38,timothy.cannon081@analytics.example.com
,PAY-202009-00000000503,ORD-202009-0000001590,CUST-0000145893,2020-09-11 03:26:42,Debit Card,Success,681.28,INR,IND,Asia,,false,2020-09-11 03:26:42,alyssa.richards002@commerce.example.com
,PAY-202009-00000000504,ORD-202009-0000005469,CUST-0000147856,2020-09-20 01:47:06,PayPal,Pending,850.11,USD,USA,North America,,false,2020-09-20 01:47:06,timothy.cannon081@analytics.example.com
,PAY-202009-00000000505,ORD-202009-0000003069,CUST-0000152461,2020-09-02 11:21:02,PayPal,Success,1931.47,INR,IND,Asia,,false,2020-09-02 11:21:02,micheal.chen050@dataops.example.com
,PAY-202009-00000000506,ORD-202009-0000003322,CUST-0000149625,2020-09-07 01:28:56,PayPal,Success,828.6,EUR,ESP,Europe,,false,2020-09-07 01:28:56,peter.martinez098@platform.example.com
,PAY-202009-00000000507,ORD-202009-0000001803,CUST-0000142282,2020-09-05 06:30:32,Paytm,Success,842.38,EUR,DEU,Europe,,false,2020-09-05 06:30:32,stephen.clark001@analytics.example.com
,PAY-202009-00000000508,ORD-202009-0000002751,CUST-0000145092,2020-09-16 23:06:23,Bank Transfer,Success,2415.82,EUR,ESP,Europe,,false,2020-09-16 23:06:23,patrick.gonzalez035@dataops.example.com
,PAY-202009-00000000509,ORD-202009-0000006177,CUST-0000136776,2020-09-13 04:11:16,PayPal,Success,1786.02,EUR,NLD,Europe,,false,2020-09-13 04:11:16,andrea.cummings039@platform.example.com
,PAY-202009-00000000510,ORD-202009-0000004595,CUST-0000146788,2020-09-06 11:54:36,Phonepe,Success,2583.3,EUR,NLD,Europe,,false,2020-09-06 11:54:36,micheal.chen050@dataops.example.com
,PAY-202009-00000000511,ORD-202009-0000002938,CUST-0000135135,2020-09-09 07:07:34,Paytm,Success,589.97,EUR,ESP,Europe,,false,2020-09-09 07:07:34,ryan.steele043@commerce.example.com
,PAY-202009-00000000512,ORD-202009-0000006231,CUST-0000137255,2020-09-14 12:16:20,Debit Card,Success,449.49,CAD,CAN,North America,,false,2020-09-14 12:16:20,patrick.gonzalez035@dataops.example.com
,PAY-202009-00000000513,ORD-202009-0000002835,CUST-0000144468,2020-09-07 16:32:42,Credit Card,Refunded,510.46,AUD,AUS,Oceania,,true,2020-09-07 16:32:42,ashley.marks069@commerce.example.com
,PAY-202009-00000000514,ORD-202009-0000003264,CUST-0000136136,2020-09-01 08:15:59,Phonepe,Success,2337.01,SGD,SGP,Asia,,false,2020-09-01 08:15:59,jennifer.hudson020@analytics.example.com
,PAY-202009-00000000515,ORD-202009-0000003681,CUST-0000146172,2020-09-23 18:04:36,Paytm,Success,3090.95,EUR,FRA,Europe,,false,2020-09-23 18:04:36,jennifer.hudson020@analytics.example.com
,PAY-202009-00000000516,ORD-202009-0000002950,CUST-0000142290,2020-09-11 17:59:21,Apple Pay,Success,661.27,AUD,AUS,Oceania,,false,2020-09-11 17:59:21,andrea.cummings039@platform.example.com
,PAY-202009-00000000517,ORD-202009-0000006188,CUST-0000143129,2020-09-04 16:33:16,Google Pay,Success,2863.28,AED,ARE,Asia,,false,2020-09-04 16:33:16,joseph.johnson049@dataops.example.com
,PAY-202009-00000000518,ORD-202009-0000002615,CUST-0000140211,2020-09-06 11:00:38,Credit Card,Success,110.41,BRL,BRA,South America,,false,2020-09-06 11:00:38,susan.rice083@commerce.example.com
,PAY-202009-00000000519,ORD-202009-0000000203,CUST-0000149895,2020-09-04 17:39:05,Bank Transfer,Success,158.02,EUR,FRA,Europe,,false,2020-09-04 17:39:05,kelsey.taylor010@platform.example.com
,PAY-202009-00000000520,ORD-202009-0000004612,CUST-0000143000,2020-09-08 19:25:43,Gift Card,Success,2904.44,BRL,BRA,South America,,false,2020-09-08 19:25:43,jennifer.bauer068@analytics.example.com
,PAY-202009-00000000521,ORD-202009-0000003642,CUST-0000146235,2020-09-03 11:30:18,Debit Card,Success,1799.87,EUR,NLD,Europe,,false,2020-09-03 11:30:18,john.mullins109@commerce.example.com
,PAY-202009-00000000522,ORD-202009-0000005062,CUST-0000135264,2020-09-27 21:47:01,Debit Card,Success,824.77,MXN,MEX,North America,,false,2020-09-27 21:47:01,kelsey.taylor010@platform.example.com
,PAY-202009-00000000523,ORD-202009-0000004394,CUST-0000134794,2020-09-13 18:39:35,Paytm,Success,507.41,BRL,BRA,South America,,false,2020-09-13 18:39:35,eric.horton058@analytics.example.com
,PAY-202009-00000000524,ORD-202009-0000002884,CUST-0000134418,2020-09-27 02:21:19,Credit Card,Success,243.23,USD,USA,North America,,false,2020-09-27 02:21:19,brandon.yu006@analytics.example.com
,PAY-202009-00000000525,ORD-202009-0000004617,CUST-0000143058,2020-09-28 11:02:55,Bank Transfer,Success,3175.22,MXN,MEX,North America,,false,2020-09-28 11:02:55,megan.cunningham013@commerce.example.com
,PAY-202009-00000000526,ORD-202009-0000003601,CUST-0000153678,2020-09-26 16:50:06,Gift Card,Success,2043.3,AED,ARE,Asia,,false,2020-09-26 16:50:06,alyssa.richards002@commerce.example.com
,PAY-202009-00000000527,ORD-202009-0000000617,CUST-0000140588,2020-09-30 14:46:29,Buy Now Pay Later,Success,493.05,MXN,MEX,North America,,false,2020-09-30 14:46:29,michael.johnson061@platform.example.com
,PAY-202009-00000000528,ORD-202009-0000000405,CUST-0000153242,2020-09-18 09:26:05,Credit Card,Success,318.34,BRL,BRA,South America,,false,2020-09-18 09:26:05,tina.williams074@commerce.example.com
,PAY-202009-00000000529,ORD-202009-0000001795,CUST-0000134701,2020-09-24 18:36:31,Paytm,Success,883.15,EUR,NLD,Europe,,false,2020-09-24 18:36:31,victor.palmer071@platform.example.com
,PAY-202009-00000000530,ORD-202009-0000005707,CUST-0000138012,2020-09-12 21:01:38,Gift Card,Success,1893.18,CAD,CAN,North America,,false,2020-09-12 21:01:38,micheal.chen050@dataops.example.com
,PAY-202009-00000000531,ORD-202009-0000005696,CUST-0000147895,2020-09-04 10:52:21,Credit Card,Success,669.05,AED,ARE,Asia,,false,2020-09-04 10:52:21,patrick.gonzalez035@dataops.example.com
,PAY-202009-00000000532,ORD-202009-0000000438,CUST-0000144890,2020-09-30 22:18:21,Google Pay,Success,903.16,EUR,FRA,Europe,,false,2020-09-30 22:18:21,timothy.cameron104@commerce.example.com
,PAY-202009-00000000533,ORD-202009-0000004341,CUST-0000149662,2020-09-02 18:56:30,Debit Card,Success,2431.31,AED,ARE,Asia,,false,2020-09-02 18:56:30,james.proctor094@dataops.example.com
,PAY-202009-00000000534,ORD-202009-0000005889,CUST-0000135111,2020-09-15 10:53:09,Buy Now Pay Later,Success,2533.95,EUR,ESP,Europe,,false,2020-09-15 10:53:09,jennifer.hudson020@analytics.example.com
,PAY-202009-00000000535,ORD-202009-0000005921,CUST-0000139777,2020-09-30 15:04:49,Phonepe,Success,397.05,GBP,GBR,Europe,,false,2020-09-30 15:04:49,megan.cunningham013@commerce.example.com
,PAY-202009-00000000536,ORD-202009-0000000566,CUST-0000141668,2020-09-24 09:04:27,Bank Transfer,Success,1367.48,EUR,DEU,Europe,,false,2020-09-24 09:04:27,tina.williams074@commerce.example.com
,PAY-202009-00000000537,ORD-202009-0000005817,CUST-0000134643,2020-09-22 16:41:43,Phonepe,Success,2247.2,GBP,GBR,Europe,,false,2020-09-22 16:41:43,john.mullins109@commerce.example.com
,PAY-202009-00000000538,ORD-202009-0000000923,CUST-0000147374,2020-09-24 00:15:22,Buy Now Pay Later,Refunded,269.0,BRL,BRA,South America,,true,2020-09-24 00:15:22,timothy.cannon081@analytics.example.com
,PAY-202009-00000000539,ORD-202009-0000003313,CUST-0000135888,2020-09-30 18:27:50,Paytm,Refunded,220.83,EUR,ITA,Europe,,true,2020-09-30 18:27:50,michael.johnson061@platform.example.com
,PAY-202009-00000000540,ORD-202009-0000005841,CUST-0000144790,2020-09-20 14:28:40,Google Pay,Success,250.71,EUR,ESP,Europe,,false,2020-09-20 14:28:40,micheal.chen050@dataops.example.com
,PAY-202009-00000000541,ORD-202009-0000004977,CUST-0000140466,2020-09-27 23:43:53,Phonepe,Success,2438.97,EUR,ESP,Europe,,false,2020-09-27 23:43:53,andrea.cummings039@platform.example.com
,PAY-202009-00000000542,ORD-202009-0000001625,CUST-0000153138,2020-09-12 12:34:44,Buy Now Pay Later,Success,763.48,CAD,CAN,North America,,false,2020-09-12 12:34:44,timothy.cannon081@analytics.example.com
,PAY-202009-00000000543,ORD-202009-0000001350,CUST-0000148164,2020-09-16 02:04:58,Google Pay,Success,474.53,AUD,AUS,Oceania,,false,2020-09-16 02:04:58,alyssa.richards002@commerce.example.com
,PAY-202009-00000000544,ORD-202009-0000000337,CUST-0000147991,2020-09-09 23:24:53,Google Pay,Success,1716.11,EUR,ITA,Europe,,false,2020-09-09 23:24:53,michael.berger060@platform.example.com
,PAY-202009-00000000545,ORD-202009-0000002605,CUST-0000154030,2020-09-03 20:34:47,Gift Card,Success,2213.79,EUR,NLD,Europe,,false,2020-09-03 20:34:47,victor.palmer071@platform.example.com
,PAY-202009-00000000546,ORD-202009-0000000354,CUST-0000150206,2020-09-24 19:47:31,Apple Pay,Success,3345.29,INR,IND,Asia,,false,2020-09-24 19:47:31,andrea.cummings039@platform.example.com
,PAY-202009-00000000547,ORD-202009-0000006350,CUST-0000142744,2020-09-24 09:20:45,Apple Pay,Success,432.27,INR,IND,Asia,,false,2020-09-24 09:20:45,alyssa.richards002@commerce.example.com
,PAY-202009-00000000548,ORD-202009-0000004030,CUST-0000144469,2020-09-24 08:50:52,Google Pay,Success,1075.93,EUR,ESP,Europe,,false,2020-09-24 08:50:52,joseph.johnson049@dataops.example.com
,PAY-202009-00000000549,ORD-202009-0000005330,CUST-0000144175,2020-09-05 15:21:34,Apple Pay,Success,3315.63,AUD,AUS,Oceania,,false,2020-09-05 15:21:34,ryan.steele043@commerce.example.com
,PAY-202009-00000000550,ORD-202009-0000005029,CUST-0000152805,2020-09-15 04:02:22,Phonepe,Success,1962.24,GBP,GBR,Europe,,false,2020-09-15 04:02:22,michael.johnson061@platform.example.com
,PAY-202009-00000000551,ORD-202009-0000000447,CUST-0000143473,2020-09-20 07:01:58,PayPal,Success,324.17,EUR,ESP,Europe,,false,2020-09-20 07:01:58,john.mullins109@commerce.example.com
,PAY-202009-00000000552,ORD-202009-0000002182,CUST-0000150079,2020-09-11 17:08:55,PayPal,Success,1131.01,BRL,BRA,South America,,false,2020-09-11 17:08:55,joseph.johnson049@dataops.example.com
,PAY-202009-00000000553,ORD-202009-0000003869,CUST-0000147367,2020-09-23 09:02:17,Debit Card,Success,488.91,AUD,AUS,Oceania,,false,2020-09-23 09:02:17,michelle.bender024@analytics.example.com
,PAY-202009-00000000554,ORD-202009-0000005565,CUST-0000143889,2020-09-19 08:48:26,Credit Card,Success,2200.08,EUR,FRA,Europe,,false,2020-09-19 08:48:26,peter.martinez098@platform.example.com
,PAY-202009-00000000555,ORD-202009-0000004712,CUST-0000151559,2020-09-01 21:29:35,Paytm,Success,2551.25,SGD,SGP,Asia,,false,2020-09-01 21:29:35,adam.gordon030@commerce.example.com
,PAY-202009-00000000556,ORD-202009-0000003644,CUST-0000145348,2020-09-18 18:50:52,Credit Card,Success,1354.54,AED,ARE,Asia,,false,2020-09-18 18:50:52,susan.rice083@commerce.example.com
,PAY-202009-00000000557,ORD-202009-0000005607,CUST-0000153694,2020-09-15 03:43:34,Credit Card,Success,2981.58,BRL,BRA,South America,,false,2020-09-15 03:43:34,brandon.yu006@analytics.example.com
,PAY-202009-00000000558,ORD-202009-0000004995,CUST-0000151175,2020-09-21 08:53:46,Credit Card,Success,1016.48,BRL,BRA,South America,,false,2020-09-21 08:53:46,james.proctor094@dataops.example.com
,PAY-202009-00000000559,ORD-202009-0000004242,CUST-0000142841,2020-09-09 19:42:44,Gift Card,Success,2983.98,CAD,CAN,North America,,false,2020-09-09 19:42:44,susan.rice083@commerce.example.com
,PAY-202009-00000000560,ORD-202009-0000002612,CUST-0000139998,2020-09-24 07:08:55,Gift Card,Success,1932.55,EUR,ESP,Europe,,false,2020-09-24 07:08:55,michelle.sims041@analytics.example.com
,PAY-202009-00000000561,ORD-202009-0000002232,CUST-0000147262,2020-09-05 01:31:57,Buy Now Pay Later,Success,2240.4,CAD,CAN,North America,,false,2020-09-05 01:31:57,micheal.hall064@dataops.example.com
,PAY-202009-00000000562,ORD-202009-0000005256,CUST-0000137941,2020-09-20 18:32:19,Phonepe,Success,1454.23,EUR,FRA,Europe,,false,2020-09-20 18:32:19,eric.mullen052@dataops.example.com
,PAY-202009-00000000563,ORD-202009-0000006265,CUST-0000148998,2020-09-08 20:35:39,Buy Now Pay Later,Success,1520.62,EUR,ESP,Europe,,false,2020-09-08 20:35:39,ryan.steele043@commerce.example.com
,PAY-202009-00000000564,ORD-202009-0000000116,CUST-0000146463,2020-09-12 07:14:01,Phonepe,Success,221.48,EUR,ITA,Europe,,false,2020-09-12 07:14:01,ryan.steele043@commerce.example.com
,PAY-202009-00000000565,ORD-202009-0000000625,CUST-0000152025,2020-09-06 06:33:02,Phonepe,Success,1891.24,JPY,JPN,Asia,,false,2020-09-06 06:33:02,jennifer.bauer068@analytics.example.com
,PAY-202009-00000000566,ORD-202009-0000003632,CUST-0000139874,2020-09-27 19:42:55,PayPal,Success,231.11,CAD,CAN,North America,,false,2020-09-27 19:42:55,maria.ashley046@analytics.example.com
,PAY-202009-00000000567,ORD-202009-0000001770,CUST-0000148132,2020-09-19 12:13:02,Debit Card,Success,1132.49,GBP,GBR,Europe,,false,2020-09-19 12:13:02,susan.rice083@commerce.example.com
,PAY-202009-00000000568,ORD-202009-0000003292,CUST-0000135453,2020-09-06 20:34:53,Debit Card,Success,1618.15,EUR,FRA,Europe,,false,2020-09-06 20:34:53,timothy.cannon081@analytics.example.com
,PAY-202009-00000000569,ORD-202009-0000003842,CUST-0000144836,2020-09-10 15:27:30,Google Pay,Success,2939.14,AED,ARE,Asia,,false,2020-09-10 15:27:30,eric.mullen052@dataops.example.com
,PAY-202009-00000000570,ORD-202009-0000004273,CUST-0000143554,2020-09-11 12:04:26,Buy Now Pay Later,Refunded,1153.2,EUR,NLD,Europe,,true,2020-09-11 12:04:26,jeffery.miller012@commerce.example.com
,PAY-202009-00000000571,ORD-202009-0000005468,CUST-0000137296,2020-09-29 20:36:07,Phonepe,Success,884.94,EUR,FRA,Europe,,false,2020-09-29 20:36:07,maria.ashley046@analytics.example.com
,PAY-202009-00000000572,ORD-202009-0000004866,CUST-0000145366,2020-09-02 18:54:18,Bank Transfer,Success,1128.0,MXN,MEX,North America,,false,2020-09-02 18:54:18,brandi.carter038@dataops.example.com
,PAY-202009-00000000573,ORD-202009-0000003531,CUST-0000141721,2020-09-04 19:00:07,Debit Card,Success,2501.18,AUD,AUS,Oceania,,false,2020-09-04 19:00:07,kelsey.taylor010@platform.example.com
,PAY-202009-00000000574,ORD-202009-0000003908,CUST-0000150159,2020-09-30 05:00:05,Google Pay,Success,1351.82,GBP,GBR,Europe,,false,2020-09-30 05:00:05,james.proctor094@dataops.example.com
,PAY-202009-00000000575,ORD-202009-0000000695,CUST-0000147835,2020-09-24 04:02:35,Google Pay,Success,413.53,INR,IND,Asia,,false,2020-09-24 04:02:35,eric.horton058@analytics.example.com
,PAY-202009-00000000576,ORD-202009-0000006426,CUST-0000148459,2020-09-07 06:37:15,Debit Card,Failed,788.33,EUR,NLD,Europe,Card declined,false,2020-09-07 06:37:15,joseph.johnson049@dataops.example.com
,PAY-202009-00000000577,ORD-202009-0000005651,CUST-0000152009,2020-09-14 01:58:19,PayPal,Failed,1694.76,GBP,GBR,Europe,Network timeout,false,2020-09-14 01:58:19,ashley.marks069@commerce.example.com
,PAY-202009-00000000578,ORD-202009-0000000222,CUST-0000134910,2020-09-30 15:04:35,Paytm,Success,1677.2,AUD,AUS,Oceania,,false,2020-09-30 15:04:35,jennifer.hudson020@analytics.example.com
,PAY-202009-00000000579,ORD-202009-0000001856,CUST-0000140551,2020-09-22 20:53:37,Paytm,Success,1867.01,GBP,GBR,Europe,,false,2020-09-22 20:53:37,david.cabrera119@dataops.example.com
,PAY-202009-00000000580,ORD-202009-0000005642,CUST-0000151111,2020-09-02 21:07:42,Bank Transfer,Success,2982.09,BRL,BRA,South America,,false,2020-09-02 21:07:42,peter.martinez098@platform.example.com
,PAY-202009-00000000581,ORD-202009-0000003874,CUST-0000148659,2020-09-26 20:57:24,PayPal,Success,3176.04,EUR,FRA,Europe,,false,2020-09-26 20:57:24,joseph.johnson049@dataops.example.com
,PAY-202009-00000000582,ORD-202009-0000004580,CUST-0000147438,2020-09-01 02:48:54,Phonepe,Success,2531.35,SGD,SGP,Asia,,false,2020-09-01 02:48:54,peter.martinez098@platform.example.com
,PAY-202009-00000000583,ORD-202009-0000001189,CUST-0000147725,2020-09-12 06:31:29,Debit Card,Success,1789.85,EUR,FRA,Europe,,false,2020-09-12 06:31:29,john.mullins109@commerce.example.com
,PAY-202009-00000000584,ORD-202009-0000005305,CUST-0000134696,2020-09-05 15:27:48,Paytm,Success,2182.4,EUR,ITA,Europe,,false,2020-09-05 15:27:48,stephen.daniels076@commerce.example.com
,PAY-202009-00000000585,ORD-202009-0000002781,CUST-0000149878,2020-09-18 09:03:01,Phonepe,Success,579.33,EUR,NLD,Europe,,false,2020-09-18 09:03:01,megan.cunningham013@commerce.example.com
,PAY-202009-00000000586,ORD-202009-0000000735,CUST-0000145759,2020-09-19 14:56:53,Credit Card,Success,969.95,INR,IND,Asia,,false,2020-09-19 14:56:53,maria.ashley046@analytics.example.com
,PAY-202009-00000000587,ORD-202009-0000000359,CUST-0000144665,2020-09-12 02:40:41,Credit Card,Success,2536.94,JPY,JPN,Asia,,false,2020-09-12 02:40:41,stephen.clark001@analytics.example.com
,PAY-202009-00000000588,ORD-202009-0000000444,CUST-0000143367,2020-09-30 17:05:15,Google Pay,Success,3441.5,JPY,JPN,Asia,,false,2020-09-30 17:05:15,michelle.sims041@analytics.example.com
,PAY-202009-00000000589,ORD-202009-0000000969,CUST-0000142116,2020-09-23 07:42:37,Paytm,Success,2456.08,EUR,DEU,Europe,,false,2020-09-23 07:42:37,joseph.johnson049@dataops.example.com
,PAY-202009-00000000590,ORD-202009-0000000061,CUST-0000141898,2020-09-12 06:51:50,Google Pay,Success,1175.33,EUR,NLD,Europe,,false,2020-09-12 06:51:50,kelsey.taylor010@platform.example.com
,PAY-202009-00000000591,ORD-202009-0000000552,CUST-0000145529,2020-09-01 01:44:01,Debit Card,Success,473.5,CAD,CAN,North America,,false,2020-09-01 01:44:01,alyssa.richards002@commerce.example.com
,PAY-202009-00000000592,ORD-202009-0000004079,CUST-0000146069,2020-09-30 13:58:19,Apple Pay,Success,1703.7,EUR,NLD,Europe,,false,2020-09-30 13:58:19,david.cabrera119@dataops.example.com
,PAY-202009-00000000593,ORD-202009-0000004992,CUST-0000149913,2020-09-19 16:44:34,Debit Card,Success,1354.98,EUR,ITA,Europe,,false,2020-09-19 16:44:34,timothy.cameron104@commerce.example.com
,PAY-202009-00000000594,ORD-202009-0000001786,CUST-0000153927,2020-09-29 15:29:39,Phonepe,Success,376.88,EUR,DEU,Europe,,false,2020-09-29 15:29:39,michelle.sims041@analytics.example.com
,PAY-202009-00000000595,ORD-202009-0000005976,CUST-0000147255,2020-09-24 22:56:04,PayPal,Success,1307.28,AUD,AUS,Oceania,,false,2020-09-24 22:56:04,ryan.steele043@commerce.example.com
,PAY-202009-00000000596,ORD-202009-0000005314,CUST-0000152900,2020-09-20 08:34:59,Apple Pay,Success,2330.5,MXN,MEX,North America,,false,2020-09-20 08:34:59,micheal.hall064@dataops.example.com
,PAY-202009-00000000597,ORD-202009-0000000129,CUST-0000136128,2020-09-24 20:09:55,Buy Now Pay Later,Success,354.95,SGD,SGP,Asia,,false,2020-09-24 20:09:55,michael.johnson061@platform.example.com
,PAY-202009-00000000598,ORD-202009-0000005691,CUST-0000142230,2020-09-12 15:08:54,Google Pay,Success,28.11,CAD,CAN,North America,,false,2020-09-12 15:08:54,micheal.hall064@dataops.example.com
,PAY-202009-00000000599,ORD-202009-0000001603,CUST-0000153782,2020-09-12 11:58:51,Google Pay,Success,3163.56,CAD,CAN,North America,,false,2020-09-12 11:58:51,jennifer.hudson020@analytics.example.com
,PAY-202009-00000000600,ORD-202009-0000001832,CUST-0000140971,2020-09-29 15:17:18,PayPal,Success,3345.48,AUD,AUS,Oceania,,false,2020-09-29 15:17:18,michelle.bender024@analytics.example.com
,PAY-202009-00000000601,ORD-202009-0000003121,CUST-0000150401,2020-09-11 16:53:05,Buy Now Pay Later,Success,2600.16,EUR,ESP,Europe,,false,2020-09-11 16:53:05,jeffery.miller012@commerce.example.com
,PAY-202009-00000000602,ORD-202009-0000001293,CUST-0000136817,2020-09-17 04:36:37,Credit Card,Success,558.19,BRL,BRA,South America,,false,2020-09-17 04:36:37,brandi.carter038@dataops.example.com
,PAY-202009-00000000603,ORD-202009-0000001912,CUST-0000138778,2020-09-18 14:03:45,Google Pay,Success,32.67,EUR,FRA,Europe,,false,2020-09-18 14:03:45,eric.mullen052@dataops.example.com
,PAY-202009-00000000604,ORD-202009-0000000915,CUST-0000142360,2020-09-30 07:17:17,Phonepe,Success,3100.09,GBP,GBR,Europe,,false,2020-09-30 07:17:17,eric.horton058@analytics.example.com
,PAY-202009-00000000605,ORD-202009-0000000448,CUST-0000142540,2020-09-02 07:44:43,Bank Transfer,Success,247.48,BRL,BRA,South America,,false,2020-09-02 07:44:43,micheal.hall064@dataops.example.com
,PAY-202009-00000000606,ORD-202009-0000001105,CUST-0000145036,2020-09-11 17:00:20,Paytm,Success,2904.96,SGD,SGP,Asia,,false,2020-09-11 17:00:20,jeffery.miller012@commerce.example.com
,PAY-202009-00000000607,ORD-202009-0000002573,CUST-0000145074,2020-09-14 07:30:55,Buy Now Pay Later,Success,2801.74,BRL,BRA,South America,,false,2020-09-14 07:30:55,stephen.clark001@analytics.example.com
,PAY-202009-00000000608,ORD-202009-0000005884,CUST-0000153082,2020-09-29 18:34:53,Gift Card,Success,337.96,EUR,DEU,Europe,,false,2020-09-29 18:34:53,susan.rice083@commerce.example.com
,PAY-202009-00000000609,ORD-202009-0000000455,CUST-0000147938,2020-09-08 11:23:13,Paytm,Success,2349.13,SGD,SGP,Asia,,false,2020-09-08 11:23:13,michelle.sims041@analytics.example.com
,PAY-202009-00000000610,ORD-202009-0000001412,CUST-0000136395,2020-09-16 01:07:09,Credit Card,Success,2842.02,EUR,ESP,Europe,,false,2020-09-16 01:07:09,peter.martinez098@platform.example.com
,PAY-202009-00000000611,ORD-202009-0000002108,CUST-0000140803,2020-09-12 13:59:03,Buy Now Pay Later,Failed,2068.97,EUR,DEU,Europe,Network timeout,false,2020-09-12 13:59:03,ashley.marks069@commerce.example.com
,PAY-202009-00000000612,ORD-202009-0000002871,CUST-0000135164,2020-09-23 20:10:39,PayPal,Success,3198.96,GBP,GBR,Europe,,false,2020-09-23 20:10:39,andrea.cummings039@platform.example.com
,PAY-202009-00000000613,ORD-202009-0000002474,CUST-0000153911,2020-09-02 00:05:01,Gift Card,Success,2248.55,EUR,DEU,Europe,,false,2020-09-02 00:05:01,micheal.hall064@dataops.example.com
,PAY-202009-00000000614,ORD-202009-0000002023,CUST-0000150702,2020-09-30 05:44:06,Bank Transfer,Pending,2473.06,GBP,GBR,Europe,,false,2020-09-30 05:44:06,lance.williams029@platform.example.com
,PAY-202009-00000000615,ORD-202009-0000003141,CUST-0000137805,2020-09-17 16:36:56,Bank Transfer,Success,647.24,GBP,GBR,Europe,,false,2020-09-17 16:36:56,michelle.bender024@analytics.example.com
,PAY-202009-00000000616,ORD-202009-0000003620,CUST-0000138765,2020-09-09 06:06:02,Apple Pay,Success,613.55,GBP,GBR,Europe,,false,2020-09-09 06:06:02,jeffery.miller012@commerce.example.com
,PAY-202009-00000000617,ORD-202009-0000004559,CUST-0000146543,2020-09-27 09:51:56,Debit Card,Success,1586.1,EUR,DEU,Europe,,false,2020-09-27 09:51:56,brandon.yu006@analytics.example.com
,PAY-202009-00000000618,ORD-202009-0000003113,CUST-0000135873,2020-09-10 06:37:19,Debit Card,Success,3051.46,SGD,SGP,Asia,,false,2020-09-10 06:37:19,ashley.marks069@commerce.example.com
,PAY-202009-00000000619,ORD-202009-0000005051,CUST-0000151531,2020-09-04 15:39:04,Credit Card,Success,335.38,USD,USA,North America,,false,2020-09-04 15:39:04,peter.martinez098@platform.example.com
,PAY-202009-00000000620,ORD-202009-0000006493,CUST-0000147294,2020-09-27 15:09:11,Debit Card,Success,2531.06,EUR,ITA,Europe,,false,2020-09-27 15:09:11,michelle.bender024@analytics.example.com
,PAY-202009-00000000621,ORD-202009-0000004047,CUST-0000151312,2020-09-10 19:43:22,Phonepe,Success,2578.04,SGD,SGP,Asia,,false,2020-09-10 19:43:22,ryan.steele043@commerce.example.com
,PAY-202009-00000000622,ORD-202009-0000002049,CUST-0000154047,2020-09-23 01:57:59,Gift Card,Failed,160.86,MXN,MEX,North America,Fraud check failed,false,2020-09-23 01:57:59,jeffery.miller012@commerce.example.com
,PAY-202009-00000000623,ORD-202009-0000005967,CUST-0000149908,2020-09-08 14:53:06,Gift Card,Success,2105.16,USD,USA,North America,,false,2020-09-08 14:53:06,stephen.daniels076@commerce.example.com
,PAY-202009-00000000624,ORD-202009-0000001979,CUST-0000136369,2020-09-18 04:08:12,PayPal,Success,2803.81,INR,IND,Asia,,false,2020-09-18 04:08:12,micheal.chen050@dataops.example.com
,PAY-202009-00000000625,ORD-202009-0000001071,CUST-0000139327,2020-09-19 15:48:01,PayPal,Success,3051.57,CAD,CAN,North America,,false,2020-09-19 15:48:01,taylor.cunningham023@commerce.example.com
,PAY-202009-00000000626,ORD-202009-0000006162,CUST-0000150451,2020-09-01 21:38:25,Apple Pay,Success,1222.92,INR,IND,Asia,,false,2020-09-01 21:38:25,stephen.daniels076@commerce.example.com
,PAY-202009-00000000627,ORD-202009-0000005286,CUST-0000142756,2020-09-07 20:41:02,Bank Transfer,Success,3244.02,EUR,ESP,Europe,,false,2020-09-07 20:41:02,eric.horton058@analytics.example.com
,PAY-202009-00000000628,ORD-202009-0000004140,CUST-0000142392,2020-09-24 20:13:04,Phonepe,Success,67.22,EUR,FRA,Europe,,false,2020-09-24 20:13:04,david.cabrera119@dataops.example.com
,PAY-202009-00000000629,ORD-202009-0000003133,CUST-0000138139,2020-09-12 12:51:38,Google Pay,Success,1858.08,EUR,ESP,Europe,,false,2020-09-12 12:51:38,joseph.johnson049@dataops.example.com
,PAY-202009-00000000630,ORD-202009-0000006178,CUST-0000136104,2020-09-14 06:00:56,Google Pay,Success,642.22,EUR,FRA,Europe,,false,2020-09-14 06:00:56,brandi.carter038@dataops.example.com
,PAY-202009-00000000631,ORD-202009-0000000870,CUST-0000148004,2020-09-08 03:40:11,Phonepe,Success,127.9,EUR,FRA,Europe,,false,2020-09-08 03:40:11,kelsey.taylor010@platform.example.com
,PAY-202009-00000000632,ORD-202009-0000001024,CUST-0000140474,2020-09-11 17:51:10,Phonepe,Success,3137.58,EUR,DEU,Europe,,false,2020-09-11 17:51:10,brandi.carter038@dataops.example.com
,PAY-202009-00000000633,ORD-202009-0000001909,CUST-0000139687,2020-09-11 08:30:08,PayPal,Success,1166.09,CAD,CAN,North America,,false,2020-09-11 08:30:08,james.proctor094@dataops.example.com
,PAY-202009-00000000634,ORD-202009-0000001839,CUST-0000145658,2020-09-04 00:49:56,Phonepe,Success,3087.45,EUR,ESP,Europe,,false,2020-09-04 00:49:56,michael.johnson061@platform.example.com
,PAY-202009-00000000635,ORD-202009-0000001628,CUST-0000138497,2020-09-15 09:51:09,Debit Card,Success,125.47,EUR,DEU,Europe,,false,2020-09-15 09:51:09,micheal.chen050@dataops.example.com
,PAY-202009-00000000636,ORD-202009-0000005617,CUST-0000140240,2020-09-24 21:44:10,Debit Card,Success,2025.16,CAD,CAN,North America,,false,2020-09-24 21:44:10,eric.mullen052@dataops.example.com
,PAY-202009-00000000637,ORD-202009-0000002751,CUST-0000149874,2020-09-21 00:03:56,Apple Pay,Success,2688.33,EUR,ESP,Europe,,false,2020-09-21 00:03:56,david.cabrera119@dataops.example.com
,PAY-202009-00000000638,ORD-202009-0000006039,CUST-0000152633,2020-09-22 06:24:54,Google Pay,Success,1368.0,GBP,GBR,Europe,,false,2020-09-22 06:24:54,micheal.hall064@dataops.example.com
,PAY-202009-00000000639,ORD-202009-0000005339,CUST-0000137299,2020-09-11 07:07:12,Bank Transfer,Success,1689.51,SGD,SGP,Asia,,false,2020-09-11 07:07:12,adam.gordon030@commerce.example.com
,PAY-202009-00000000640,ORD-202009-0000003458,CUST-0000143806,2020-09-23 13:01:06,Gift Card,Success,3397.44,GBP,GBR,Europe,,false,2020-09-23 13:01:06,michael.johnson061@platform.example.com
,PAY-202009-00000000641,ORD-202009-0000005337,CUST-0000147550,2020-09-18 09:05:13,Gift Card,Success,1466.07,EUR,ESP,Europe,,false,2020-09-18 09:05:13,eric.horton058@analytics.example.com
,PAY-202009-00000000642,ORD-202009-0000005517,CUST-0000136222,2020-09-17 10:35:39,Apple Pay,Refunded,2043.46,SGD,SGP,Asia,,true,2020-09-17 10:35:39,megan.cunningham013@commerce.example.com
,PAY-202009-00000000643,ORD-202009-0000002523,CUST-0000148322,2020-09-12 07:44:19,Buy Now Pay Later,Success,1262.21,JPY,JPN,Asia,,false,2020-09-12 07:44:19,michael.berger060@platform.example.com
,PAY-202009-00000000644,ORD-202009-0000006368,CUST-0000148699,2020-09-11 13:44:14,Gift Card,Failed,637.65,INR,IND,Asia,Invalid CVV,false,2020-09-11 13:44:14,michelle.bender024@analytics.example.com
,PAY-202009-00000000645,ORD-202009-0000006434,CUST-0000137198,2020-09-15 10:04:37,PayPal,Success,2369.49,GBP,GBR,Europe,,false,2020-09-15 10:04:37,micheal.hall064@dataops.example.com
,PAY-202009-00000000646,ORD-202009-0000000754,CUST-0000147483,2020-09-18 10:46:02,Debit Card,Success,2591.05,EUR,FRA,Europe,,false,2020-09-18 10:46:02,timothy.cannon081@analytics.example.com
,PAY-202009-00000000647,ORD-202009-0000003141,CUST-0000141923,2020-09-18 05:56:11,Debit Card,Success,2319.43,BRL,BRA,South America,,false,2020-09-18 05:56:11,stephen.daniels076@commerce.example.com
,PAY-202009-00000000648,ORD-202009-0000003453,CUST-0000151516,2020-09-20 10:49:54,Google Pay,Success,1212.58,EUR,DEU,Europe,,false,2020-09-20 10:49:54,john.mullins109@commerce.example.com
,PAY-202009-00000000649,ORD-202009-0000006181,CUST-0000142804,2020-09-23 22:04:25,Buy Now Pay Later,Success,1398.55,JPY,JPN,Asia,,false,2020-09-23 22:04:25,maria.ashley046@analytics.example.com
,PAY-202009-00000000650,ORD-202009-0000001493,CUST-0000150447,2020-09-18 18:00:02,PayPal,Success,1603.51,EUR,DEU,Europe,,false,2020-09-18 18:00:02,jennifer.hudson020@analytics.example.com
,PAY-202009-00000000651,ORD-202009-0000001877,CUST-0000151586,2020-09-30 13:28:15,Buy Now Pay Later,Success,2196.3,CAD,CAN,North America,,false,2020-09-30 13:28:15,eric.mullen052@dataops.example.com
,PAY-202009-00000000652,ORD-202009-0000005670,CUST-0000143030,2020-09-04 17:30:27,Gift Card,Success,1642.82,CAD,CAN,North America,,false,2020-09-04 17:30:27,taylor.cunningham023@commerce.example.com
,PAY-202009-00000000653,ORD-202009-0000001267,CUST-0000137517,2020-09-05 05:53:47,PayPal,Success,288.8,GBP,GBR,Europe,,false,2020-09-05 05:53:47,micheal.chen050@dataops.example.com
,PAY-202009-00000000654,ORD-202009-0000002150,CUST-0000149335,2020-09-09 00:35:31,Google Pay,Success,2051.87,MXN,MEX,North America,,false,2020-09-09 00:35:31,joseph.johnson049@dataops.example.com
,PAY-202009-00000000655,ORD-202009-0000001245,CUST-0000149793,2020-09-29 09:55:41,Debit Card,Success,3239.65,EUR,NLD,Europe,,false,2020-09-29 09:55:41,eric.mullen052@dataops.example.com
,PAY-202009-00000000656,ORD-202009-0000004250,CUST-0000149407,2020-09-16 17:32:40,Phonepe,Success,3301.59,EUR,ITA,Europe,,false,2020-09-16 17:32:40,maria.ashley046@analytics.example.com
,PAY-202009-00000000657,ORD-202009-0000001144,CUST-0000145584,2020-09-07 17:27:45,Buy Now Pay Later,Success,1233.67,SGD,SGP,Asia,,false,2020-09-07 17:27:45,eric.horton058@analytics.example.com
,PAY-202009-00000000658,ORD-202009-0000003531,CUST-0000136793,2020-09-30 18:26:53,Credit Card,Success,3337.53,MXN,MEX,North America,,false,2020-09-30 18:26:53,taylor.cunningham023@commerce.example.com
,PAY-202009-00000000659,ORD-202009-0000004904,CUST-0000150005,2020-09-11 01:22:42,Phonepe,Success,575.27,SGD,SGP,Asia,,false,2020-09-11 01:22:42,adam.gordon030@commerce.example.com
,PAY-202009-00000000660,ORD-202009-0000003998,CUST-0000148280,2020-09-01 15:47:13,Buy Now Pay Later,Success,2468.05,EUR,ITA,Europe,,false,2020-09-01 15:47:13,alyssa.richards002@commerce.example.com
,PAY-202009-00000000661,ORD-202009-0000004633,CUST-0000139095,2020-09-05 01:27:41,Debit Card,Success,1588.27,EUR,FRA,Europe,,false,2020-09-05 01:27:41,david.cabrera119@dataops.example.com
,PAY-202009-00000000662,ORD-202009-0000002860,CUST-0000152787,2020-09-23 03:48:38,Buy Now Pay Later,Success,2399.25,EUR,DEU,Europe,,false,2020-09-23 03:48:38,timothy.cannon081@analytics.example.com
,PAY-202009-00000000663,ORD-202009-0000000506,CUST-0000145280,2020-09-25 17:13:51,Paytm,Success,1246.15,USD,USA,North America,,false,2020-09-25 17:13:51,john.mullins109@commerce.example.com
,PAY-202009-00000000664,ORD-202009-0000000831,CUST-0000139031,2020-09-06 20:35:05,PayPal,Success,2267.28,SGD,SGP,Asia,,false,2020-09-06 20:35:05,ryan.steele043@commerce.example.com
,PAY-202009-00000000665,ORD-202009-0000000406,CUST-0000140242,2020-09-03 12:43:04,Google Pay,Success,1001.38,AED,ARE,Asia,,false,2020-09-03 12:43:04,kelsey.taylor010@platform.example.com
,PAY-202009-00000000666,ORD-202009-0000000546,CUST-0000137773,2020-09-09 15:08:55,Credit Card,Success,393.6,AED,ARE,Asia,,false,2020-09-09 15:08:55,kelsey.taylor010@platform.example.com
,PAY-202009-00000000667,ORD-202009-0000001569,CUST-0000147310,2020-09-27 12:32:35,Debit Card,Success,81.05,SGD,SGP,Asia,,false,2020-09-27 12:32:35,james.proctor094@dataops.example.com
,PAY-202009-00000000668,ORD-202009-0000002615,CUST-0000141666,2020-09-24 23:17:27,PayPal,Success,2014.67,CAD,CAN,North America,,false,2020-09-24 23:17:27,lance.williams029@platform.example.com
,PAY-202009-00000000669,ORD-202009-0000002662,CUST-0000151343,2020-09-27 12:28:09,Apple Pay,Success,2514.89,AUD,AUS,Oceania,,false,2020-09-27 12:28:09,james.proctor094@dataops.example.com
,PAY-202009-00000000670,ORD-202009-0000000417,CUST-0000144224,2020-09-20 01:17:55,Buy Now Pay Later,Success,1091.6,BRL,BRA,South America,,false,2020-09-20 01:17:55,jennifer.hudson020@analytics.example.com
,PAY-202009-00000000671,ORD-202009-0000000610,CUST-0000152311,2020-09-30 12:14:05,PayPal,Success,2264.36,EUR,ESP,Europe,,false,2020-09-30 12:14:05,timothy.cannon081@analytics.example.com
,PAY-202009-00000000672,ORD-202009-0000006200,CUST-0000142398,2020-09-18 13:43:18,Gift Card,Success,2390.32,EUR,DEU,Europe,,false,2020-09-18 13:43:18,ryan.steele043@commerce.example.com
,PAY-202009-00000000673,ORD-202009-0000005082,CUST-0000141734,2020-09-04 05:07:37,Credit Card,Success,2749.6,EUR,ESP,Europe,,false,2020-09-04 05:07:37,eric.mullen052@dataops.example.com
,PAY-202009-00000000674,ORD-202009-0000001048,CUST-0000146189,2020-09-03 00:03:13,PayPal,Success,3423.46,EUR,ITA,Europe,,false,2020-09-03 00:03:13,michelle.sims041@analytics.example.com
,PAY-202009-00000000675,ORD-202009-0000002723,CUST-0000151736,2020-09-08 12:09:15,PayPal,Success,1518.44,JPY,JPN,Asia,,false,2020-09-08 12:09:15,joseph.johnson049@dataops.example.com
,PAY-202009-00000000676,ORD-202009-0000005450,CUST-0000147434,2020-09-15 07:51:36,Buy Now Pay Later,Success,1474.52,CAD,CAN,North America,,false,2020-09-15 07:51:36,lance.williams029@platform.example.com
,PAY-202009-00000000677,ORD-202009-0000006372,CUST-0000146746,2020-09-15 18:03:23,Buy Now Pay Later,Success,3388.07,CAD,CAN,North America,,false,2020-09-15 18:03:23,susan.rice083@commerce.example.com
,PAY-202009-00000000678,ORD-202009-0000005955,CUST-0000147404,2020-09-04 17:48:24,Google Pay,Pending,1179.33,CAD,CAN,North America,,false,2020-09-04 17:48:24,ashley.marks069@commerce.example.com
,PAY-202009-00000000679,ORD-202009-0000000765,CUST-0000142652,2020-09-20 00:21:54,Buy Now Pay Later,Success,320.7,MXN,MEX,North America,,false,2020-09-20 00:21:54,timothy.cannon081@analytics.example.com
,PAY-202009-00000000680,ORD-202009-0000003102,CUST-0000138756,2020-09-05 11:26:39,Buy Now Pay Later,Success,1073.05,SGD,SGP,Asia,,false,2020-09-05 11:26:39,joseph.johnson049@dataops.example.com
,PAY-202009-00000000681,ORD-202009-0000003702,CUST-0000143526,2020-09-01 15:16:18,Apple Pay,Failed,2573.59,EUR,ESP,Europe,Network timeout,false,2020-09-01 15:16:18,brandon.yu006@analytics.example.com
,PAY-202009-00000000682,ORD-202009-0000006542,CUST-0000141960,2020-09-21 16:41:23,Paytm,Success,2738.34,JPY,JPN,Asia,,false,2020-09-21 16:41:23,brandon.yu006@analytics.example.com
,PAY-202009-00000000683,ORD-202009-0000000313,CUST-0000134765,2020-09-28 01:47:01,Google Pay,Success,1726.53,MXN,MEX,North America,,false,2020-09-28 01:47:01,david.cabrera119@dataops.example.com
,PAY-202009-00000000684,ORD-202009-0000002758,CUST-0000150459,2020-09-03 17:25:21,Apple Pay,Success,1692.93,JPY,JPN,Asia,,false,2020-09-03 17:25:21,eric.mullen052@dataops.example.com
,PAY-202009-00000000685,ORD-202009-0000000892,CUST-0000150917,2020-09-04 02:28:17,Paytm,Success,3366.55,EUR,DEU,Europe,,false,2020-09-04 02:28:17,adam.gordon030@commerce.example.com
,PAY-202009-00000000686,ORD-202009-0000001243,CUST-0000137937,2020-09-06 06:49:23,Gift Card,Success,2055.55,EUR,ESP,Europe,,false,2020-09-06 06:49:23,michael.johnson061@platform.example.com
,PAY-202009-00000000687,ORD-202009-0000004695,CUST-0000144261,2020-09-27 01:04:26,Phonepe,Success,3469.05,MXN,MEX,North America,,false,2020-09-27 01:04:26,john.mullins109@commerce.example.com
,PAY-202009-00000000688,ORD-202009-0000006156,CUST-0000147469,2020-09-04 00:02:54,Debit Card,Success,981.76,USD,USA,North America,,false,2020-09-04 00:02:54,megan.cunningham013@commerce.example.com
,PAY-202009-00000000689,ORD-202009-0000003573,CUST-0000134537,2020-09-25 13:14:22,Debit Card,Success,2262.91,AED,ARE,Asia,,false,2020-09-25 13:14:22,micheal.hall064@dataops.example.com
,PAY-202009-00000000690,ORD-202009-0000001527,CUST-0000138805,2020-09-23 01:11:58,Gift Card,Success,988.36,EUR,NLD,Europe,,false,2020-09-23 01:11:58,michelle.sims041@analytics.example.com
,PAY-202009-00000000691,ORD-202009-0000001219,CUST-0000138604,2020-09-03 17:09:20,Credit Card,Success,140.87,EUR,ESP,Europe,,false,2020-09-03 17:09:20,michelle.sims041@analytics.example.com
,PAY-202009-00000000692,ORD-202009-0000002922,CUST-0000151687,2020-09-11 22:02:52,Credit Card,Success,580.39,USD,USA,North America,,false,2020-09-11 22:02:52,john.mullins109@commerce.example.com
,PAY-202009-00000000693,ORD-202009-0000005230,CUST-0000148829,2020-09-12 04:13:06,Paytm,Success,2536.99,CAD,CAN,North America,,false,2020-09-12 04:13:06,patrick.gonzalez035@dataops.example.com
,PAY-202009-00000000694,ORD-202009-0000004711,CUST-0000138475,2020-09-24 07:49:09,Bank Transfer,Success,3215.05,CAD,CAN,North America,,false,2020-09-24 07:49:09,andrea.cummings039@platform.example.com
,PAY-202009-00000000695,ORD-202009-0000002227,CUST-0000141245,2020-09-30 18:28:11,Paytm,Refunded,3430.39,AED,ARE,Asia,,true,2020-09-30 18:28:11,megan.cunningham013@commerce.example.com
,PAY-202009-00000000696,ORD-202009-0000001351,CUST-0000150119,2020-09-21 17:09:01,Gift Card,Refunded,1922.78,AED,ARE,Asia,,true,2020-09-21 17:09:01,andrea.cummings039@platform.example.com
,PAY-202009-00000000697,ORD-202009-0000005348,CUST-0000142319,2020-09-14 04:57:18,Gift Card,Success,613.61,GBP,GBR,Europe,,false,2020-09-14 04:57:18,taylor.cunningham023@commerce.example.com
,PAY-202009-00000000698,ORD-202009-0000003224,CUST-0000150025,2020-09-24 00:58:02,Apple Pay,Success,2022.42,BRL,BRA,South America,,false,2020-09-24 00:58:02,michael.berger060@platform.example.com
,PAY-202009-00000000699,ORD-202009-0000004027,CUST-0000135206,2020-09-16 08:34:04,Google Pay,Success,2799.76,USD,USA,North America,,false,2020-09-16 08:34:04,megan.cunningham013@commerce.example.com
,PAY-202009-00000000700,ORD-202009-0000004970,CUST-0000148713,2020-09-17 17:29:59,Gift Card,Success,1377.24,CAD,CAN,North America,,false,2020-09-17 17:29:59,joseph.johnson049@dataops.example.com
,PAY-202009-00000000701,ORD-202009-0000003678,CUST-0000141227,2020-09-24 10:05:29,Buy Now Pay Later,Success,117.07,MXN,MEX,North America,,false,2020-09-24 10:05:29,brandon.yu006@analytics.example.com
,PAY-202009-00000000702,ORD-202009-0000005169,CUST-0000149204,2020-09-07 14:33:58,Phonepe,Success,47.06,EUR,NLD,Europe,,false,2020-09-07 14:33:58,brandi.carter038@dataops.example.com
,PAY-202009-00000000703,ORD-202009-0000003377,CUST-0000137540,2020-09-10 11:05:19,PayPal,Success,2491.0,JPY,JPN,Asia,,false,2020-09-10 11:05:19,tina.williams074@commerce.example.com
,PAY-202009-00000000704,ORD-202009-0000000757,CUST-0000141082,2020-09-30 04:16:56,PayPal,Success,748.73,EUR,ESP,Europe,,false,2020-09-30 04:16:56,alyssa.richards002@commerce.example.com
,PAY-202009-00000000705,ORD-202009-0000005659,CUST-0000144815,2020-09-17 14:43:47,Debit Card,Success,3255.52,CAD,CAN,North America,,false,2020-09-17 14:43:47,joseph.johnson049@dataops.example.com
,PAY-202009-00000000706,ORD-202009-0000004396,CUST-0000134454,2020-09-20 08:29:24,Paytm,Success,67.82,AUD,AUS,Oceania,,false,2020-09-20 08:29:24,brandi.carter038@dataops.example.com
,PAY-202009-00000000707,ORD-202009-0000001427,CUST-0000148233,2020-09-05 07:53:54,Credit Card,Success,1741.04,EUR,DEU,Europe,,false,2020-09-05 07:53:54,lance.williams029@platform.example.com
,PAY-202009-00000000708,ORD-202009-0000005102,CUST-0000135991,2020-09-20 06:40:27,Apple Pay,Success,249.61,AUD,AUS,Oceania,,false,2020-09-20 06:40:27,james.proctor094@dataops.example.com
,PAY-202009-00000000709,ORD-202009-0000005004,CUST-0000151888,2020-09-06 11:33:12,Apple Pay,Success,2181.51,GBP,GBR,Europe,,false,2020-09-06 11:33:12,stephen.clark001@analytics.example.com
,PAY-202009-00000000710,ORD-202009-0000000428,CUST-0000152076,2020-09-25 03:54:58,Paytm,Refunded,435.4,CAD,CAN,North America,,true,2020-09-25 03:54:58,victor.palmer071@platform.example.com
,PAY-202009-00000000711,ORD-202009-0000004013,CUST-0000136135,2020-09-14 00:18:12,Bank Transfer,Success,497.31,EUR,ITA,Europe,,false,2020-09-14 00:18:12,eric.horton058@analytics.example.com
,PAY-202009-00000000712,ORD-202009-0000004763,CUST-0000149290,2020-09-10 20:50:11,Debit Card,Success,2646.48,EUR,FRA,Europe,,false,2020-09-10 20:50:11,alyssa.richards002@commerce.example.com
,PAY-202009-00000000713,ORD-202009-0000002597,CUST-0000138332,2020-09-11 17:23:15,Google Pay,Success,1514.74,JPY,JPN,Asia,,false,2020-09-11 17:23:15,kelsey.taylor010@platform.example.com
,PAY-202009-00000000714,ORD-202009-0000001537,CUST-0000141857,2020-09-18 05:14:47,PayPal,Success,113.97,EUR,NLD,Europe,,false,2020-09-18 05:14:47,ryan.steele043@commerce.example.com
,PAY-202009-00000000715,ORD-202009-0000000378,CUST-0000138776,2020-09-10 20:46:45,Credit Card,Success,580.85,EUR,NLD,Europe,,false,2020-09-10 20:46:45,michael.johnson061@platform.example.com
,PAY-202009-00000000716,ORD-202009-0000001290,CUST-0000146986,2020-09-02 18:12:34,Google Pay,Success,77.67,EUR,ESP,Europe,,false,2020-09-02 18:12:34,ryan.steele043@commerce.example.com
,PAY-202009-00000000717,ORD-202009-0000000661,CUST-0000151250,2020-09-22 16:57:49,Debit Card,Success,1314.93,CAD,CAN,North America,,false,2020-09-22 16:57:49,jennifer.bauer068@analytics.example.com
,PAY-202009-00000000718,ORD-202009-0000003079,CUST-0000147000,2020-09-23 13:42:57,Google Pay,Success,2518.77,SGD,SGP,Asia,,false,2020-09-23 13:42:57,timothy.cannon081@analytics.example.com
,PAY-202009-00000000719,ORD-202009-0000000073,CUST-0000146695,2020-09-18 08:13:42,Credit Card,Success,1927.92,INR,IND,Asia,,false,2020-09-18 08:13:42,michael.johnson061@platform.example.com
,PAY-202009-00000000720,ORD-202009-0000003523,CUST-0000147356,2020-09-21 10:06:06,Buy Now Pay Later,Success,190.2,EUR,DEU,Europe,,false,2020-09-21 10:06:06,eric.mullen052@dataops.example.com
,PAY-202009-00000000721,ORD-202009-0000006177,CUST-0000135923,2020-09-29 18:56:41,Gift Card,Refunded,138.12,SGD,SGP,Asia,,true,2020-09-29 18:56:41,victor.palmer071@platform.example.com
,PAY-202009-00000000722,ORD-202009-0000005622,CUST-0000150146,2020-09-14 17:03:13,Phonepe,Success,619.34,BRL,BRA,South America,,false,2020-09-14 17:03:13,peter.martinez098@platform.example.com
,PAY-202009-00000000723,ORD-202009-0000003890,CUST-0000146703,2020-09-03 16:30:05,Apple Pay,Success,3065.63,USD,USA,North America,,false,2020-09-03 16:30:05,ashley.marks069@commerce.example.com
,PAY-202009-00000000724,ORD-202009-0000004823,CUST-0000145271,2020-09-29 23:56:13,Credit Card,Success,3019.14,EUR,FRA,Europe,,false,2020-09-29 23:56:13,stephen.daniels076@commerce.example.com
,PAY-202009-00000000725,ORD-202009-0000002837,CUST-0000147340,2020-09-13 17:46:09,Buy Now Pay Later,Success,3362.65,SGD,SGP,Asia,,false,2020-09-13 17:46:09,patrick.gonzalez035@dataops.example.com
,PAY-202009-00000000726,ORD-202009-0000005550,CUST-0000141056,2020-09-05 02:41:02,Credit Card,Success,2412.95,EUR,ESP,Europe,,false,2020-09-05 02:41:02,ashley.marks069@commerce.example.com
,PAY-202009-00000000727,ORD-202009-0000001359,CUST-0000141131,2020-09-07 06:01:22,Paytm,Success,497.43,CAD,CAN,North America,,false,2020-09-07 06:01:22,john.mullins109@commerce.example.com
,PAY-202009-00000000728,ORD-202009-0000005165,CUST-0000139400,2020-09-28 07:43:28,Google Pay,Success,2032.07,AED,ARE,Asia,,false,2020-09-28 07:43:28,megan.cunningham013@commerce.example.com
,PAY-202009-00000000729,ORD-202009-0000005885,CUST-0000142709,2020-09-25 00:42:32,Apple Pay,Success,2710.37,EUR,NLD,Europe,,false,2020-09-25 00:42:32,lance.williams029@platform.example.com
,PAY-202009-00000000730,ORD-202009-0000003321,CUST-0000138109,2020-09-06 15:23:13,Google Pay,Success,930.07,USD,USA,North America,,false,2020-09-06 15:23:13,eric.horton058@analytics.example.com
,PAY-202009-00000000731,ORD-202009-0000000338,CUST-0000146148,2020-09-09 03:58:12,Paytm,Success,3388.97,GBP,GBR,Europe,,false,2020-09-09 03:58:12,jennifer.hudson020@analytics.example.com
,PAY-202009-00000000732,ORD-202009-0000004195,CUST-0000153778,2020-09-20 12:06:41,Debit Card,Success,200.55,EUR,DEU,Europe,,false,2020-09-20 12:06:41,taylor.cunningham023@commerce.example.com
,PAY-202009-00000000733,ORD-202009-0000001947,CUST-0000152125,2020-09-25 06:24:28,Phonepe,Success,155.09,MXN,MEX,North America,,false,2020-09-25 06:24:28,ashley.marks069@commerce.example.com
,PAY-202009-00000000734,ORD-202009-0000006279,CUST-0000138710,2020-09-24 02:36:51,Gift Card,Success,1810.38,GBP,GBR,Europe,,false,2020-09-24 02:36:51,joseph.johnson049@dataops.example.com
,PAY-202009-00000000735,ORD-202009-0000000976,CUST-0000149394,2020-09-24 03:24:45,Paytm,Success,94.97,EUR,NLD,Europe,,false,2020-09-24 03:24:45,michael.johnson061@platform.example.com
,PAY-202009-00000000736,ORD-202009-0000006014,CUST-0000152061,2020-09-17 12:41:20,Paytm,Success,78.09,MXN,MEX,North America,,false,2020-09-17 12:41:20,joseph.johnson049@dataops.example.com
,PAY-202009-00000000737,ORD-202009-0000003585,CUST-0000138692,2020-09-30 01:07:37,PayPal,Success,304.71,EUR,ITA,Europe,,false,2020-09-30 01:07:37,stephen.clark001@analytics.example.com
,PAY-202009-00000000738,ORD-202009-0000006579,CUST-0000146521,2020-09-12 05:49:55,Paytm,Success,2863.51,MXN,MEX,North America,,false,2020-09-12 05:49:55,michael.berger060@platform.example.com
,PAY-202009-00000000739,ORD-202009-0000003864,CUST-0000140204,2020-09-13 05:45:01,Gift Card,Success,1715.12,AUD,AUS,Oceania,,false,2020-09-13 05:45:01,james.proctor094@dataops.example.com
,PAY-202009-00000000740,ORD-202009-0000000582,CUST-0000139668,2020-09-05 08:41:03,Credit Card,Success,2973.56,USD,USA,North America,,false,2020-09-05 08:41:03,jeffery.miller012@commerce.example.com
,PAY-202009-00000000741,ORD-202009-0000006401,CUST-0000153284,2020-09-10 14:31:25,Buy Now Pay Later,Success,751.6,CAD,CAN,North America,,false,2020-09-10 14:31:25,jeffery.miller012@commerce.example.com
,PAY-202009-00000000742,ORD-202009-0000004191,CUST-0000140878,2020-09-23 23:26:11,Phonepe,Success,3372.68,BRL,BRA,South America,,false,2020-09-23 23:26:11,patrick.gonzalez035@dataops.example.com
,PAY-202009-00000000743,ORD-202009-0000002453,CUST-0000148749,2020-09-22 01:01:27,Phonepe,Success,673.36,EUR,ITA,Europe,,false,2020-09-22 01:01:27,andrea.cummings039@platform.example.com
,PAY-202009-00000000744,ORD-202009-0000003969,CUST-0000142236,2020-09-17 02:39:27,Buy Now Pay Later,Success,2055.03,AUD,AUS,Oceania,,false,2020-09-17 02:39:27,michael.berger060@platform.example.com
,PAY-202009-00000000745,ORD-202009-0000002249,CUST-0000145190,2020-09-03 02:37:47,PayPal,Success,1552.31,AED,ARE,Asia,,false,2020-09-03 02:37:47,john.mullins109@commerce.example.com
,PAY-202009-00000000746,ORD-202009-0000001384,CUST-0000139282,2020-09-14 15:41:49,Phonepe,Success,92.55,EUR,DEU,Europe,,false,2020-09-14 15:41:49,patrick.gonzalez035@dataops.example.com
,PAY-202009-00000000747,ORD-202009-0000002150,CUST-0000153321,2020-09-19 16:33:47,PayPal,Success,1598.83,GBP,GBR,Europe,,false,2020-09-19 16:33:47,tina.williams074@commerce.example.com
,PAY-202009-00000000748,ORD-202009-0000005996,CUST-0000149246,2020-09-21 23:55:57,Debit Card,Success,1331.08,JPY,JPN,Asia,,false,2020-09-21 23:55:57,brandi.carter038@dataops.example.com
,PAY-202009-00000000749,ORD-202009-0000001185,CUST-0000135552,2020-09-23 07:39:56,Google Pay,Success,2728.01,USD,USA,North America,,false,2020-09-23 07:39:56,michael.berger060@platform.example.com
,PAY-202009-00000000750,ORD-202009-0000001071,CUST-0000137555,2020-09-14 03:26:12,PayPal,Success,2475.42,CAD,CAN,North America,,false,2020-09-14 03:26:12,jennifer.bauer068@analytics.example.com
,PAY-202009-00000000751,ORD-202009-0000005217,CUST-0000139504,2020-09-07 03:10:28,Buy Now Pay Later,Success,2315.74,INR,IND,Asia,,false,2020-09-07 03:10:28,jennifer.hudson020@analytics.example.com
,PAY-202009-00000000752,ORD-202009-0000000317,CUST-0000153866,2020-09-20 06:31:38,Bank Transfer,Success,1736.99,INR,IND,Asia,,false,2020-09-20 06:31:38,michael.johnson061@platform.example.com
,PAY-202009-00000000753,ORD-202009-0000004407,CUST-0000142046,2020-09-14 22:17:52,Debit Card,Success,582.92,EUR,DEU,Europe,,false,2020-09-14 22:17:52,stephen.clark001@analytics.example.com
,PAY-202009-00000000754,ORD-202009-0000005774,CUST-0000149987,2020-09-01 23:13:29,Google Pay,Success,2700.6,AUD,AUS,Oceania,,false,2020-09-01 23:13:29,michael.berger060@platform.example.com
,PAY-202009-00000000755,ORD-202009-0000006225,CUST-0000149016,2020-09-26 05:03:11,PayPal,Success,2800.85,AUD,AUS,Oceania,,false,2020-09-26 05:03:11,stephen.clark001@analytics.example.com
,PAY-202009-00000000756,ORD-202009-0000001057,CUST-0000150394,2020-09-09 18:39:59,Gift Card,Success,747.34,AED,ARE,Asia,,false,2020-09-09 18:39:59,patrick.gonzalez035@dataops.example.com
,PAY-202009-00000000757,ORD-202009-0000000336,CUST-0000146766,2020-09-27 12:03:24,Phonepe,Success,1687.49,EUR,FRA,Europe,,false,2020-09-27 12:03:24,brandon.yu006@analytics.example.com
,PAY-202009-00000000758,ORD-202009-0000001336,CUST-0000138909,2020-09-27 16:29:09,Debit Card,Success,949.93,AUD,AUS,Oceania,,false,2020-09-27 16:29:09,michelle.bender024@analytics.example.com
,PAY-202009-00000000759,ORD-202009-0000002166,CUST-0000150808,2020-09-08 11:25:22,Apple Pay,Success,1896.18,GBP,GBR,Europe,,false,2020-09-08 11:25:22,timothy.cannon081@analytics.example.com
,PAY-202009-00000000760,ORD-202009-0000000209,CUST-0000139561,2020-09-15 05:42:36,Buy Now Pay Later,Success,1547.14,CAD,CAN,North America,,false,2020-09-15 05:42:36,peter.martinez098@platform.example.com
,PAY-202009-00000000761,ORD-202009-0000004207,CUST-0000138505,2020-09-19 01:49:25,Bank Transfer,Success,3255.12,AED,ARE,Asia,,false,2020-09-19 01:49:25,brandi.carter038@dataops.example.com
,PAY-202009-00000000762,ORD-202009-0000002101,CUST-0000152059,2020-09-17 17:53:04,Google Pay,Failed,1448.26,EUR,ESP,Europe,Insufficient funds,false,2020-09-17 17:53:04,jeffery.miller012@commerce.example.com
,PAY-202009-00000000763,ORD-202009-0000003941,CUST-0000147895,2020-09-07 15:07:04,Apple Pay,Success,1552.92,GBP,GBR,Europe,,false,2020-09-07 15:07:04,peter.martinez098@platform.example.com
,PAY-202009-00000000764,ORD-202009-0000001500,CUST-0000153574,2020-09-12 21:16:17,Paytm,Success,1803.01,GBP,GBR,Europe,,false,2020-09-12 21:16:17,brandi.carter038@dataops.example.com
,PAY-202009-00000000765,ORD-202009-0000003958,CUST-0000135896,2020-09-17 20:15:31,PayPal,Success,3194.03,MXN,MEX,North America,,false,2020-09-17 20:15:31,lance.williams029@platform.example.com
,PAY-202009-00000000766,ORD-202009-0000001686,CUST-0000149910,2020-09-13 06:17:49,Bank Transfer,Success,2282.7,AUD,AUS,Oceania,,false,2020-09-13 06:17:49,jennifer.hudson020@analytics.example.com
,PAY-202009-00000000767,ORD-202009-0000005055,CUST-0000146256,2020-09-19 14:38:33,Google Pay,Success,1656.71,EUR,DEU,Europe,,false,2020-09-19 14:38:33,eric.mullen052@dataops.example.com
,PAY-202009-00000000768,ORD-202009-0000002999,CUST-0000136417,2020-09-10 17:37:42,Buy Now Pay Later,Success,1177.56,MXN,MEX,North America,,false,2020-09-10 17:37:42,susan.rice083@commerce.example.com
,PAY-202009-00000000769,ORD-202009-0000001446,CUST-0000148266,2020-09-29 11:29:13,Bank Transfer,Success,32.37,USD,USA,North America,,false,2020-09-29 11:29:13,megan.cunningham013@commerce.example.com
,PAY-202009-00000000770,ORD-202009-0000005516,CUST-0000145608,2020-09-27 22:35:17,Paytm,Success,3046.11,BRL,BRA,South America,,false,2020-09-27 22:35:17,micheal.chen050@dataops.example.com
,PAY-202009-00000000771,ORD-202009-0000004887,CUST-0000143029,2020-09-28 16:17:15,Debit Card,Success,384.68,JPY,JPN,Asia,,false,2020-09-28 16:17:15,timothy.cameron104@commerce.example.com
,PAY-202009-00000000772,ORD-202009-0000000853,CUST-0000137961,2020-09-28 08:27:35,Bank Transfer,Success,1468.4,SGD,SGP,Asia,,false,2020-09-28 08:27:35,michael.johnson061@platform.example.com
,PAY-202009-00000000773,ORD-202009-0000000841,CUST-0000146740,2020-09-27 07:15:58,Buy Now Pay Later,Success,2590.3,EUR,ESP,Europe,,false,2020-09-27 07:15:58,peter.martinez098@platform.example.com
,PAY-202009-00000000774,ORD-202009-0000004463,CUST-0000150538,2020-09-26 06:19:56,Phonepe,Success,1941.47,EUR,FRA,Europe,,false,2020-09-26 06:19:56,micheal.chen050@dataops.example.com
,PAY-202009-00000000775,ORD-202009-0000001255,CUST-0000144092,2020-09-26 21:31:09,PayPal,Success,959.45,MXN,MEX,North America,,false,2020-09-26 21:31:09,michael.johnson061@platform.example.com
,PAY-202009-00000000776,ORD-202009-0000000701,CUST-0000142775,2020-09-30 11:11:39,Apple Pay,Success,1702.0,EUR,FRA,Europe,,false,2020-09-30 11:11:39,john.mullins109@commerce.example.com
,PAY-202009-00000000777,ORD-202009-0000005774,CUST-0000135841,2020-09-23 17:49:11,Credit Card,Success,625.61,EUR,ITA,Europe,,false,2020-09-23 17:49:11,micheal.chen050@dataops.example.com
,PAY-202009-00000000778,ORD-202009-0000000395,CUST-0000141546,2020-09-03 06:48:59,Paytm,Success,2560.6,EUR,FRA,Europe,,false,2020-09-03 06:48:59,stephen.clark001@analytics.example.com
,PAY-202009-00000000779,ORD-202009-0000005621,CUST-0000152265,2020-09-26 07:30:18,Apple Pay,Success,1025.57,EUR,NLD,Europe,,false,2020-09-26 07:30:18,alyssa.richards002@commerce.example.com
,PAY-202009-00000000780,ORD-202009-0000006140,CUST-0000141615,2020-09-10 21:55:49,Debit Card,Success,369.36,EUR,NLD,Europe,,false,2020-09-10 21:55:49,megan.cunningham013@commerce.example.com
,PAY-202009-00000000781,ORD-202009-0000004481,CUST-0000151926,2020-09-30 06:03:36,Bank Transfer,Success,499.72,BRL,BRA,South America,,false,2020-09-30 06:03:36,kelsey.taylor010@platform.example.com
,PAY-202009-00000000782,ORD-202009-0000001989,CUST-0000151552,2020-09-22 06:13:40,Apple Pay,Success,3304.3,CAD,CAN,North America,,false,2020-09-22 06:13:40,jeffery.miller012@commerce.example.com
,PAY-202009-00000000783,ORD-202009-0000002280,CUST-0000136002,2020-09-24 22:22:44,Apple Pay,Success,2888.16,CAD,CAN,North America,,false,2020-09-24 22:22:44,james.proctor094@dataops.example.com
,PAY-202009-00000000784,ORD-202009-0000005464,CUST-0000139006,2020-09-29 01:38:30,Google Pay,Success,2181.05,EUR,NLD,Europe,,false,2020-09-29 01:38:30,micheal.hall064@dataops.example.com
,PAY-202009-00000000785,ORD-202009-0000002872,CUST-0000141501,2020-09-20 16:39:49,Debit Card,Success,1924.09,EUR,FRA,Europe,,false,2020-09-20 16:39:49,brandon.yu006@analytics.example.com
,PAY-202009-00000000786,ORD-202009-0000002664,CUST-0000151178,2020-09-29 14:42:26,Gift Card,Success,1269.16,GBP,GBR,Europe,,false,2020-09-29 14:42:26,john.mullins109@commerce.example.com
,PAY-202009-00000000787,ORD-202009-0000005178,CUST-0000143895,2020-09-24 03:41:28,PayPal,Success,2123.21,BRL,BRA,South America,,false,2020-09-24 03:41:28,megan.cunningham013@commerce.example.com
,PAY-202009-00000000788,ORD-202009-0000001083,CUST-0000134712,2020-09-19 01:56:15,PayPal,Success,1101.35,JPY,JPN,Asia,,false,2020-09-19 01:56:15,eric.mullen052@dataops.example.com
,PAY-202009-00000000789,ORD-202009-0000002454,CUST-0000153561,2020-09-30 11:30:40,PayPal,Success,1823.77,GBP,GBR,Europe,,false,2020-09-30 11:30:40,megan.cunningham013@commerce.example.com
,PAY-202009-00000000790,ORD-202009-0000002574,CUST-0000139277,2020-09-30 04:05:41,Debit Card,Success,2796.5,AUD,AUS,Oceania,,false,2020-09-30 04:05:41,joseph.johnson049@dataops.example.com
,PAY-202009-00000000791,ORD-202009-0000002154,CUST-0000147805,2020-09-19 01:10:02,PayPal,Success,2449.77,SGD,SGP,Asia,,false,2020-09-19 01:10:02,taylor.cunningham023@commerce.example.com
,PAY-202009-00000000792,ORD-202009-0000002572,CUST-0000141950,2020-09-16 04:41:48,Apple Pay,Success,237.27,JPY,JPN,Asia,,false,2020-09-16 04:41:48,peter.martinez098@platform.example.com
,PAY-202009-00000000793,ORD-202009-0000001019,CUST-0000135205,2020-09-21 09:58:57,Credit Card,Success,38.39,EUR,FRA,Europe,,false,2020-09-21 09:58:57,brandon.yu006@analytics.example.com
,PAY-202009-00000000794,ORD-202009-0000005193,CUST-0000151794,2020-09-10 03:43:07,Gift Card,Success,2681.76,MXN,MEX,North America,,false,2020-09-10 03:43:07,susan.rice083@commerce.example.com
,PAY-202009-00000000795,ORD-202009-0000001233,CUST-0000134481,2020-09-09 19:01:56,Apple Pay,Success,2152.23,EUR,ESP,Europe,,false,2020-09-09 19:01:56,michelle.bender024@analytics.example.com
,PAY-202009-00000000796,ORD-202009-0000006320,CUST-0000144142,2020-09-05 15:23:07,Credit Card,Success,2486.76,INR,IND,Asia,,false,2020-09-05 15:23:07,ashley.marks069@commerce.example.com
,PAY-202009-00000000797,ORD-202009-0000006232,CUST-0000147980,2020-09-07 23:26:19,Paytm,Success,2564.83,EUR,ITA,Europe,,false,2020-09-07 23:26:19,victor.palmer071@platform.example.com
,PAY-202009-00000000798,ORD-202009-0000002909,CUST-0000149095,2020-09-24 00:30:41,Credit Card,Success,101.69,AED,ARE,Asia,,false,2020-09-24 00:30:41,lance.williams029@platform.example.com
,PAY-202009-00000000799,ORD-202009-0000005285,CUST-0000153836,2020-09-03 10:33:12,Paytm,Success,2143.78,CAD,CAN,North America,,false,2020-09-03 10:33:12,maria.ashley046@analytics.example.com
,PAY-202009-00000000800,ORD-202009-0000000234,CUST-0000142227,2020-09-03 01:58:05,Gift Card,Success,3370.68,BRL,BRA,South America,,false,2020-09-03 01:58:05,peter.martinez098@platform.example.com
,PAY-202009-00000000801,ORD-202009-0000001465,CUST-0000150707,2020-09-03 22:24:58,Credit Card,Success,788.49,CAD,CAN,North America,,false,2020-09-03 22:24:58,lance.williams029@platform.example.com
,PAY-202009-00000000802,ORD-202009-0000006542,CUST-0000134710,2020-09-18 00:21:07,Debit Card,Success,331.58,EUR,DEU,Europe,,false,2020-09-18 00:21:07,stephen.clark001@analytics.example.com
,PAY-202009-00000000803,ORD-202009-0000004016,CUST-0000140630,2020-09-28 10:22:50,Google Pay,Success,1407.44,AED,ARE,Asia,,false,2020-09-28 10:22:50,tina.williams074@commerce.example.com
,PAY-202009-00000000804,ORD-202009-0000006179,CUST-0000145067,2020-09-08 01:33:19,Buy Now Pay Later,Success,2658.95,INR,IND,Asia,,false,2020-09-08 01:33:19,brandi.carter038@dataops.example.com
,PAY-202009-00000000805,ORD-202009-0000002979,CUST-0000150196,2020-09-22 01:14:31,Debit Card,Success,3230.27,SGD,SGP,Asia,,false,2020-09-22 01:14:31,jeffery.miller012@commerce.example.com
,PAY-202009-00000000806,ORD-202009-0000003076,CUST-0000135660,2020-09-28 22:46:05,Debit Card,Success,2896.0,JPY,JPN,Asia,,false,2020-09-28 22:46:05,jennifer.hudson020@analytics.example.com
,PAY-202009-00000000807,ORD-202009-0000005257,CUST-0000150829,2020-09-11 09:12:44,Apple Pay,Success,2837.79,EUR,FRA,Europe,,false,2020-09-11 09:12:44,andrea.cummings039@platform.example.com
,PAY-202009-00000000808,ORD-202009-0000000388,CUST-0000147888,2020-09-04 19:57:24,Buy Now Pay Later,Success,1359.37,GBP,GBR,Europe,,false,2020-09-04 19:57:24,peter.martinez098@platform.example.com
,PAY-202009-00000000809,ORD-202009-0000004479,CUST-0000143774,2020-09-21 07:11:48,Buy Now Pay Later,Success,1235.66,EUR,ITA,Europe,,false,2020-09-21 07:11:48,susan.rice083@commerce.example.com
,PAY-202009-00000000810,ORD-202009-0000001793,CUST-0000148615,2020-09-22 10:10:33,Debit Card,Success,12.36,AUD,AUS,Oceania,,false,2020-09-22 10:10:33,michelle.bender024@analytics.example.com
,PAY-202009-00000000811,ORD-202009-0000000646,CUST-0000151070,2020-09-25 09:24:57,Gift Card,Success,1045.83,EUR,FRA,Europe,,false,2020-09-25 09:24:57,adam.gordon030@commerce.example.com
,PAY-202009-00000000812,ORD-202009-0000000089,CUST-0000140498,2020-09-01 15:52:24,Apple Pay,Pending,2440.08,CAD,CAN,North America,,false,2020-09-01 15:52:24,timothy.cameron104@commerce.example.com
,PAY-202009-00000000813,ORD-202009-0000003694,CUST-0000141954,2020-09-23 10:41:29,Apple Pay,Success,2103.41,CAD,CAN,North America,,false,2020-09-23 10:41:29,adam.gordon030@commerce.example.com
,PAY-202009-00000000814,ORD-202009-0000005045,CUST-0000148585,2020-09-18 12:23:38,Credit Card,Success,1124.99,EUR,NLD,Europe,,false,2020-09-18 12:23:38,stephen.clark001@analytics.example.com
,PAY-202009-00000000815,ORD-202009-0000005440,CUST-0000150664,2020-09-03 19:49:29,Paytm,Success,55.86,JPY,JPN,Asia,,false,2020-09-03 19:49:29,eric.mullen052@dataops.example.com
,PAY-202009-00000000816,ORD-202009-0000006563,CUST-0000148033,2020-09-03 10:03:37,Bank Transfer,Success,1423.37,SGD,SGP,Asia,,false,2020-09-03 10:03:37,michael.johnson061@platform.example.com
,PAY-202009-00000000817,ORD-202009-0000000588,CUST-0000150141,2020-09-28 12:25:02,Paytm,Success,1963.54,JPY,JPN,Asia,,false,2020-09-28 12:25:02,brandon.yu006@analytics.example.com
,PAY-202009-00000000818,ORD-202009-0000003094,CUST-0000136972,2020-09-16 06:14:34,Buy Now Pay Later,Pending,2661.18,MXN,MEX,North America,,false,2020-09-16 06:14:34,stephen.daniels076@commerce.example.com
,PAY-202009-00000000819,ORD-202009-0000002179,CUST-0000142721,2020-09-27 20:55:46,Paytm,Success,646.37,EUR,ESP,Europe,,false,2020-09-27 20:55:46,adam.gordon030@commerce.example.com
,PAY-202009-00000000820,ORD-202009-0000000601,CUST-0000144810,2020-09-18 06:35:16,Gift Card,Success,2393.92,SGD,SGP,Asia,,false,2020-09-18 06:35:16,peter.martinez098@platform.example.com
,PAY-202009-00000000821,ORD-202009-0000006346,CUST-0000152147,2020-09-09 07:36:47,Credit Card,Success,584.38,BRL,BRA,South America,,false,2020-09-09 07:36:47,ryan.steele043@commerce.example.com
,PAY-202009-00000000822,ORD-202009-0000002679,CUST-0000152479,2020-09-15 23:35:55,PayPal,Success,490.44,CAD,CAN,North America,,false,2020-09-15 23:35:55,michelle.sims041@analytics.example.com
,PAY-202009-00000000823,ORD-202009-0000004219,CUST-0000151866,2020-09-08 23:45:32,Paytm,Success,812.69,JPY,JPN,Asia,,false,2020-09-08 23:45:32,stephen.clark001@analytics.example.com
,PAY-202009-00000000824,ORD-202009-0000002344,CUST-0000139042,2020-09-06 06:33:47,Phonepe,Success,3204.15,AED,ARE,Asia,,false,2020-09-06 06:33:47,jennifer.bauer068@analytics.example.com
,PAY-202009-00000000825,ORD-202009-0000001760,CUST-0000140722,2020-09-15 03:34:42,PayPal,Success,3338.13,JPY,JPN,Asia,,false,2020-09-15 03:34:42,patrick.gonzalez035@dataops.example.com
,PAY-202009-00000000826,ORD-202009-0000006253,CUST-0000148591,2020-09-26 21:03:46,PayPal,Success,1214.03,AUD,AUS,Oceania,,false,2020-09-26 21:03:46,patrick.gonzalez035@dataops.example.com
,PAY-202009-00000000827,ORD-202009-0000004286,CUST-0000142890,2020-09-14 01:48:38,Apple Pay,Success,2699.01,BRL,BRA,South America,,false,2020-09-14 01:48:38,timothy.cameron104@commerce.example.com
,PAY-202009-00000000828,ORD-202009-0000005725,CUST-0000150237,2020-09-06 07:46:10,Buy Now Pay Later,Success,2575.32,AED,ARE,Asia,,false,2020-09-06 07:46:10,timothy.cannon081@analytics.example.com
,PAY-202009-00000000829,ORD-202009-0000004934,CUST-0000150115,2020-09-17 14:04:48,Credit Card,Success,2473.61,SGD,SGP,Asia,,false,2020-09-17 14:04:48,eric.mullen052@dataops.example.com
,PAY-202009-00000000830,ORD-202009-0000002643,CUST-0000143593,2020-09-09 07:24:53,PayPal,Success,2875.14,USD,USA,North America,,false,2020-09-09 07:24:53,david.cabrera119@dataops.example.com
,PAY-202009-00000000831,ORD-202009-0000003171,CUST-0000139899,2020-09-05 01:11:34,Bank Transfer,Success,3423.04,EUR,DEU,Europe,,false,2020-09-05 01:11:34,jennifer.bauer068@analytics.example.com
,PAY-202009-00000000832,ORD-202009-0000005704,CUST-0000147337,2020-09-25 15:10:59,Gift Card,Success,2730.66,SGD,SGP,Asia,,false,2020-09-25 15:10:59,joseph.johnson049@dataops.example.com
,PAY-202009-00000000833,ORD-202009-0000005131,CUST-0000148338,2020-09-27 03:03:51,Buy Now Pay Later,Success,1632.9,AUD,AUS,Oceania,,false,2020-09-27 03:03:51,jennifer.bauer068@analytics.example.com
,PAY-202009-00000000834,ORD-202009-0000003139,CUST-0000135260,2020-09-28 15:57:55,Buy Now Pay Later,Success,1807.95,EUR,ESP,Europe,,false,2020-09-28 15:57:55,lance.williams029@platform.example.com
,PAY-202009-00000000835,ORD-202009-0000001444,CUST-0000134417,2020-09-28 00:54:32,PayPal,Success,1389.66,MXN,MEX,North America,,false,2020-09-28 00:54:32,patrick.gonzalez035@dataops.example.com
,PAY-202009-00000000836,ORD-202009-0000006431,CUST-0000145909,2020-09-11 11:48:58,Credit Card,Refunded,2371.62,AUD,AUS,Oceania,,true,2020-09-11 11:48:58,michelle.bender024@analytics.example.com
,PAY-202009-00000000837,ORD-202009-0000003333,CUST-0000148627,2020-09-20 01:09:15,Paytm,Success,3008.31,MXN,MEX,North America,,false,2020-09-20 01:09:15,timothy.cannon081@analytics.example.com
,PAY-202009-00000000838,ORD-202009-0000004750,CUST-0000149414,2020-09-26 21:46:43,Bank Transfer,Success,3096.98,EUR,FRA,Europe,,false,2020-09-26 21:46:43,ashley.marks069@commerce.example.com
,PAY-202009-00000000839,ORD-202009-0000004423,CUST-0000143428,2020-09-02 19:50:38,Paytm,Success,2400.76,SGD,SGP,Asia,,false,2020-09-02 19:50:38,stephen.daniels076@commerce.example.com
,PAY-202009-00000000840,ORD-202009-0000000831,CUST-0000139147,2020-09-20 02:28:51,Credit Card,Success,2466.51,EUR,ITA,Europe,,false,2020-09-20 02:28:51,maria.ashley046@analytics.example.com
,PAY-202009-00000000841,ORD-202009-0000001377,CUST-0000135773,2020-09-06 15:34:56,Credit Card,Success,496.94,INR,IND,Asia,,false,2020-09-06 15:34:56,taylor.cunningham023@commerce.example.com
,PAY-202009-00000000842,ORD-202009-0000001743,CUST-0000135622,2020-09-12 00:09:39,PayPal,Failed,3201.61,INR,IND,Asia,Insufficient funds,false,2020-09-12 00:09:39,david.cabrera119@dataops.example.com
,PAY-202009-00000000843,ORD-202009-0000004623,CUST-0000150401,2020-09-14 14:06:58,Phonepe,Success,148.5,GBP,GBR,Europe,,false,2020-09-14 14:06:58,micheal.hall064@dataops.example.com
,PAY-202009-00000000844,ORD-202009-0000001795,CUST-0000153134,2020-09-22 00:28:32,Phonepe,Refunded,79.19,JPY,JPN,Asia,,true,2020-09-22 00:28:32,eric.horton058@analytics.example.com
,PAY-202009-00000000845,ORD-202009-0000003201,CUST-0000136913,2020-09-03 18:07:27,Google Pay,Pending,1531.1,EUR,FRA,Europe,,false,2020-09-03 18:07:27,stephen.clark001@analytics.example.com
,PAY-202009-00000000846,ORD-202009-0000000925,CUST-0000150781,2020-09-18 00:20:06,Phonepe,Success,1613.27,BRL,BRA,South America,,false,2020-09-18 00:20:06,megan.cunningham013@commerce.example.com
,PAY-202009-00000000847,ORD-202009-0000004446,CUST-0000152656,2020-09-24 05:52:20,Debit Card,Success,76.35,JPY,JPN,Asia,,false,2020-09-24 05:52:20,megan.cunningham013@commerce.example.com
,PAY-202009-00000000848,ORD-202009-0000004387,CUST-0000149947,2020-09-27 12:38:22,Credit Card,Success,41.86,JPY,JPN,Asia,,false,2020-09-27 12:38:22,ryan.steele043@commerce.example.com
,PAY-202009-00000000849,ORD-202009-0000004359,CUST-0000147144,2020-09-14 23:24:06,Buy Now Pay Later,Pending,2565.51,EUR,ESP,Europe,,false,2020-09-14 23:24:06,michael.johnson061@platform.example.com
,PAY-202009-00000000850,ORD-202009-0000003509,CUST-0000141964,2020-09-25 15:44:13,Apple Pay,Success,233.19,INR,IND,Asia,,false,2020-09-25 15:44:13,michael.johnson061@platform.example.com
,PAY-202009-00000000851,ORD-202009-0000006245,CUST-0000152089,2020-09-30 19:10:36,Credit Card,Success,3195.12,EUR,DEU,Europe,,false,2020-09-30 19:10:36,ryan.steele043@commerce.example.com
,PAY-202009-00000000852,ORD-202009-0000004006,CUST-0000149489,2020-09-21 02:55:50,Apple Pay,Success,2132.25,BRL,BRA,South America,,false,2020-09-21 02:55:50,maria.ashley046@analytics.example.com
,PAY-202009-00000000853,ORD-202009-0000003881,CUST-0000144345,2020-09-08 00:31:35,Phonepe,Success,1942.37,JPY,JPN,Asia,,false,2020-09-08 00:31:35,jennifer.hudson020@analytics.example.com
,PAY-202009-00000000854,ORD-202009-0000001123,CUST-0000139568,2020-09-04 23:31:19,Gift Card,Success,2167.58,SGD,SGP,Asia,,false,2020-09-04 23:31:19,adam.gordon030@commerce.example.com
,PAY-202009-00000000855,ORD-202009-0000004531,CUST-0000151586,2020-09-16 21:31:29,Credit Card,Success,844.7,CAD,CAN,North America,,false,2020-09-16 21:31:29,micheal.hall064@dataops.example.com
,PAY-202009-00000000856,ORD-202009-0000004422,CUST-0000135840,2020-09-09 18:32:17,Gift Card,Success,2285.33,EUR,FRA,Europe,,false,2020-09-09 18:32:17,ryan.steele043@commerce.example.com
,PAY-202009-00000000857,ORD-202009-0000001012,CUST-0000153971,2020-09-14 13:48:10,Debit Card,Success,3096.41,EUR,ESP,Europe,,false,2020-09-14 13:48:10,maria.ashley046@analytics.example.com
,PAY-202009-00000000858,ORD-202009-0000001091,CUST-0000148804,2020-09-27 22:17:47,Credit Card,Success,471.36,JPY,JPN,Asia,,false,2020-09-27 22:17:47,ashley.marks069@commerce.example.com
,PAY-202009-00000000859,ORD-202009-0000001765,CUST-0000142036,2020-09-03 09:56:04,Phonepe,Success,3433.76,EUR,ESP,Europe,,false,2020-09-03 09:56:04,eric.mullen052@dataops.example.com
,PAY-202009-00000000860,ORD-202009-0000000194,CUST-0000137592,2020-09-04 03:05:35,Gift Card,Success,566.68,AED,ARE,Asia,,false,2020-09-04 03:05:35,michelle.bender024@analytics.example.com
,PAY-202009-00000000861,ORD-202009-0000006311,CUST-0000152588,2020-09-10 19:31:29,Debit Card,Success,870.62,EUR,FRA,Europe,,false,2020-09-10 19:31:29,eric.horton058@analytics.example.com
,PAY-202009-00000000862,ORD-202009-0000005752,CUST-0000144970,2020-09-24 07:00:44,PayPal,Failed,3032.59,GBP,GBR,Europe,Network timeout,false,2020-09-24 07:00:44,michelle.bender024@analytics.example.com
,PAY-202009-00000000863,ORD-202009-0000003238,CUST-0000149454,2020-09-27 04:59:00,Phonepe,Failed,47.32,EUR,FRA,Europe,Invalid CVV,false,2020-09-27 04:59:00,timothy.cannon081@analytics.example.com
,PAY-202009-00000000864,ORD-202009-0000006425,CUST-0000136022,2020-09-01 21:39:55,Apple Pay,Success,32.87,EUR,NLD,Europe,,false,2020-09-01 21:39:55,micheal.hall064@dataops.example.com
,PAY-202009-00000000865,ORD-202009-0000000645,CUST-0000146826,2020-09-11 19:00:12,Gift Card,Success,2235.59,CAD,CAN,North America,,false,2020-09-11 19:00:12,alyssa.richards002@commerce.example.com
,PAY-202009-00000000866,ORD-202009-0000005344,CUST-0000140661,2020-09-06 13:43:46,Debit Card,Success,3132.73,GBP,GBR,Europe,,false,2020-09-06 13:43:46,lance.williams029@platform.example.com
,PAY-202009-00000000867,ORD-202009-0000005641,CUST-0000148230,2020-09-15 12:44:23,Bank Transfer,Success,3074.64,CAD,CAN,North America,,false,2020-09-15 12:44:23,john.mullins109@commerce.example.com
,PAY-202009-00000000868,ORD-202009-0000002772,CUST-0000149382,2020-09-28 05:18:41,Phonepe,Success,2055.34,AUD,AUS,Oceania,,false,2020-09-28 05:18:41,james.proctor094@dataops.example.com
,PAY-202009-00000000869,ORD-202009-0000005432,CUST-0000148020,2020-09-14 11:36:20,Credit Card,Success,3017.46,GBP,GBR,Europe,,false,2020-09-14 11:36:20,kelsey.taylor010@platform.example.com
,PAY-202009-00000000870,ORD-202009-0000004615,CUST-0000138475,2020-09-13 09:33:22,Gift Card,Success,2926.07,SGD,SGP,Asia,,false,2020-09-13 09:33:22,lance.williams029@platform.example.com
,PAY-202009-00000000871,ORD-202009-0000001840,CUST-0000138286,2020-09-04 05:57:38,Paytm,Success,1384.97,EUR,NLD,Europe,,false,2020-09-04 05:57:38,michelle.sims041@analytics.example.com
,PAY-202009-00000000872,ORD-202009-0000003343,CUST-0000134494,2020-09-03 19:13:50,Paytm,Success,646.33,AED,ARE,Asia,,false,2020-09-03 19:13:50,andrea.cummings039@platform.example.com
,PAY-202009-00000000873,ORD-202009-0000001252,CUST-0000136814,2020-09-01 00:34:23,Apple Pay,Success,2647.68,BRL,BRA,South America,,false,2020-09-01 00:34:23,timothy.cameron104@commerce.example.com
,PAY-202009-00000000874,ORD-202009-0000000081,CUST-0000138667,2020-09-06 09:13:54,Google Pay,Success,149.68,CAD,CAN,North America,,false,2020-09-06 09:13:54,brandi.carter038@dataops.example.com
,PAY-202009-00000000875,ORD-202009-0000000528,CUST-0000146750,2020-09-19 18:05:46,Bank Transfer,Success,1004.24,MXN,MEX,North America,,false,2020-09-19 18:05:46,joseph.johnson049@dataops.example.com
,PAY-202009-00000000876,ORD-202009-0000003231,CUST-0000147713,2020-09-22 11:07:07,Phonepe,Success,2700.02,BRL,BRA,South America,,false,2020-09-22 11:07:07,eric.horton058@analytics.example.com
,PAY-202009-00000000877,ORD-202009-0000005003,CUST-0000134726,2020-09-23 16:24:01,Gift Card,Success,2197.55,EUR,ESP,Europe,,false,2020-09-23 16:24:01,micheal.chen050@dataops.example.com
,PAY-202009-00000000878,ORD-202009-0000000042,CUST-0000140016,2020-09-06 16:42:14,Gift Card,Success,3304.1,CAD,CAN,North America,,false,2020-09-06 16:42:14,michael.johnson061@platform.example.com
,PAY-202009-00000000879,ORD-202009-0000005944,CUST-0000134789,2020-09-02 07:07:13,Paytm,Success,2206.13,CAD,CAN,North America,,false,2020-09-02 07:07:13,peter.martinez098@platform.example.com
,PAY-202009-00000000880,ORD-202009-0000005208,CUST-0000151295,2020-09-23 08:13:12,PayPal,Failed,3275.97,SGD,SGP,Asia,Fraud check failed,false,2020-09-23 08:13:12,andrea.cummings039@platform.example.com
,PAY-202009-00000000881,ORD-202009-0000002392,CUST-0000147254,2020-09-05 12:00:20,Credit Card,Success,298.71,EUR,FRA,Europe,,false,2020-09-05 12:00:20,stephen.daniels076@commerce.example.com
,PAY-202009-00000000882,ORD-202009-0000001755,CUST-0000152835,2020-09-09 14:49:18,Google Pay,Success,1857.3,USD,USA,North America,,false,2020-09-09 14:49:18,susan.rice083@commerce.example.com
,PAY-202009-00000000883,ORD-202009-0000001126,CUST-0000137025,2020-09-25 19:43:37,Google Pay,Success,1529.28,EUR,NLD,Europe,,false,2020-09-25 19:43:37,david.cabrera119@dataops.example.com
,PAY-202009-00000000884,ORD-202009-0000001047,CUST-0000148776,2020-09-08 05:24:35,PayPal,Success,708.43,AUD,AUS,Oceania,,false,2020-09-08 05:24:35,stephen.clark001@analytics.example.com
,PAY-202009-00000000885,ORD-202009-0000001756,CUST-0000153277,2020-09-12 12:18:26,Apple Pay,Success,798.38,CAD,CAN,North America,,false,2020-09-12 12:18:26,eric.mullen052@dataops.example.com
,PAY-202009-00000000886,ORD-202009-0000000196,CUST-0000142051,2020-09-23 02:44:52,PayPal,Success,1746.04,JPY,JPN,Asia,,false,2020-09-23 02:44:52,ryan.steele043@commerce.example.com
,PAY-202009-00000000887,ORD-202009-0000002952,CUST-0000142934,2020-09-25 23:59:03,Buy Now Pay Later,Success,910.48,EUR,FRA,Europe,,false,2020-09-25 23:59:03,ashley.marks069@commerce.example.com
,PAY-202009-00000000888,ORD-202009-0000003897,CUST-0000138536,2020-09-11 11:23:04,PayPal,Success,3240.67,AED,ARE,Asia,,false,2020-09-11 11:23:04,megan.cunningham013@commerce.example.com
,PAY-202009-00000000889,ORD-202009-0000002325,CUST-0000135983,2020-09-19 13:44:56,Google Pay,Success,2241.51,EUR,DEU,Europe,,false,2020-09-19 13:44:56,lance.williams029@platform.example.com
,PAY-202009-00000000890,ORD-202009-0000004428,CUST-0000139278,2020-09-17 02:36:44,Phonepe,Success,600.34,EUR,NLD,Europe,,false,2020-09-17 02:36:44,lance.williams029@platform.example.com
,PAY-202009-00000000891,ORD-202009-0000005352,CUST-0000139735,2020-09-10 23:03:25,PayPal,Success,2984.85,EUR,NLD,Europe,,false,2020-09-10 23:03:25,andrea.cummings039@platform.example.com
,PAY-202009-00000000892,ORD-202009-0000004177,CUST-0000148507,2020-09-20 13:11:55,Apple Pay,Success,160.82,GBP,GBR,Europe,,false,2020-09-20 13:11:55,maria.ashley046@analytics.example.com
,PAY-202009-00000000893,ORD-202009-0000003524,CUST-0000146191,2020-09-29 01:48:36,Gift Card,Success,1440.24,EUR,DEU,Europe,,false,2020-09-29 01:48:36,alyssa.richards002@commerce.example.com
,PAY-202009-00000000894,ORD-202009-0000004704,CUST-0000139909,2020-09-03 06:22:51,Bank Transfer,Success,17.29,EUR,DEU,Europe,,false,2020-09-03 06:22:51,michael.berger060@platform.example.com
,PAY-202009-00000000895,ORD-202009-0000001623,CUST-0000140598,2020-09-07 04:49:44,Bank Transfer,Pending,982.08,CAD,CAN,North America,,false,2020-09-07 04:49:44,megan.cunningham013@commerce.example.com
,PAY-202009-00000000896,ORD-202009-0000003867,CUST-0000138219,2020-09-21 14:26:16,Apple Pay,Success,766.21,INR,IND,Asia,,false,2020-09-21 14:26:16,taylor.cunningham023@commerce.example.com
,PAY-202009-00000000897,ORD-202009-0000000373,CUST-0000144531,2020-09-09 10:47:26,PayPal,Pending,746.96,JPY,JPN,Asia,,false,2020-09-09 10:47:26,micheal.hall064@dataops.example.com
,PAY-202009-00000000898,ORD-202009-0000003142,CUST-0000140780,2020-09-17 04:53:50,Phonepe,Success,2125.13,USD,USA,North America,,false,2020-09-17 04:53:50,lance.williams029@platform.example.com
,PAY-202009-00000000899,ORD-202009-0000002507,CUST-0000145802,2020-09-06 01:49:45,Gift Card,Success,2609.54,JPY,JPN,Asia,,false,2020-09-06 01:49:45,john.mullins109@commerce.example.com
,PAY-202009-00000000900,ORD-202009-0000006262,CUST-0000153911,2020-09-28 00:12:56,Gift Card,Failed,2417.33,AUD,AUS,Oceania,Network timeout,false,2020-09-28 00:12:56,john.mullins109@commerce.example.com
,PAY-202009-00000000901,ORD-202009-0000000984,CUST-0000136539,2020-09-03 04:10:20,Gift Card,Success,1129.97,AUD,AUS,Oceania,,false,2020-09-03 04:10:20,joseph.johnson049@dataops.example.com
,PAY-202009-00000000902,ORD-202009-0000003358,CUST-0000145827,2020-09-23 00:14:40,PayPal,Success,856.92,MXN,MEX,North America,,false,2020-09-23 00:14:40,ashley.marks069@commerce.example.com
,PAY-202009-00000000903,ORD-202009-0000002782,CUST-0000151560,2020-09-27 06:00:28,Apple Pay,Failed,205.76,JPY,JPN,Asia,Fraud check failed,false,2020-09-27 06:00:28,stephen.daniels076@commerce.example.com
,PAY-202009-00000000904,ORD-202009-0000001192,CUST-0000152885,2020-09-20 21:06:33,Buy Now Pay Later,Success,1045.05,BRL,BRA,South America,,false,2020-09-20 21:06:33,taylor.cunningham023@commerce.example.com
,PAY-202009-00000000905,ORD-202009-0000002941,CUST-0000149641,2020-09-04 00:51:11,Gift Card,Success,3462.68,GBP,GBR,Europe,,false,2020-09-04 00:51:11,brandon.yu006@analytics.example.com
,PAY-202009-00000000906,ORD-202009-0000000775,CUST-0000145424,2020-09-21 06:30:40,Credit Card,Success,722.57,EUR,NLD,Europe,,false,2020-09-21 06:30:40,michael.berger060@platform.example.com
,PAY-202009-00000000907,ORD-202009-0000000411,CUST-0000140778,2020-09-05 02:03:08,Bank Transfer,Success,2604.39,EUR,DEU,Europe,,false,2020-09-05 02:03:08,kelsey.taylor010@platform.example.com
,PAY-202009-00000000908,ORD-202009-0000005197,CUST-0000152451,2020-09-04 11:32:48,Google Pay,Success,2524.95,USD,USA,North America,,false,2020-09-04 11:32:48,jennifer.bauer068@analytics.example.com
,PAY-202009-00000000909,ORD-202009-0000001870,CUST-0000150970,2020-09-23 08:58:57,Gift Card,Success,1912.1,GBP,GBR,Europe,,false,2020-09-23 08:58:57,tina.williams074@commerce.example.com
,PAY-202009-00000000910,ORD-202009-0000003588,CUST-0000149940,2020-09-23 19:14:22,Apple Pay,Success,1436.59,JPY,JPN,Asia,,false,2020-09-23 19:14:22,maria.ashley046@analytics.example.com
,PAY-202009-00000000911,ORD-202009-0000001225,CUST-0000139722,2020-09-21 08:58:16,PayPal,Failed,1016.08,EUR,DEU,Europe,Invalid CVV,false,2020-09-21 08:58:16,john.mullins109@commerce.example.com
,PAY-202009-00000000912,ORD-202009-0000003400,CUST-0000137851,2020-09-01 22:11:47,Buy Now Pay Later,Success,1122.82,BRL,BRA,South America,,false,2020-09-01 22:11:47,stephen.daniels076@commerce.example.com
,PAY-202009-00000000913,ORD-202009-0000000222,CUST-0000152032,2020-09-03 05:01:18,Google Pay,Success,2379.51,EUR,DEU,Europe,,false,2020-09-03 05:01:18,jennifer.bauer068@analytics.example.com
,PAY-202009-00000000914,ORD-202009-0000006455,CUST-0000134925,2020-09-29 08:37:35,Phonepe,Success,1768.01,EUR,FRA,Europe,,false,2020-09-29 08:37:35,victor.palmer071@platform.example.com
,PAY-202009-00000000915,ORD-202009-0000000811,CUST-0000142145,2020-09-12 06:03:40,Credit Card,Success,1765.79,JPY,JPN,Asia,,false,2020-09-12 06:03:40,jeffery.miller012@commerce.example.com
,PAY-202009-00000000916,ORD-202009-0000000084,CUST-0000134731,2020-09-27 23:27:11,Debit Card,Success,1446.65,GBP,GBR,Europe,,false,2020-09-27 23:27:11,micheal.hall064@dataops.example.com
,PAY-202009-00000000917,ORD-202009-0000006482,CUST-0000146874,2020-09-19 08:15:58,Apple Pay,Success,1421.81,USD,USA,North America,,false,2020-09-19 08:15:58,patrick.gonzalez035@dataops.example.com
,PAY-202009-00000000918,ORD-202009-0000002286,CUST-0000141064,2020-09-05 16:49:56,Debit Card,Success,1558.29,GBP,GBR,Europe,,false,2020-09-05 16:49:56,micheal.hall064@dataops.example.com
,PAY-202009-00000000919,ORD-202009-0000004118,CUST-0000135393,2020-09-28 00:07:51,Bank Transfer,Success,2138.26,JPY,JPN,Asia,,false,2020-09-28 00:07:51,eric.mullen052@dataops.example.com
,PAY-202009-00000000920,ORD-202009-0000001515,CUST-0000134478,2020-09-13 11:34:12,Gift Card,Success,997.11,BRL,BRA,South America,,false,2020-09-13 11:34:12,megan.cunningham013@commerce.example.com
,PAY-202009-00000000921,ORD-202009-0000001655,CUST-0000151671,2020-09-01 18:34:39,Bank Transfer,Success,3021.02,JPY,JPN,Asia,,false,2020-09-01 18:34:39,david.cabrera119@dataops.example.com
,PAY-202009-00000000922,ORD-202009-0000000719,CUST-0000151994,2020-09-01 05:10:09,Google Pay,Success,785.55,USD,USA,North America,,false,2020-09-01 05:10:09,joseph.johnson049@dataops.example.com
,PAY-202009-00000000923,ORD-202009-0000004460,CUST-0000147084,2020-09-26 17:30:56,Phonepe,Success,1654.42,MXN,MEX,North America,,false,2020-09-26 17:30:56,jennifer.hudson020@analytics.example.com
,PAY-202009-00000000924,ORD-202009-0000005451,CUST-0000148897,2020-09-11 20:28:41,Gift Card,Success,2869.76,EUR,DEU,Europe,,false,2020-09-11 20:28:41,susan.rice083@commerce.example.com
,PAY-202009-00000000925,ORD-202009-0000002407,CUST-0000141602,2020-09-24 11:38:45,Buy Now Pay Later,Success,3315.04,EUR,ITA,Europe,,false,2020-09-24 11:38:45,timothy.cannon081@analytics.example.com
,PAY-202009-00000000926,ORD-202009-0000001316,CUST-0000136644,2020-09-07 18:25:18,Gift Card,Success,2120.19,EUR,ESP,Europe,,false,2020-09-07 18:25:18,jeffery.miller012@commerce.example.com
,PAY-202009-00000000927,ORD-202009-0000000218,CUST-0000151660,2020-09-29 17:51:36,PayPal,Refunded,3387.43,GBP,GBR,Europe,,true,2020-09-29 17:51:36,brandon.yu006@analytics.example.com
,PAY-202009-00000000928,ORD-202009-0000004504,CUST-0000138344,2020-09-17 10:40:10,Google Pay,Success,1797.55,JPY,JPN,Asia,,false,2020-09-17 10:40:10,micheal.chen050@dataops.example.com
,PAY-202009-00000000929,ORD-202009-0000002638,CUST-0000148206,2020-09-06 04:54:55,Google Pay,Success,770.12,USD,USA,North America,,false,2020-09-06 04:54:55,james.proctor094@dataops.example.com
,PAY-202009-00000000930,ORD-202009-0000000532,CUST-0000153189,2020-09-20 22:17:04,PayPal,Success,3415.9,INR,IND,Asia,,false,2020-09-20 22:17:04,alyssa.richards002@commerce.example.com
,PAY-202009-00000000931,ORD-202009-0000005060,CUST-0000150448,2020-09-20 05:18:29,Paytm,Success,1074.67,AED,ARE,Asia,,false,2020-09-20 05:18:29,eric.mullen052@dataops.example.com
,PAY-202009-00000000932,ORD-202009-0000003282,CUST-0000153572,2020-09-01 13:08:56,Bank Transfer,Success,1587.87,JPY,JPN,Asia,,false,2020-09-01 13:08:56,michelle.bender024@analytics.example.com
,PAY-202009-00000000933,ORD-202009-0000003189,CUST-0000147887,2020-09-07 22:04:48,Paytm,Success,1075.3,MXN,MEX,North America,,false,2020-09-07 22:04:48,brandi.carter038@dataops.example.com
,PAY-202009-00000000934,ORD-202009-0000006264,CUST-0000146883,2020-09-10 20:50:12,Paytm,Success,2769.06,BRL,BRA,South America,,false,2020-09-10 20:50:12,brandon.yu006@analytics.example.com
,PAY-202009-00000000935,ORD-202009-0000001724,CUST-0000148148,2020-09-09 04:17:03,Gift Card,Success,1143.9,JPY,JPN,Asia,,false,2020-09-09 04:17:03,ryan.steele043@commerce.example.com
,PAY-202009-00000000936,ORD-202009-0000002533,CUST-0000137401,2020-09-10 08:23:25,Paytm,Success,2584.26,GBP,GBR,Europe,,false,2020-09-10 08:23:25,peter.martinez098@platform.example.com
,PAY-202009-00000000937,ORD-202009-0000004398,CUST-0000141346,2020-09-11 23:58:48,Phonepe,Pending,1263.73,AUD,AUS,Oceania,,false,2020-09-11 23:58:48,eric.mullen052@dataops.example.com
,PAY-202009-00000000938,ORD-202009-0000000456,CUST-0000141101,2020-09-03 15:47:50,PayPal,Success,562.59,AED,ARE,Asia,,false,2020-09-03 15:47:50,adam.gordon030@commerce.example.com
,PAY-202009-00000000939,ORD-202009-0000003578,CUST-0000141441,2020-09-02 17:35:09,Credit Card,Success,68.22,MXN,MEX,North America,,false,2020-09-02 17:35:09,taylor.cunningham023@commerce.example.com
,PAY-202009-00000000940,ORD-202009-0000006055,CUST-0000143995,2020-09-06 13:06:08,Apple Pay,Success,2514.54,BRL,BRA,South America,,false,2020-09-06 13:06:08,brandon.yu006@analytics.example.com
,PAY-202009-00000000941,ORD-202009-0000005832,CUST-0000138222,2020-09-20 12:12:30,Google Pay,Success,303.71,GBP,GBR,Europe,,false,2020-09-20 12:12:30,eric.horton058@analytics.example.com
,PAY-202009-00000000942,ORD-202009-0000002317,CUST-0000142649,2020-09-03 21:57:17,Gift Card,Success,3214.7,MXN,MEX,North America,,false,2020-09-03 21:57:17,susan.rice083@commerce.example.com
,PAY-202009-00000000943,ORD-202009-0000002722,CUST-0000144825,2020-09-21 09:14:05,Bank Transfer,Refunded,1394.44,EUR,NLD,Europe,,true,2020-09-21 09:14:05,kelsey.taylor010@platform.example.com
,PAY-202009-00000000944,ORD-202009-0000002803,CUST-0000143115,2020-09-04 02:28:11,Buy Now Pay Later,Success,617.07,AED,ARE,Asia,,false,2020-09-04 02:28:11,susan.rice083@commerce.example.com
,PAY-202009-00000000945,ORD-202009-0000002493,CUST-0000139802,2020-09-08 14:12:18,Buy Now Pay Later,Success,3144.56,AED,ARE,Asia,,false,2020-09-08 14:12:18,maria.ashley046@analytics.example.com
,PAY-202009-00000000946,ORD-202009-0000002397,CUST-0000142573,2020-09-30 00:33:55,Apple Pay,Success,3352.46,AED,ARE,Asia,,false,2020-09-30 00:33:55,patrick.gonzalez035@dataops.example.com
,PAY-202009-00000000947,ORD-202009-0000000702,CUST-0000138634,2020-09-18 20:36:34,Credit Card,Success,488.5,AED,ARE,Asia,,false,2020-09-18 20:36:34,eric.mullen052@dataops.example.com
,PAY-202009-00000000948,ORD-202009-0000000530,CUST-0000140884,2020-09-15 19:17:11,Gift Card,Success,259.9,INR,IND,Asia,,false,2020-09-15 19:17:11,jennifer.hudson020@analytics.example.com
,PAY-202009-00000000949,ORD-202009-0000003905,CUST-0000149500,2020-09-27 14:37:27,Gift Card,Success,2170.12,AUD,AUS,Oceania,,false,2020-09-27 14:37:27,tina.williams074@commerce.example.com
,PAY-202009-00000000950,ORD-202009-0000005491,CUST-0000145841,2020-09-22 09:19:57,Paytm,Success,1432.15,EUR,NLD,Europe,,false,2020-09-22 09:19:57,jennifer.hudson020@analytics.example.com
,PAY-202009-00000000951,ORD-202009-0000003389,CUST-0000137878,2020-09-08 04:19:02,Apple Pay,Success,2275.81,EUR,FRA,Europe,,false,2020-09-08 04:19:02,micheal.chen050@dataops.example.com
,PAY-202009-00000000952,ORD-202009-0000003020,CUST-0000138567,2020-09-06 18:08:30,Paytm,Success,1435.96,AUD,AUS,Oceania,,false,2020-09-06 18:08:30,brandon.yu006@analytics.example.com
,PAY-202009-00000000953,ORD-202009-0000005833,CUST-0000144742,2020-09-07 20:01:55,Paytm,Success,2509.26,INR,IND,Asia,,false,2020-09-07 20:01:55,james.proctor094@dataops.example.com
,PAY-202009-00000000954,ORD-202009-0000002979,CUST-0000146984,2020-09-05 13:11:14,Gift Card,Success,1000.36,INR,IND,Asia,,false,2020-09-05 13:11:14,eric.mullen052@dataops.example.com
,PAY-202009-00000000955,ORD-202009-0000000685,CUST-0000144435,2020-09-29 08:22:48,Phonepe,Success,348.69,SGD,SGP,Asia,,false,2020-09-29 08:22:48,alyssa.richards002@commerce.example.com
,PAY-202009-00000000956,ORD-202009-0000000233,CUST-0000141053,2020-09-26 22:29:50,Credit Card,Success,1304.2,GBP,GBR,Europe,,false,2020-09-26 22:29:50,alyssa.richards002@commerce.example.com
,PAY-202009-00000000957,ORD-202009-0000003739,CUST-0000139036,2020-09-17 23:27:41,Google Pay,Success,260.7,INR,IND,Asia,,false,2020-09-17 23:27:41,peter.martinez098@platform.example.com
,PAY-202009-00000000958,ORD-202009-0000004755,CUST-0000149634,2020-09-13 06:05:24,Paytm,Success,2104.98,EUR,DEU,Europe,,false,2020-09-13 06:05:24,brandi.carter038@dataops.example.com
,PAY-202009-00000000959,ORD-202009-0000001703,CUST-0000153577,2020-09-07 09:52:24,Phonepe,Success,878.24,EUR,DEU,Europe,,false,2020-09-07 09:52:24,michael.johnson061@platform.example.com
,PAY-202009-00000000960,ORD-202009-0000003233,CUST-0000151040,2020-09-05 17:02:22,Paytm,Success,3402.78,MXN,MEX,North America,,false,2020-09-05 17:02:22,maria.ashley046@analytics.example.com
,PAY-202009-00000000961,ORD-202009-0000001691,CUST-0000141942,2020-09-18 20:00:37,Phonepe,Success,2145.33,EUR,DEU,Europe,,false,2020-09-18 20:00:37,lance.williams029@platform.example.com
,PAY-202009-00000000962,ORD-202009-0000004954,CUST-0000137050,2020-09-21 04:46:48,Phonepe,Success,262.31,MXN,MEX,North America,,false,2020-09-21 04:46:48,adam.gordon030@commerce.example.com
,PAY-202009-00000000963,ORD-202009-0000006370,CUST-0000142618,2020-09-15 02:27:54,Debit Card,Success,381.59,JPY,JPN,Asia,,false,2020-09-15 02:27:54,brandi.carter038@dataops.example.com
,PAY-202009-00000000964,ORD-202009-0000004127,CUST-0000146933,2020-09-11 13:42:07,PayPal,Success,547.78,USD,USA,North America,,false,2020-09-11 13:42:07,maria.ashley046@analytics.example.com
,PAY-202009-00000000965,ORD-202009-0000001474,CUST-0000137905,2020-09-13 23:47:15,Buy Now Pay Later,Failed,2796.52,CAD,CAN,North America,Card declined,false,2020-09-13 23:47:15,lance.williams029@platform.example.com
,PAY-202009-00000000966,ORD-202009-0000004434,CUST-0000150697,2020-09-07 02:24:04,Credit Card,Pending,2723.0,SGD,SGP,Asia,,false,2020-09-07 02:24:04,micheal.hall064@dataops.example.com
,PAY-202009-00000000967,ORD-202009-0000006346,CUST-0000147278,2020-09-08 07:03:46,Apple Pay,Success,1649.97,EUR,ITA,Europe,,false,2020-09-08 07:03:46,ashley.marks069@commerce.example.com
,PAY-202009-00000000968,ORD-202009-0000000487,CUST-0000139159,2020-09-19 05:19:50,Paytm,Success,2306.72,EUR,NLD,Europe,,false,2020-09-19 05:19:50,megan.cunningham013@commerce.example.com
,PAY-202009-00000000969,ORD-202009-0000004043,CUST-0000136499,2020-09-07 11:41:13,Paytm,Success,2575.75,GBP,GBR,Europe,,false,2020-09-07 11:41:13,eric.horton058@analytics.example.com
,PAY-202009-00000000970,ORD-202009-0000000313,CUST-0000151104,2020-09-05 15:48:12,PayPal,Success,870.99,EUR,ITA,Europe,,false,2020-09-05 15:48:12,brandon.yu006@analytics.example.com
,PAY-202009-00000000971,ORD-202009-0000001982,CUST-0000136550,2020-09-06 11:59:37,Google Pay,Success,3222.3,EUR,NLD,Europe,,false,2020-09-06 11:59:37,lance.williams029@platform.example.com
,PAY-202009-00000000972,ORD-202009-0000001395,CUST-0000151323,2020-09-17 13:41:18,Paytm,Success,850.14,BRL,BRA,South America,,false,2020-09-17 13:41:18,michael.johnson061@platform.example.com
,PAY-202009-00000000973,ORD-202009-0000002258,CUST-0000144460,2020-09-08 16:23:17,Google Pay,Success,453.54,AED,ARE,Asia,,false,2020-09-08 16:23:17,taylor.cunningham023@commerce.example.com
,PAY-202009-00000000974,ORD-202009-0000001742,CUST-0000135205,2020-09-18 09:57:59,Credit Card,Success,202.8,USD,USA,North America,,false,2020-09-18 09:57:59,peter.martinez098@platform.example.com
,PAY-202009-00000000975,ORD-202009-0000002442,CUST-0000138426,2020-09-24 13:05:28,Debit Card,Success,997.16,EUR,FRA,Europe,,false,2020-09-24 13:05:28,victor.palmer071@platform.example.com
,PAY-202009-00000000976,ORD-202009-0000001730,CUST-0000150269,2020-09-06 06:39:30,Credit Card,Success,692.56,EUR,ESP,Europe,,false,2020-09-06 06:39:30,james.proctor094@dataops.example.com
,PAY-202009-00000000977,ORD-202009-0000001280,CUST-0000134955,2020-09-26 09:47:07,Gift Card,Success,2150.9,MXN,MEX,North America,,false,2020-09-26 09:47:07,timothy.cameron104@commerce.example.com
,PAY-202009-00000000978,ORD-202009-0000003697,CUST-0000136511,2020-09-20 18:45:59,Buy Now Pay Later,Success,1002.39,USD,USA,North America,,false,2020-09-20 18:45:59,brandon.yu006@analytics.example.com
,PAY-202009-00000000979,ORD-202009-0000005671,CUST-0000152921,2020-09-21 09:42:47,Google Pay,Success,356.7,EUR,ITA,Europe,,false,2020-09-21 09:42:47,john.mullins109@commerce.example.com
,PAY-202009-00000000980,ORD-202009-0000002265,CUST-0000145240,2020-09-18 01:23:53,Debit Card,Success,2317.26,MXN,MEX,North America,,false,2020-09-18 01:23:53,maria.ashley046@analytics.example.com
,PAY-202009-00000000981,ORD-202009-0000003198,CUST-0000139183,2020-09-17 10:37:32,Buy Now Pay Later,Success,465.9,EUR,FRA,Europe,,false,2020-09-17 10:37:32,jennifer.hudson020@analytics.example.com
,PAY-202009-00000000982,ORD-202009-0000004435,CUST-0000140377,2020-09-05 03:33:25,Gift Card,Success,732.37,SGD,SGP,Asia,,false,2020-09-05 03:33:25,victor.palmer071@platform.example.com
,PAY-202009-00000000983,ORD-202009-0000002046,CUST-0000149821,2020-09-16 20:44:48,Debit Card,Success,1487.53,AUD,AUS,Oceania,,false,2020-09-16 20:44:48,stephen.daniels076@commerce.example.com
,PAY-202009-00000000984,ORD-202009-0000003030,CUST-0000149068,2020-09-13 02:53:00,Gift Card,Success,241.84,EUR,ITA,Europe,,false,2020-09-13 02:53:00,maria.ashley046@analytics.example.com
,PAY-202009-00000000985,ORD-202009-0000006436,CUST-0000134509,2020-09-01 17:12:54,Debit Card,Success,2494.04,EUR,FRA,Europe,,false,2020-09-01 17:12:54,brandon.yu006@analytics.example.com
,PAY-202009-00000000986,ORD-202009-0000000760,CUST-0000148034,2020-09-24 21:38:43,Phonepe,Success,2462.8,EUR,ESP,Europe,,false,2020-09-24 21:38:43,michael.johnson061@platform.example.com
,PAY-202009-00000000987,ORD-202009-0000000892,CUST-0000150822,2020-09-28 16:55:50,Apple Pay,Success,1404.16,EUR,NLD,Europe,,false,2020-09-28 16:55:50,kelsey.taylor010@platform.example.com
,PAY-202009-00000000988,ORD-202009-0000006031,CUST-0000143428,2020-09-19 01:46:48,Debit Card,Success,190.52,AUD,AUS,Oceania,,false,2020-09-19 01:46:48,timothy.cameron104@commerce.example.com
,PAY-202009-00000000989,ORD-202009-0000000341,CUST-0000136817,2020-09-08 06:42:10,Apple Pay,Success,115.62,AUD,AUS,Oceania,,false,2020-09-08 06:42:10,susan.rice083@commerce.example.com
,PAY-202009-00000000990,ORD-202009-0000001865,CUST-0000147877,2020-09-05 13:17:16,Paytm,Success,3418.24,GBP,GBR,Europe,,false,2020-09-05 13:17:16,stephen.daniels076@commerce.example.com
,PAY-202009-00000000991,ORD-202009-0000005780,CUST-0000135087,2020-09-01 05:39:43,Gift Card,Success,3334.96,EUR,ESP,Europe,,false,2020-09-01 05:39:43,david.cabrera119@dataops.example.com
,PAY-202009-00000000992,ORD-202009-0000005340,CUST-0000151272,2020-09-03 22:29:05,PayPal,Success,1993.66,AUD,AUS,Oceania,,false,2020-09-03 22:29:05,tina.williams074@commerce.example.com
,PAY-202009-00000000993,ORD-202009-0000003593,CUST-0000144081,2020-09-09 12:40:24,Google Pay,Refunded,365.9,MXN,MEX,North America,,true,2020-09-09 12:40:24,jennifer.bauer068@analytics.example.com
,PAY-202009-00000000994,ORD-202009-0000000837,CUST-0000146071,2020-09-27 09:27:29,Debit Card,Success,210.26,INR,IND,Asia,,false,2020-09-27 09:27:29,taylor.cunningham023@commerce.example.com
,PAY-202009-00000000995,ORD-202009-0000004884,CUST-0000141012,2020-09-27 06:39:41,Bank Transfer,Success,1888.75,EUR,FRA,Europe,,false,2020-09-27 06:39:41,peter.martinez098@platform.example.com
,PAY-202009-00000000996,ORD-202009-0000004443,CUST-0000142727,2020-09-27 10:41:50,Gift Card,Success,3315.96,BRL,BRA,South America,,false,2020-09-27 10:41:50,eric.horton058@analytics.example.com
,PAY-202009-00000000997,ORD-202009-0000001460,CUST-0000149603,2020-09-29 20:29:04,Gift Card,Success,3038.89,MXN,MEX,North America,,false,2020-09-29 20:29:04,micheal.hall064@dataops.example.com
,PAY-202009-00000000998,ORD-202009-0000001915,CUST-0000142759,2020-09-02 23:37:51,Paytm,Success,597.22,JPY,JPN,Asia,,false,2020-09-02 23:37:51,megan.cunningham013@commerce.example.com
,PAY-202009-00000000999,ORD-202009-0000001494,CUST-0000136283,2020-09-19 02:11:35,PayPal,Success,2544.26,INR,IND,Asia,,false,2020-09-19 02:11:35,megan.cunningham013@commerce.example.com
,PAY-202009-00000001000,ORD-202009-0000005617,CUST-0000146835,2020-09-20 14:43:26,Apple Pay,Success,742.81,JPY,JPN,Asia,,false,2020-09-20 14:43:26,brandi.carter038@dataops.example.com
,PAY-202009-00000001001,ORD-202009-0000003787,CUST-0000137074,2020-09-25 21:05:42,PayPal,Success,72.41,SGD,SGP,Asia,,false,2020-09-25 21:05:42,brandon.yu006@analytics.example.com
,PAY-202009-00000001002,ORD-202009-0000002271,CUST-0000150548,2020-09-10 03:34:37,Credit Card,Success,2085.19,MXN,MEX,North America,,false,2020-09-10 03:34:37,michael.berger060@platform.example.com
,PAY-202009-00000001003,ORD-202009-0000002798,CUST-0000152966,2020-09-09 12:59:34,Bank Transfer,Success,53.46,EUR,DEU,Europe,,false,2020-09-09 12:59:34,stephen.daniels076@commerce.example.com
,PAY-202009-00000001004,ORD-202009-0000003166,CUST-0000139743,2020-09-06 15:33:09,Paytm,Success,1072.95,AUD,AUS,Oceania,,false,2020-09-06 15:33:09,jennifer.hudson020@analytics.example.com
,PAY-202009-00000001005,ORD-202009-0000002315,CUST-0000153536,2020-09-03 04:01:56,Bank Transfer,Success,1851.78,EUR,DEU,Europe,,false,2020-09-03 04:01:56,alyssa.richards002@commerce.example.com
,PAY-202009-00000001006,ORD-202009-0000000444,CUST-0000153255,2020-09-23 14:21:23,Debit Card,Success,1574.5,EUR,NLD,Europe,,false,2020-09-23 14:21:23,kelsey.taylor010@platform.example.com
,PAY-202009-00000001007,ORD-202009-0000005692,CUST-0000148125,2020-09-24 01:28:59,Phonepe,Success,1066.38,GBP,GBR,Europe,,false,2020-09-24 01:28:59,micheal.chen050@dataops.example.com
,PAY-202009-00000001008,ORD-202009-0000003976,CUST-0000151641,2020-09-13 18:53:20,Phonepe,Success,2083.04,SGD,SGP,Asia,,false,2020-09-13 18:53:20,brandon.yu006@analytics.example.com
,PAY-202009-00000001009,ORD-202009-0000002896,CUST-0000148845,2020-09-15 13:32:27,Buy Now Pay Later,Success,2643.1,EUR,ITA,Europe,,false,2020-09-15 13:32:27,jennifer.bauer068@analytics.example.com
,PAY-202009-00000001010,ORD-202009-0000003354,CUST-0000135786,2020-09-25 19:22:32,Phonepe,Success,2154.59,GBP,GBR,Europe,,false,2020-09-25 19:22:32,timothy.cameron104@commerce.example.com
,PAY-202009-00000001011,ORD-202009-0000005638,CUST-0000134745,2020-09-24 09:00:32,Bank Transfer,Success,303.17,EUR,FRA,Europe,,false,2020-09-24 09:00:32,stephen.daniels076@commerce.example.com
,PAY-202009-00000001012,ORD-202009-0000000941,CUST-0000150666,2020-09-26 19:15:07,PayPal,Success,2147.43,BRL,BRA,South America,,false,2020-09-26 19:15:07,michael.johnson061@platform.example.com
,PAY-202009-00000001013,ORD-202009-0000002010,CUST-0000143744,2020-09-05 02:54:32,Buy Now Pay Later,Success,3441.96,INR,IND,Asia,,false,2020-09-05 02:54:32,jennifer.bauer068@analytics.example.com
,PAY-202009-00000001014,ORD-202009-0000003587,CUST-0000145476,2020-09-14 08:52:37,Apple Pay,Success,50.27,EUR,NLD,Europe,,false,2020-09-14 08:52:37,jennifer.bauer068@analytics.example.com
,PAY-202009-00000001015,ORD-202009-0000001162,CUST-0000139375,2020-09-05 16:09:46,Buy Now Pay Later,Pending,493.23,MXN,MEX,North America,,false,2020-09-05 16:09:46,joseph.johnson049@dataops.example.com
,PAY-202009-00000001016,ORD-202009-0000004962,CUST-0000153564,2020-09-14 09:05:45,Google Pay,Success,778.5,EUR,DEU,Europe,,false,2020-09-14 09:05:45,taylor.cunningham023@commerce.example.com
,PAY-202009-00000001017,ORD-202009-0000001223,CUST-0000138912,2020-09-10 01:03:50,Credit Card,Success,133.53,EUR,ITA,Europe,,false,2020-09-10 01:03:50,jeffery.miller012@commerce.example.com
,PAY-202009-00000001018,ORD-202009-0000005826,CUST-0000146066,2020-09-17 14:01:53,Paytm,Success,356.43,EUR,DEU,Europe,,false,2020-09-17 14:01:53,andrea.cummings039@platform.example.com
,PAY-202009-00000001019,ORD-202009-0000005292,CUST-0000144478,2020-09-22 18:50:33,Credit Card,Success,2899.53,SGD,SGP,Asia,,false,2020-09-22 18:50:33,alyssa.richards002@commerce.example.com
,PAY-202009-00000001020,ORD-202009-0000005493,CUST-0000141048,2020-09-26 06:43:55,Apple Pay,Success,1886.27,AUD,AUS,Oceania,,false,2020-09-26 06:43:55,megan.cunningham013@commerce.example.com
,PAY-202009-00000001021,ORD-202009-0000003381,CUST-0000143635,2020-09-25 01:10:39,Phonepe,Success,2628.5,EUR,ITA,Europe,,false,2020-09-25 01:10:39,stephen.daniels076@commerce.example.com
,PAY-202009-00000001022,ORD-202009-0000004710,CUST-0000140042,2020-09-20 07:01:23,Bank Transfer,Success,1145.38,USD,USA,North America,,false,2020-09-20 07:01:23,kelsey.taylor010@platform.example.com
,PAY-202009-00000001023,ORD-202009-0000002460,CUST-0000149906,2020-09-05 23:18:37,Apple Pay,Success,3291.29,AED,ARE,Asia,,false,2020-09-05 23:18:37,stephen.daniels076@commerce.example.com
,PAY-202009-00000001024,ORD-202009-0000005881,CUST-0000138405,2020-09-28 13:28:55,PayPal,Success,1068.28,GBP,GBR,Europe,,false,2020-09-28 13:28:55,ashley.marks069@commerce.example.com
,PAY-202009-00000001025,ORD-202009-0000002445,CUST-0000144161,2020-09-20 19:57:03,Google Pay,Success,1859.81,EUR,NLD,Europe,,false,2020-09-20 19:57:03,tina.williams074@commerce.example.com
,PAY-202009-00000001026,ORD-202009-0000003291,CUST-0000135868,2020-09-07 22:27:53,Apple Pay,Success,3228.0,INR,IND,Asia,,false,2020-09-07 22:27:53,maria.ashley046@analytics.example.com
,PAY-202009-00000001027,ORD-202009-0000001943,CUST-0000144194,2020-09-03 09:23:34,Phonepe,Success,3177.14,EUR,DEU,Europe,,false,2020-09-03 09:23:34,andrea.cummings039@platform.example.com
,PAY-202009-00000001028,ORD-202009-0000003558,CUST-0000152006,2020-09-23 02:56:18,PayPal,Success,152.31,AED,ARE,Asia,,false,2020-09-23 02:56:18,tina.williams074@commerce.example.com
,PAY-202009-00000001029,ORD-202009-0000004881,CUST-0000149462,2020-09-17 03:07:14,Debit Card,Success,2217.9,AED,ARE,Asia,,false,2020-09-17 03:07:14,jeffery.miller012@commerce.example.com
,PAY-202009-00000001030,ORD-202009-0000005540,CUST-0000135507,2020-09-20 13:45:01,Apple Pay,Success,762.1,EUR,ESP,Europe,,false,2020-09-20 13:45:01,adam.gordon030@commerce.example.com
,PAY-202009-00000001031,ORD-202009-0000004592,CUST-0000148057,2020-09-23 21:20:37,Debit Card,Success,1517.56,GBP,GBR,Europe,,false,2020-09-23 21:20:37,micheal.chen050@dataops.example.com
,PAY-202009-00000001032,ORD-202009-0000001663,CUST-0000139175,2020-09-15 08:11:47,Debit Card,Success,2662.09,EUR,DEU,Europe,,false,2020-09-15 08:11:47,andrea.cummings039@platform.example.com
,PAY-202009-00000001033,ORD-202009-0000005165,CUST-0000149140,2020-09-28 00:15:23,Bank Transfer,Success,922.68,JPY,JPN,Asia,,false,2020-09-28 00:15:23,eric.mullen052@dataops.example.com
,PAY-202009-00000001034,ORD-202009-0000003039,CUST-0000150971,2020-09-27 15:29:15,Credit Card,Success,2731.33,EUR,ITA,Europe,,false,2020-09-27 15:29:15,adam.gordon030@commerce.example.com
,PAY-202009-00000001035,ORD-202009-0000006302,CUST-0000136241,2020-09-25 23:52:53,Apple Pay,Success,334.53,INR,IND,Asia,,false,2020-09-25 23:52:53,stephen.clark001@analytics.example.com
,PAY-202009-00000001036,ORD-202009-0000000703,CUST-0000151222,2020-09-11 22:06:20,Apple Pay,Success,589.21,JPY,JPN,Asia,,false,2020-09-11 22:06:20,stephen.clark001@analytics.example.com
,PAY-202009-00000001037,ORD-202009-0000000500,CUST-0000138853,2020-09-28 20:42:05,Bank Transfer,Failed,273.04,CAD,CAN,North America,Network timeout,false,2020-09-28 20:42:05,tina.williams074@commerce.example.com
,PAY-202009-00000001038,ORD-202009-0000002090,CUST-0000146113,2020-09-27 18:52:56,Paytm,Success,2851.45,AUD,AUS,Oceania,,false,2020-09-27 18:52:56,alyssa.richards002@commerce.example.com
,PAY-202009-00000001039,ORD-202009-0000005592,CUST-0000145135,2020-09-01 15:45:27,Apple Pay,Success,1900.95,JPY,JPN,Asia,,false,2020-09-01 15:45:27,kelsey.taylor010@platform.example.com
,PAY-202009-00000001040,ORD-202009-0000000490,CUST-0000136717,2020-09-15 03:46:36,Debit Card,Success,326.58,BRL,BRA,South America,,false,2020-09-15 03:46:36,andrea.cummings039@platform.example.com
,PAY-202009-00000001041,ORD-202009-0000001685,CUST-0000139314,2020-09-10 14:58:15,Bank Transfer,Success,2945.22,SGD,SGP,Asia,,false,2020-09-10 14:58:15,ashley.marks069@commerce.example.com
,PAY-202009-00000001042,ORD-202009-0000001509,CUST-0000149246,2020-09-02 06:20:00,Bank Transfer,Refunded,2874.55,EUR,NLD,Europe,,true,2020-09-02 06:20:00,joseph.johnson049@dataops.example.com
,PAY-202009-00000001043,ORD-202009-0000005856,CUST-0000137470,2020-09-12 13:44:09,Apple Pay,Success,2858.58,EUR,DEU,Europe,,false,2020-09-12 13:44:09,michael.berger060@platform.example.com
,PAY-202009-00000001044,ORD-202009-0000002935,CUST-0000137450,2020-09-15 04:05:28,PayPal,Success,1178.28,MXN,MEX,North America,,false,2020-09-15 04:05:28,susan.rice083@commerce.example.com
,PAY-202009-00000001045,ORD-202009-0000004883,CUST-0000140297,2020-09-18 14:29:39,Apple Pay,Success,2739.74,USD,USA,North America,,false,2020-09-18 14:29:39,michael.berger060@platform.example.com
,PAY-202009-00000001046,ORD-202009-0000005950,CUST-0000152096,2020-09-06 12:11:07,PayPal,Success,905.15,EUR,ITA,Europe,,false,2020-09-06 12:11:07,stephen.daniels076@commerce.example.com
,PAY-202009-00000001047,ORD-202009-0000003245,CUST-0000142819,2020-09-10 00:51:37,Apple Pay,Success,486.6,BRL,BRA,South America,,false,2020-09-10 00:51:37,brandon.yu006@analytics.example.com
,PAY-202009-00000001048,ORD-202009-0000005043,CUST-0000138695,2020-09-04 10:08:01,Phonepe,Success,1522.94,JPY,JPN,Asia,,false,2020-09-04 10:08:01,micheal.hall064@dataops.example.com
,PAY-202009-00000001049,ORD-202009-0000002138,CUST-0000139581,2020-09-22 09:25:35,Bank Transfer,Success,1122.68,EUR,ESP,Europe,,false,2020-09-22 09:25:35,michelle.sims041@analytics.example.com
,PAY-202009-00000001050,ORD-202009-0000004460,CUST-0000140523,2020-09-18 10:28:28,Phonepe,Success,1018.97,EUR,FRA,Europe,,false,2020-09-18 10:28:28,lance.williams029@platform.example.com
,PAY-202009-00000001051,ORD-202009-0000005662,CUST-0000149531,2020-09-11 22:30:42,Paytm,Success,1456.02,EUR,DEU,Europe,,false,2020-09-11 22:30:42,timothy.cannon081@analytics.example.com
,PAY-202009-00000001052,ORD-202009-0000004197,CUST-0000145638,2020-09-15 22:57:14,Google Pay,Success,1108.33,BRL,BRA,South America,,false,2020-09-15 22:57:14,peter.martinez098@platform.example.com
,PAY-202009-00000001053,ORD-202009-0000002575,CUST-0000135394,2020-09-05 05:30:52,Gift Card,Success,2258.65,AUD,AUS,Oceania,,false,2020-09-05 05:30:52,stephen.clark001@analytics.example.com
,PAY-202009-00000001054,ORD-202009-0000003076,CUST-0000153110,2020-09-15 21:02:37,PayPal,Success,682.65,MXN,MEX,North America,,false,2020-09-15 21:02:37,jennifer.hudson020@analytics.example.com
,PAY-202009-00000001055,ORD-202009-0000001864,CUST-0000151540,2020-09-01 01:19:08,Buy Now Pay Later,Success,529.95,EUR,FRA,Europe,,false,2020-09-01 01:19:08,ashley.marks069@commerce.example.com
,PAY-202009-00000001056,ORD-202009-0000001304,CUST-0000151587,2020-09-08 20:41:42,Debit Card,Success,126.09,EUR,ITA,Europe,,false,2020-09-08 20:41:42,alyssa.richards002@commerce.example.com
,PAY-202009-00000001057,ORD-202009-0000002839,CUST-0000141013,2020-09-10 23:02:29,Apple Pay,Failed,543.79,EUR,FRA,Europe,Fraud check failed,false,2020-09-10 23:02:29,tina.williams074@commerce.example.com
,PAY-202009-00000001058,ORD-202009-0000003396,CUST-0000135472,2020-09-26 22:04:48,Phonepe,Success,1140.23,EUR,NLD,Europe,,false,2020-09-26 22:04:48,michelle.sims041@analytics.example.com
,PAY-202009-00000001059,ORD-202009-0000005599,CUST-0000149062,2020-09-09 23:20:44,Credit Card,Success,2371.04,JPY,JPN,Asia,,false,2020-09-09 23:20:44,michelle.sims041@analytics.example.com
,PAY-202009-00000001060,ORD-202009-0000000760,CUST-0000136216,2020-09-23 10:25:34,Google Pay,Success,1274.85,CAD,CAN,North America,,false,2020-09-23 10:25:34,james.proctor094@dataops.example.com
,PAY-202009-00000001061,ORD-202009-0000006226,CUST-0000134831,2020-09-26 11:22:24,PayPal,Success,789.58,JPY,JPN,Asia,,false,2020-09-26 11:22:24,lance.williams029@platform.example.com
,PAY-202009-00000001062,ORD-202009-0000004099,CUST-0000150633,2020-09-07 04:15:51,Apple Pay,Success,273.67,EUR,FRA,Europe,,false,2020-09-07 04:15:51,taylor.cunningham023@commerce.example.com
,PAY-202009-00000001063,ORD-202009-0000006484,CUST-0000139191,2020-09-22 05:22:51,PayPal,Success,605.77,CAD,CAN,North America,,false,2020-09-22 05:22:51,susan.rice083@commerce.example.com
,PAY-202009-00000001064,ORD-202009-0000004669,CUST-0000138110,2020-09-23 07:04:38,Google Pay,Success,956.34,EUR,FRA,Europe,,false,2020-09-23 07:04:38,adam.gordon030@commerce.example.com
,PAY-202009-00000001065,ORD-202009-0000002501,CUST-0000148577,2020-09-28 14:08:21,Debit Card,Success,699.94,CAD,CAN,North America,,false,2020-09-28 14:08:21,john.mullins109@commerce.example.com
,PAY-202009-00000001066,ORD-202009-0000004230,CUST-0000139864,2020-09-28 23:09:28,Phonepe,Success,422.86,EUR,FRA,Europe,,false,2020-09-28 23:09:28,victor.palmer071@platform.example.com
,PAY-202009-00000001067,ORD-202009-0000004400,CUST-0000141023,2020-09-17 08:44:28,Apple Pay,Success,3283.31,BRL,BRA,South America,,false,2020-09-17 08:44:28,jeffery.miller012@commerce.example.com
,PAY-202009-00000001068,ORD-202009-0000003516,CUST-0000137078,2020-09-23 08:36:48,Phonepe,Success,3012.54,EUR,FRA,Europe,,false,2020-09-23 08:36:48,eric.horton058@analytics.example.com
,PAY-202009-00000001069,ORD-202009-0000002362,CUST-0000139434,2020-09-10 00:37:42,Apple Pay,Success,699.0,GBP,GBR,Europe,,false,2020-09-10 00:37:42,micheal.hall064@dataops.example.com
,PAY-202009-00000001070,ORD-202009-0000004463,CUST-0000144841,2020-09-05 02:11:25,Paytm,Success,2450.14,JPY,JPN,Asia,,false,2020-09-05 02:11:25,david.cabrera119@dataops.example.com
,PAY-202009-00000001071,ORD-202009-0000001752,CUST-0000145799,2020-09-26 04:40:48,Gift Card,Success,1696.44,MXN,MEX,North America,,false,2020-09-26 04:40:48,ryan.steele043@commerce.example.com
,PAY-202009-00000001072,ORD-202009-0000002545,CUST-0000145425,2020-09-11 12:42:10,Credit Card,Success,1926.28,EUR,NLD,Europe,,false,2020-09-11 12:42:10,michael.berger060@platform.example.com
,PAY-202009-00000001073,ORD-202009-0000001118,CUST-0000144145,2020-09-16 20:38:04,Google Pay,Success,2579.92,JPY,JPN,Asia,,false,2020-09-16 20:38:04,stephen.clark001@analytics.example.com
,PAY-202009-00000001074,ORD-202009-0000000541,CUST-0000136088,2020-09-20 16:29:13,Gift Card,Success,2367.24,SGD,SGP,Asia,,false,2020-09-20 16:29:13,james.proctor094@dataops.example.com
,PAY-202009-00000001075,ORD-202009-0000004057,CUST-0000136877,2020-09-03 15:49:02,Buy Now Pay Later,Pending,398.58,AUD,AUS,Oceania,,false,2020-09-03 15:49:02,eric.horton058@analytics.example.com
,PAY-202009-00000001076,ORD-202009-0000003799,CUST-0000149554,2020-09-05 16:04:18,Bank Transfer,Success,425.35,GBP,GBR,Europe,,false,2020-09-05 16:04:18,brandon.yu006@analytics.example.com
,PAY-202009-00000001077,ORD-202009-0000002540,CUST-0000139530,2020-09-23 12:27:51,Buy Now Pay Later,Pending,436.86,BRL,BRA,South America,,false,2020-09-23 12:27:51,michael.berger060@platform.example.com
,PAY-202009-00000001078,ORD-202009-0000005854,CUST-0000135753,2020-09-22 20:27:10,Apple Pay,Pending,2600.68,EUR,DEU,Europe,,false,2020-09-22 20:27:10,andrea.cummings039@platform.example.com
,PAY-202009-00000001079,ORD-202009-0000002179,CUST-0000153619,2020-09-26 08:35:29,Buy Now Pay Later,Success,1281.05,EUR,ESP,Europe,,false,2020-09-26 08:35:29,jeffery.miller012@commerce.example.com
,PAY-202009-00000001080,ORD-202009-0000001359,CUST-0000151034,2020-09-24 02:02:00,Apple Pay,Success,852.2,BRL,BRA,South America,,false,2020-09-24 02:02:00,alyssa.richards002@commerce.example.com
,PAY-202009-00000001081,ORD-202009-0000003315,CUST-0000148100,2020-09-06 01:02:44,Phonepe,Success,2147.28,MXN,MEX,North America,,false,2020-09-06 01:02:44,ryan.steele043@commerce.example.com
,PAY-202009-00000001082,ORD-202009-0000006080,CUST-0000135062,2020-09-24 18:49:38,Apple Pay,Success,1043.46,GBP,GBR,Europe,,false,2020-09-24 18:49:38,timothy.cameron104@commerce.example.com
,PAY-202009-00000001083,ORD-202009-0000005342,CUST-0000146694,2020-09-22 02:28:41,Google Pay,Success,2235.9,BRL,BRA,South America,,false,2020-09-22 02:28:41,peter.martinez098@platform.example.com
,PAY-202009-00000001084,ORD-202009-0000004303,CUST-0000136901,2020-09-04 02:24:37,Phonepe,Success,100.38,EUR,NLD,Europe,,false,2020-09-04 02:24:37,ashley.marks069@commerce.example.com
,PAY-202009-00000001085,ORD-202009-0000000329,CUST-0000141712,2020-09-08 15:06:12,Gift Card,Success,2553.49,AED,ARE,Asia,,false,2020-09-08 15:06:12,brandi.carter038@dataops.example.com
,PAY-202009-00000001086,ORD-202009-0000005446,CUST-0000149781,2020-09-08 00:49:36,Google Pay,Success,702.74,USD,USA,North America,,false,2020-09-08 00:49:36,jeffery.miller012@commerce.example.com
,PAY-202009-00000001087,ORD-202009-0000005207,CUST-0000138787,2020-09-08 06:52:08,Phonepe,Success,2259.58,EUR,NLD,Europe,,false,2020-09-08 06:52:08,michael.berger060@platform.example.com
,PAY-202009-00000001088,ORD-202009-0000004755,CUST-0000135744,2020-09-20 02:55:36,Debit Card,Success,2457.12,JPY,JPN,Asia,,false,2020-09-20 02:55:36,eric.horton058@analytics.example.com
,PAY-202009-00000001089,ORD-202009-0000004576,CUST-0000153055,2020-09-30 18:11:43,Bank Transfer,Success,1246.84,AED,ARE,Asia,,false,2020-09-30 18:11:43,andrea.cummings039@platform.example.com
,PAY-202009-00000001090,ORD-202009-0000004408,CUST-0000139804,2020-09-28 01:03:39,Gift Card,Success,1595.11,GBP,GBR,Europe,,false,2020-09-28 01:03:39,ashley.marks069@commerce.example.com
,PAY-202009-00000001091,ORD-202009-0000001139,CUST-0000134780,2020-09-23 01:38:33,Apple Pay,Success,2449.43,USD,USA,North America,,false,2020-09-23 01:38:33,peter.martinez098@platform.example.com
,PAY-202009-00000001092,ORD-202009-0000000167,CUST-0000140655,2020-09-09 21:11:40,Google Pay,Success,1662.88,SGD,SGP,Asia,,false,2020-09-09 21:11:40,david.cabrera119@dataops.example.com
,PAY-202009-00000001093,ORD-202009-0000002105,CUST-0000145614,2020-09-09 17:12:03,PayPal,Success,2949.79,EUR,DEU,Europe,,false,2020-09-09 17:12:03,micheal.chen050@dataops.example.com
,PAY-202009-00000001094,ORD-202009-0000003390,CUST-0000147476,2020-09-02 01:45:36,Google Pay,Failed,144.12,EUR,FRA,Europe,Network timeout,false,2020-09-02 01:45:36,patrick.gonzalez035@dataops.example.com
,PAY-202009-00000001095,ORD-202009-0000001985,CUST-0000138460,2020-09-25 19:39:23,Paytm,Success,824.6,BRL,BRA,South America,,false,2020-09-25 19:39:23,susan.rice083@commerce.example.com
,PAY-202009-00000001096,ORD-202009-0000003965,CUST-0000147572,2020-09-14 14:20:11,Gift Card,Success,3405.94,EUR,DEU,Europe,,false,2020-09-14 14:20:11,timothy.cannon081@analytics.example.com
,PAY-202009-00000001097,ORD-202009-0000002849,CUST-0000143033,2020-09-16 19:48:32,Credit Card,Success,2829.29,EUR,DEU,Europe,,false,2020-09-16 19:48:32,alyssa.richards002@commerce.example.com
,PAY-202009-00000001098,ORD-202009-0000005941,CUST-0000151590,2020-09-11 12:38:39,Debit Card,Success,1830.91,SGD,SGP,Asia,,false,2020-09-11 12:38:39,james.proctor094@dataops.example.com
,PAY-202009-00000001099,ORD-202009-0000003052,CUST-0000136602,2020-09-11 21:33:55,Google Pay,Success,125.34,GBP,GBR,Europe,,false,2020-09-11 21:33:55,brandon.yu006@analytics.example.com
,PAY-202009-00000001100,ORD-202009-0000005808,CUST-0000148885,2020-09-24 20:12:07,Apple Pay,Success,3441.47,EUR,DEU,Europe,,false,2020-09-24 20:12:07,adam.gordon030@commerce.example.com
,PAY-202009-00000001101,ORD-202009-0000003104,CUST-0000150954,2020-09-13 00:00:08,Bank Transfer,Success,619.58,AUD,AUS,Oceania,,false,2020-09-13 00:00:08,brandon.yu006@analytics.example.com
,PAY-202009-00000001102,ORD-202009-0000000255,CUST-0000143368,2020-09-01 02:43:17,Debit Card,Success,3436.61,SGD,SGP,Asia,,false,2020-09-01 02:43:17,andrea.cummings039@platform.example.com
,PAY-202009-00000001103,ORD-202009-0000005549,CUST-0000145901,2020-09-12 11:35:07,Buy Now Pay Later,Success,834.06,EUR,ESP,Europe,,false,2020-09-12 11:35:07,david.cabrera119@dataops.example.com
,PAY-202009-00000001104,ORD-202009-0000005174,CUST-0000135360,2020-09-18 20:21:26,Buy Now Pay Later,Success,1973.76,USD,USA,North America,,false,2020-09-18 20:21:26,jennifer.hudson020@analytics.example.com
,PAY-202009-00000001105,ORD-202009-0000000391,CUST-0000152509,2020-09-27 10:57:52,Apple Pay,Success,1607.33,INR,IND,Asia,,false,2020-09-27 10:57:52,micheal.hall064@dataops.example.com
,PAY-202009-00000001106,ORD-202009-0000003685,CUST-0000138672,2020-09-19 01:06:29,Apple Pay,Success,2870.11,AED,ARE,Asia,,false,2020-09-19 01:06:29,micheal.chen050@dataops.example.com
,PAY-202009-00000001107,ORD-202009-0000006437,CUST-0000140380,2020-09-22 20:15:28,Google Pay,Pending,2211.83,EUR,ITA,Europe,,false,2020-09-22 20:15:28,megan.cunningham013@commerce.example.com
,PAY-202009-00000001108,ORD-202009-0000002490,CUST-0000144126,2020-09-18 19:16:08,Credit Card,Success,2151.05,AUD,AUS,Oceania,,false,2020-09-18 19:16:08,adam.gordon030@commerce.example.com
,PAY-202009-00000001109,ORD-202009-0000001371,CUST-0000141923,2020-09-07 00:27:53,Bank Transfer,Success,2712.44,AUD,AUS,Oceania,,false,2020-09-07 00:27:53,alyssa.richards002@commerce.example.com
,PAY-202009-00000001110,ORD-202009-0000001519,CUST-0000143114,2020-09-15 15:53:35,Paytm,Success,1038.05,AUD,AUS,Oceania,,false,2020-09-15 15:53:35,megan.cunningham013@commerce.example.com
,PAY-202009-00000001111,ORD-202009-0000001206,CUST-0000154016,2020-09-01 01:03:01,Google Pay,Success,2146.9,USD,USA,North America,,false,2020-09-01 01:03:01,maria.ashley046@analytics.example.com
,PAY-202009-00000001112,ORD-202009-0000003942,CUST-0000145734,2020-09-03 06:10:22,PayPal,Success,3307.63,JPY,JPN,Asia,,false,2020-09-03 06:10:22,maria.ashley046@analytics.example.com
,PAY-202009-00000001113,ORD-202009-0000002608,CUST-0000148804,2020-09-14 09:32:38,Gift Card,Success,750.91,GBP,GBR,Europe,,false,2020-09-14 09:32:38,eric.horton058@analytics.example.com
,PAY-202009-00000001114,ORD-202009-0000005043,CUST-0000153943,2020-09-11 15:00:01,Gift Card,Success,1010.11,GBP,GBR,Europe,,false,2020-09-11 15:00:01,jennifer.hudson020@analytics.example.com
,PAY-202009-00000001115,ORD-202009-0000003359,CUST-0000138953,2020-09-09 00:23:35,PayPal,Success,1700.94,GBP,GBR,Europe,,false,2020-09-09 00:23:35,micheal.hall064@dataops.example.com
,PAY-202009-00000001116,ORD-202009-0000004326,CUST-0000144822,2020-09-15 08:53:22,Credit Card,Success,969.71,GBP,GBR,Europe,,false,2020-09-15 08:53:22,james.proctor094@dataops.example.com
,PAY-202009-00000001117,ORD-202009-0000002324,CUST-0000149140,2020-09-15 15:13:46,Gift Card,Success,1305.06,EUR,DEU,Europe,,false,2020-09-15 15:13:46,susan.rice083@commerce.example.com
,PAY-202009-00000001118,ORD-202009-0000003175,CUST-0000140882,2020-09-15 13:54:46,Credit Card,Success,2491.86,SGD,SGP,Asia,,false,2020-09-15 13:54:46,micheal.hall064@dataops.example.com
,PAY-202009-00000001119,ORD-202009-0000005832,CUST-0000134980,2020-09-30 05:31:50,Google Pay,Success,3433.19,JPY,JPN,Asia,,false,2020-09-30 05:31:50,micheal.hall064@dataops.example.com
,PAY-202009-00000001120,ORD-202009-0000000878,CUST-0000136168,2020-09-05 18:18:41,PayPal,Success,990.25,MXN,MEX,North America,,false,2020-09-05 18:18:41,alyssa.richards002@commerce.example.com
,PAY-202009-00000001121,ORD-202009-0000000518,CUST-0000140826,2020-09-29 13:23:04,Paytm,Success,2464.85,EUR,ESP,Europe,,false,2020-09-29 13:23:04,ashley.marks069@commerce.example.com
,PAY-202009-00000001122,ORD-202009-0000003153,CUST-0000137948,2020-09-10 06:59:17,Apple Pay,Success,1076.09,CAD,CAN,North America,,false,2020-09-10 06:59:17,kelsey.taylor010@platform.example.com
,PAY-202009-00000001123,ORD-202009-0000006235,CUST-0000147288,2020-09-10 22:18:54,Apple Pay,Success,3490.55,GBP,GBR,Europe,,false,2020-09-10 22:18:54,david.cabrera119@dataops.example.com
,PAY-202009-00000001124,ORD-202009-0000002544,CUST-0000141232,2020-09-17 22:13:30,Buy Now Pay Later,Success,2041.1,INR,IND,Asia,,false,2020-09-17 22:13:30,eric.mullen052@dataops.example.com
,PAY-202009-00000001125,ORD-202009-0000003494,CUST-0000137421,2020-09-07 22:43:23,Google Pay,Success,2978.49,SGD,SGP,Asia,,false,2020-09-07 22:43:23,michael.johnson061@platform.example.com
,PAY-202009-00000001126,ORD-202009-0000000392,CUST-0000137143,2020-09-03 08:39:12,Apple Pay,Success,895.01,INR,IND,Asia,,false,2020-09-03 08:39:12,michael.johnson061@platform.example.com
,PAY-202009-00000001127,ORD-202009-0000001494,CUST-0000139424,2020-09-07 23:11:15,Paytm,Success,3267.8,GBP,GBR,Europe,,false,2020-09-07 23:11:15,alyssa.richards002@commerce.example.com
,PAY-202009-00000001128,ORD-202009-0000002268,CUST-0000137364,2020-09-21 18:48:59,Bank Transfer,Success,727.45,EUR,NLD,Europe,,false,2020-09-21 18:48:59,james.proctor094@dataops.example.com
,PAY-202009-00000001129,ORD-202009-0000003588,CUST-0000147730,2020-09-18 02:44:35,Credit Card,Failed,3292.72,AED,ARE,Asia,Fraud check failed,false,2020-09-18 02:44:35,megan.cunningham013@commerce.example.com
,PAY-202009-00000001130,ORD-202009-0000005238,CUST-0000135699,2020-09-09 07:42:24,Paytm,Success,255.66,CAD,CAN,North America,,false,2020-09-09 07:42:24,maria.ashley046@analytics.example.com
,PAY-202009-00000001131,ORD-202009-0000005024,CUST-0000136172,2020-09-14 16:48:59,Apple Pay,Success,2129.95,CAD,CAN,North America,,false,2020-09-14 16:48:59,lance.williams029@platform.example.com
,PAY-202009-00000001132,ORD-202009-0000001419,CUST-0000145382,2020-09-08 13:09:39,PayPal,Success,672.77,MXN,MEX,North America,,false,2020-09-08 13:09:39,alyssa.richards002@commerce.example.com
,PAY-202009-00000001133,ORD-202009-0000004432,CUST-0000151464,2020-09-20 01:35:50,PayPal,Success,1450.5,AED,ARE,Asia,,false,2020-09-20 01:35:50,eric.horton058@analytics.example.com
,PAY-202009-00000001134,ORD-202009-0000002569,CUST-0000148516,2020-09-24 23:04:19,Buy Now Pay Later,Success,2390.98,JPY,JPN,Asia,,false,2020-09-24 23:04:19,michelle.sims041@analytics.example.com
,PAY-202009-00000001135,ORD-202009-0000005000,CUST-0000144493,2020-09-23 19:55:10,Paytm,Success,1692.94,AED,ARE,Asia,,false,2020-09-23 19:55:10,alyssa.richards002@commerce.example.com
,PAY-202009-00000001136,ORD-202009-0000004640,CUST-0000143090,2020-09-26 01:24:30,Apple Pay,Success,1352.76,INR,IND,Asia,,false,2020-09-26 01:24:30,timothy.cameron104@commerce.example.com
,PAY-202009-00000001137,ORD-202009-0000004977,CUST-0000144225,2020-09-06 23:54:13,Credit Card,Success,2464.9,BRL,BRA,South America,,false,2020-09-06 23:54:13,micheal.hall064@dataops.example.com
,PAY-202009-00000001138,ORD-202009-0000002764,CUST-0000134452,2020-09-23 11:39:08,Bank Transfer,Success,1407.66,GBP,GBR,Europe,,false,2020-09-23 11:39:08,timothy.cannon081@analytics.example.com
,PAY-202009-00000001139,ORD-202009-0000001831,CUST-0000135754,2020-09-12 15:13:33,Credit Card,Success,211.14,EUR,ITA,Europe,,false,2020-09-12 15:13:33,kelsey.taylor010@platform.example.com
,PAY-202009-00000001140,ORD-202009-0000001624,CUST-0000141666,2020-09-14 03:08:53,Phonepe,Success,2933.83,AED,ARE,Asia,,false,2020-09-14 03:08:53,david.cabrera119@dataops.example.com
,PAY-202009-00000001141,ORD-202009-0000002017,CUST-0000147712,2020-09-30 02:22:52,Google Pay,Success,2417.11,CAD,CAN,North America,,false,2020-09-30 02:22:52,stephen.daniels076@commerce.example.com
,PAY-202009-00000001142,ORD-202009-0000003098,CUST-0000141617,2020-09-22 12:06:05,Apple Pay,Success,1753.0,JPY,JPN,Asia,,false,2020-09-22 12:06:05,lance.williams029@platform.example.com
,PAY-202009-00000001143,ORD-202009-0000004814,CUST-0000139416,2020-09-17 22:07:13,Debit Card,Success,3025.35,INR,IND,Asia,,false,2020-09-17 22:07:13,susan.rice083@commerce.example.com
,PAY-202009-00000001144,ORD-202009-0000003426,CUST-0000143649,2020-09-15 13:34:39,Phonepe,Success,2313.82,MXN,MEX,North America,,false,2020-09-15 13:34:39,susan.rice083@commerce.example.com
,PAY-202009-00000001145,ORD-202009-0000003931,CUST-0000147452,2020-09-24 14:05:33,Gift Card,Success,483.99,BRL,BRA,South America,,false,2020-09-24 14:05:33,timothy.cameron104@commerce.example.com
,PAY-202009-00000001146,ORD-202009-0000003210,CUST-0000141135,2020-09-18 05:30:47,Buy Now Pay Later,Success,1818.37,EUR,ESP,Europe,,false,2020-09-18 05:30:47,jennifer.hudson020@analytics.example.com
,PAY-202009-00000001147,ORD-202009-0000003718,CUST-0000148184,2020-09-28 15:25:24,Gift Card,Success,1738.83,USD,USA,North America,,false,2020-09-28 15:25:24,alyssa.richards002@commerce.example.com
,PAY-202009-00000001148,ORD-202009-0000004060,CUST-0000140737,2020-09-03 01:14:11,PayPal,Failed,2663.29,GBP,GBR,Europe,Network timeout,false,2020-09-03 01:14:11,kelsey.taylor010@platform.example.com
,PAY-202009-00000001149,ORD-202009-0000001940,CUST-0000145497,2020-09-01 02:43:11,Gift Card,Success,2612.6,BRL,BRA,South America,,false,2020-09-01 02:43:11,michael.berger060@platform.example.com
,PAY-202009-00000001150,ORD-202009-0000001828,CUST-0000149679,2020-09-26 13:19:00,Gift Card,Success,1053.19,CAD,CAN,North America,,false,2020-09-26 13:19:00,brandon.yu006@analytics.example.com
,PAY-202009-00000001151,ORD-202009-0000003253,CUST-0000146768,2020-09-05 18:50:43,Gift Card,Success,2477.91,USD,USA,North America,,false,2020-09-05 18:50:43,stephen.clark001@analytics.example.com
,PAY-202009-00000001152,ORD-202009-0000005725,CUST-0000144579,2020-09-18 22:19:00,Google Pay,Success,202.99,EUR,NLD,Europe,,false,2020-09-18 22:19:00,maria.ashley046@analytics.example.com
,PAY-202009-00000001153,ORD-202009-0000005415,CUST-0000140194,2020-09-11 05:21:22,Buy Now Pay Later,Success,2333.13,JPY,JPN,Asia,,false,2020-09-11 05:21:22,james.proctor094@dataops.example.com
,PAY-202009-00000001154,ORD-202009-0000002335,CUST-0000149476,2020-09-07 14:31:16,Phonepe,Success,1405.62,EUR,DEU,Europe,,false,2020-09-07 14:31:16,ryan.steele043@commerce.example.com
,PAY-202009-00000001155,ORD-202009-0000002075,CUST-0000136653,2020-09-26 19:57:07,Paytm,Success,461.36,BRL,BRA,South America,,false,2020-09-26 19:57:07,joseph.johnson049@dataops.example.com
,PAY-202009-00000001156,ORD-202009-0000004173,CUST-0000145307,2020-09-18 21:49:41,Debit Card,Success,1270.97,GBP,GBR,Europe,,false,2020-09-18 21:49:41,micheal.hall064@dataops.example.com
,PAY-202009-00000001157,ORD-202009-0000005466,CUST-0000140509,2020-09-02 15:33:51,Debit Card,Failed,3078.18,CAD,CAN,North America,Fraud check failed,false,2020-09-02 15:33:51,jennifer.hudson020@analytics.example.com
,PAY-202009-00000001158,ORD-202009-0000001701,CUST-0000152411,2020-09-25 05:57:14,Apple Pay,Success,794.11,EUR,NLD,Europe,,false,2020-09-25 05:57:14,victor.palmer071@platform.example.com
,PAY-202009-00000001159,ORD-202009-0000003397,CUST-0000140304,2020-09-30 06:22:43,Apple Pay,Success,533.4,EUR,NLD,Europe,,false,2020-09-30 06:22:43,adam.gordon030@commerce.example.com
,PAY-202009-00000001160,ORD-202009-0000003455,CUST-0000139183,2020-09-09 17:11:04,PayPal,Success,2369.24,USD,USA,North America,,false,2020-09-09 17:11:04,michelle.sims041@analytics.example.com
,PAY-202009-00000001161,ORD-202009-0000004905,CUST-0000141967,2020-09-24 18:56:09,Credit Card,Success,3359.93,EUR,NLD,Europe,,false,2020-09-24 18:56:09,micheal.chen050@dataops.example.com
,PAY-202009-00000001162,ORD-202009-0000004934,CUST-0000153159,2020-09-25 06:48:04,Phonepe,Success,2685.48,AED,ARE,Asia,,false,2020-09-25 06:48:04,jennifer.bauer068@analytics.example.com
,PAY-202009-00000001163,ORD-202009-0000003778,CUST-0000140703,2020-09-17 20:04:25,Gift Card,Refunded,2423.87,AED,ARE,Asia,,true,2020-09-17 20:04:25,michael.johnson061@platform.example.com
,PAY-202009-00000001164,ORD-202009-0000000283,CUST-0000143901,2020-09-15 13:39:27,Credit Card,Success,2288.54,EUR,ESP,Europe,,false,2020-09-15 13:39:27,jeffery.miller012@commerce.example.com
,PAY-202009-00000001165,ORD-202009-0000005092,CUST-0000145900,2020-09-14 14:38:16,Buy Now Pay Later,Success,521.64,GBP,GBR,Europe,,false,2020-09-14 14:38:16,michael.johnson061@platform.example.com
,PAY-202009-00000001166,ORD-202009-0000000421,CUST-0000146727,2020-09-07 00:30:59,PayPal,Success,637.97,EUR,DEU,Europe,,false,2020-09-07 00:30:59,eric.mullen052@dataops.example.com
,PAY-202009-00000001167,ORD-202009-0000003883,CUST-0000141326,2020-09-01 02:22:13,Gift Card,Success,3125.87,GBP,GBR,Europe,,false,2020-09-01 02:22:13,micheal.hall064@dataops.example.com
,PAY-202009-00000001168,ORD-202009-0000004196,CUST-0000153707,2020-09-08 20:18:39,Apple Pay,Success,2273.52,AUD,AUS,Oceania,,false,2020-09-08 20:18:39,stephen.daniels076@commerce.example.com
,PAY-202009-00000001169,ORD-202009-0000006551,CUST-0000146057,2020-09-03 11:28:34,Gift Card,Success,1068.32,INR,IND,Asia,,false,2020-09-03 11:28:34,jeffery.miller012@commerce.example.com
,PAY-202009-00000001170,ORD-202009-0000002648,CUST-0000151659,2020-09-24 01:02:52,Gift Card,Success,642.06,SGD,SGP,Asia,,false,2020-09-24 01:02:52,lance.williams029@platform.example.com
,PAY-202009-00000001171,ORD-202009-0000000530,CUST-0000146802,2020-09-01 12:00:01,Gift Card,Success,1791.73,CAD,CAN,North America,,false,2020-09-01 12:00:01,michelle.sims041@analytics.example.com
,PAY-202009-00000001172,ORD-202009-0000001330,CUST-0000140820,2020-09-20 00:27:51,Credit Card,Success,3115.29,CAD,CAN,North America,,false,2020-09-20 00:27:51,joseph.johnson049@dataops.example.com
,PAY-202009-00000001173,ORD-202009-0000002212,CUST-0000150195,2020-09-18 20:37:24,Bank Transfer,Pending,304.66,MXN,MEX,North America,,false,2020-09-18 20:37:24,brandi.carter038@dataops.example.com
,PAY-202009-00000001174,ORD-202009-0000000889,CUST-0000152294,2020-09-23 05:03:50,Buy Now Pay Later,Success,232.73,INR,IND,Asia,,false,2020-09-23 05:03:50,brandi.carter038@dataops.example.com
,PAY-202009-00000001175,ORD-202009-0000001936,CUST-0000140135,2020-09-06 08:07:16,Debit Card,Success,1665.39,BRL,BRA,South America,,false,2020-09-06 08:07:16,timothy.cameron104@commerce.example.com
,PAY-202009-00000001176,ORD-202009-0000001763,CUST-0000140483,2020-09-03 12:28:11,Buy Now Pay Later,Success,395.52,INR,IND,Asia,,false,2020-09-03 12:28:11,jeffery.miller012@commerce.example.com
,PAY-202009-00000001177,ORD-202009-0000006572,CUST-0000140582,2020-09-23 21:07:59,Google Pay,Success,1111.49,JPY,JPN,Asia,,false,2020-09-23 21:07:59,stephen.daniels076@commerce.example.com
,PAY-202009-00000001178,ORD-202009-0000005646,CUST-0000149654,2020-09-19 09:53:17,Buy Now Pay Later,Success,1502.84,EUR,DEU,Europe,,false,2020-09-19 09:53:17,timothy.cannon081@analytics.example.com
,PAY-202009-00000001179,ORD-202009-0000002070,CUST-0000153940,2020-09-03 13:30:15,Debit Card,Success,869.18,USD,USA,North America,,false,2020-09-03 13:30:15,michael.johnson061@platform.example.com
,PAY-202009-00000001180,ORD-202009-0000006353,CUST-0000140092,2020-09-16 11:36:07,Google Pay,Failed,1684.31,EUR,DEU,Europe,Invalid CVV,false,2020-09-16 11:36:07,micheal.hall064@dataops.example.com
,PAY-202009-00000001181,ORD-202009-0000006334,CUST-0000145043,2020-09-01 00:51:53,Gift Card,Success,2840.52,EUR,ESP,Europe,,false,2020-09-01 00:51:53,brandon.yu006@analytics.example.com
,PAY-202009-00000001182,ORD-202009-0000003005,CUST-0000136539,2020-09-03 07:33:36,Debit Card,Success,1036.25,AED,ARE,Asia,,false,2020-09-03 07:33:36,jennifer.hudson020@analytics.example.com
,PAY-202009-00000001183,ORD-202009-0000002894,CUST-0000145514,2020-09-03 13:39:48,Gift Card,Success,1170.49,GBP,GBR,Europe,,false,2020-09-03 13:39:48,michael.berger060@platform.example.com
,PAY-202009-00000001184,ORD-202009-0000005945,CUST-0000144801,2020-09-04 00:23:43,Debit Card,Success,1375.15,JPY,JPN,Asia,,false,2020-09-04 00:23:43,andrea.cummings039@platform.example.com
,PAY-202009-00000001185,ORD-202009-0000002917,CUST-0000137617,2020-09-08 10:03:02,Bank Transfer,Success,2651.14,BRL,BRA,South America,,false,2020-09-08 10:03:02,eric.horton058@analytics.example.com
,PAY-202009-00000001186,ORD-202009-0000002926,CUST-0000149790,2020-09-28 14:14:45,Paytm,Success,2496.55,USD,USA,North America,,false,2020-09-28 14:14:45,james.proctor094@dataops.example.com
,PAY-202009-00000001187,ORD-202009-0000002118,CUST-0000148726,2020-09-09 12:56:08,Debit Card,Success,184.14,EUR,ITA,Europe,,false,2020-09-09 12:56:08,brandi.carter038@dataops.example.com
,PAY-202009-00000001188,ORD-202009-0000004309,CUST-0000151173,2020-09-24 21:20:59,Google Pay,Success,2917.22,BRL,BRA,South America,,false,2020-09-24 21:20:59,stephen.daniels076@commerce.example.com
,PAY-202009-00000001189,ORD-202009-0000004657,CUST-0000144516,2020-09-26 03:27:33,Google Pay,Success,3294.15,GBP,GBR,Europe,,false,2020-09-26 03:27:33,jeffery.miller012@commerce.example.com
,PAY-202009-00000001190,ORD-202009-0000002061,CUST-0000154129,2020-09-12 14:18:44,Gift Card,Success,2386.21,EUR,DEU,Europe,,false,2020-09-12 14:18:44,michael.berger060@platform.example.com
,PAY-202009-00000001191,ORD-202009-0000002469,CUST-0000154101,2020-09-12 09:34:57,Paytm,Success,1536.22,EUR,ITA,Europe,,false,2020-09-12 09:34:57,john.mullins109@commerce.example.com
,PAY-202009-00000001192,ORD-202009-0000002035,CUST-0000135204,2020-09-09 21:16:35,Google Pay,Failed,1981.22,GBP,GBR,Europe,Card declined,false,2020-09-09 21:16:35,michael.johnson061@platform.example.com
,PAY-202009-00000001193,ORD-202009-0000005543,CUST-0000140230,2020-09-24 20:06:03,PayPal,Success,1673.87,MXN,MEX,North America,,false,2020-09-24 20:06:03,michael.johnson061@platform.example.com
,PAY-202009-00000001194,ORD-202009-0000004124,CUST-0000148962,2020-09-28 09:12:14,Buy Now Pay Later,Success,724.57,AED,ARE,Asia,,false,2020-09-28 09:12:14,ryan.steele043@commerce.example.com
,PAY-202009-00000001195,ORD-202009-0000005798,CUST-0000134769,2020-09-20 00:39:07,Google Pay,Success,3331.28,EUR,DEU,Europe,,false,2020-09-20 00:39:07,adam.gordon030@commerce.example.com
,PAY-202009-00000001196,ORD-202009-0000003215,CUST-0000146333,2020-09-23 21:29:12,Phonepe,Success,1212.47,USD,USA,North America,,false,2020-09-23 21:29:12,michael.johnson061@platform.example.com
,PAY-202009-00000001197,ORD-202009-0000004429,CUST-0000150739,2020-09-12 00:22:57,Paytm,Success,1257.59,MXN,MEX,North America,,false,2020-09-12 00:22:57,ryan.steele043@commerce.example.com
,PAY-202009-00000001198,ORD-202009-0000003393,CUST-0000144939,2020-09-30 13:46:40,Phonepe,Success,3412.68,AED,ARE,Asia,,false,2020-09-30 13:46:40,eric.horton058@analytics.example.com
,PAY-202009-00000001199,ORD-202009-0000005357,CUST-0000147863,2020-09-08 05:47:19,Phonepe,Success,2982.33,USD,USA,North America,,false,2020-09-08 05:47:19,david.cabrera119@dataops.example.com
,PAY-202009-00000001200,ORD-202009-0000002799,CUST-0000135293,2020-09-28 05:24:52,Google Pay,Success,2461.47,CAD,CAN,North America,,false,2020-09-28 05:24:52,eric.horton058@analytics.example.com
,PAY-202009-00000001201,ORD-202009-0000005432,CUST-0000150331,2020-09-27 04:23:54,Debit Card,Success,3150.37,EUR,FRA,Europe,,false,2020-09-27 04:23:54,taylor.cunningham023@commerce.example.com
,PAY-202009-00000001202,ORD-202009-0000000867,CUST-0000140016,2020-09-11 22:56:47,PayPal,Success,297.73,AUD,AUS,Oceania,,false,2020-09-11 22:56:47,ashley.marks069@commerce.example.com
,PAY-202009-00000001203,ORD-202009-0000005412,CUST-0000151348,2020-09-11 14:57:57,Bank Transfer,Pending,611.44,EUR,FRA,Europe,,false,2020-09-11 14:57:57,eric.mullen052@dataops.example.com
,PAY-202009-00000001204,ORD-202009-0000003064,CUST-0000136427,2020-09-14 00:18:06,Google Pay,Success,632.6,JPY,JPN,Asia,,false,2020-09-14 00:18:06,adam.gordon030@commerce.example.com
,PAY-202009-00000001205,ORD-202009-0000005791,CUST-0000147668,2020-09-04 07:24:18,Google Pay,Success,848.72,EUR,ESP,Europe,,false,2020-09-04 07:24:18,ashley.marks069@commerce.example.com
,PAY-202009-00000001206,ORD-202009-0000003866,CUST-0000150739,2020-09-30 20:40:55,Phonepe,Success,2766.2,INR,IND,Asia,,false,2020-09-30 20:40:55,stephen.daniels076@commerce.example.com
,PAY-202009-00000001207,ORD-202009-0000002682,CUST-0000142587,2020-09-17 12:54:05,Debit Card,Success,1141.33,MXN,MEX,North America,,false,2020-09-17 12:54:05,peter.martinez098@platform.example.com
,PAY-202009-00000001208,ORD-202009-0000005705,CUST-0000136272,2020-09-15 16:30:41,Gift Card,Success,283.43,SGD,SGP,Asia,,false,2020-09-15 16:30:41,micheal.hall064@dataops.example.com
,PAY-202009-00000001209,ORD-202009-0000005946,CUST-0000149914,2020-09-01 18:41:30,Debit Card,Failed,3429.92,JPY,JPN,Asia,Network timeout,false,2020-09-01 18:41:30,susan.rice083@commerce.example.com
,PAY-202009-00000001210,ORD-202009-0000001686,CUST-0000140601,2020-09-14 04:53:39,Paytm,Failed,95.26,MXN,MEX,North America,Network timeout,false,2020-09-14 04:53:39,victor.palmer071@platform.example.com
,PAY-202009-00000001211,ORD-202009-0000004142,CUST-0000139132,2020-09-13 22:40:09,Bank Transfer,Success,615.27,GBP,GBR,Europe,,false,2020-09-13 22:40:09,adam.gordon030@commerce.example.com
,PAY-202009-00000001212,ORD-202009-0000004685,CUST-0000147860,2020-09-05 08:33:18,Gift Card,Failed,3017.34,AED,ARE,Asia,Fraud check failed,false,2020-09-05 08:33:18,micheal.chen050@dataops.example.com
,PAY-202009-00000001213,ORD-202009-0000005529,CUST-0000150325,2020-09-23 19:12:11,Credit Card,Failed,3211.27,AED,ARE,Asia,Fraud check failed,false,2020-09-23 19:12:11,patrick.gonzalez035@dataops.example.com
,PAY-202009-00000001214,ORD-202009-0000004803,CUST-0000153491,2020-09-03 22:07:02,Gift Card,Success,3358.56,MXN,MEX,North America,,false,2020-09-03 22:07:02,james.proctor094@dataops.example.com
,PAY-202009-00000001215,ORD-202009-0000006202,CUST-0000141257,2020-09-19 11:40:53,Gift Card,Success,317.16,EUR,NLD,Europe,,false,2020-09-19 11:40:53,victor.palmer071@platform.example.com
,PAY-202009-00000001216,ORD-202009-0000002855,CUST-0000152629,2020-09-24 09:23:04,Gift Card,Success,224.89,EUR,NLD,Europe,,false,2020-09-24 09:23:04,lance.williams029@platform.example.com
,PAY-202009-00000001217,ORD-202009-0000002654,CUST-0000147251,2020-09-19 03:49:14,Google Pay,Success,2207.44,GBP,GBR,Europe,,false,2020-09-19 03:49:14,michelle.sims041@analytics.example.com
,PAY-202009-00000001218,ORD-202009-0000006252,CUST-0000149074,2020-09-21 22:42:29,Paytm,Success,2717.41,AED,ARE,Asia,,false,2020-09-21 22:42:29,jennifer.hudson020@analytics.example.com
,PAY-202009-00000001219,ORD-202009-0000003287,CUST-0000151992,2020-09-22 14:04:35,Apple Pay,Success,2558.82,USD,USA,North America,,false,2020-09-22 14:04:35,kelsey.taylor010@platform.example.com
,PAY-202009-00000001220,ORD-202009-0000005886,CUST-0000147595,2020-09-13 15:06:30,Buy Now Pay Later,Pending,3301.88,MXN,MEX,North America,,false,2020-09-13 15:06:30,joseph.johnson049@dataops.example.com
,PAY-202009-00000001221,ORD-202009-0000003467,CUST-0000145479,2020-09-19 11:56:43,Paytm,Success,214.36,MXN,MEX,North America,,false,2020-09-19 11:56:43,micheal.hall064@dataops.example.com
,PAY-202009-00000001222,ORD-202009-0000005104,CUST-0000147787,2020-09-21 19:25:13,Apple Pay,Success,1810.82,SGD,SGP,Asia,,false,2020-09-21 19:25:13,taylor.cunningham023@commerce.example.com
,PAY-202009-00000001223,ORD-202009-0000004682,CUST-0000149740,2020-09-14 00:54:20,Google Pay,Success,2353.35,BRL,BRA,South America,,false,2020-09-14 00:54:20,susan.rice083@commerce.example.com
,PAY-202009-00000001224,ORD-202009-0000003207,CUST-0000135970,2020-09-03 22:58:16,Google Pay,Success,456.11,AUD,AUS,Oceania,,false,2020-09-03 22:58:16,eric.horton058@analytics.example.com
,PAY-202009-00000001225,ORD-202009-0000000087,CUST-0000145216,2020-09-28 14:58:43,Paytm,Success,3412.76,AED,ARE,Asia,,false,2020-09-28 14:58:43,tina.williams074@commerce.example.com
,PAY-202009-00000001226,ORD-202009-0000006100,CUST-0000143068,2020-09-06 09:17:59,Phonepe,Success,3326.16,AED,ARE,Asia,,false,2020-09-06 09:17:59,jennifer.hudson020@analytics.example.com
,PAY-202009-00000001227,ORD-202009-0000005168,CUST-0000138411,2020-09-10 08:06:13,Buy Now Pay Later,Success,2681.31,AED,ARE,Asia,,false,2020-09-10 08:06:13,andrea.cummings039@platform.example.com
,PAY-202009-00000001228,ORD-202009-0000006016,CUST-0000147392,2020-09-20 18:20:09,Gift Card,Success,1480.25,INR,IND,Asia,,false,2020-09-20 18:20:09,michelle.bender024@analytics.example.com
,PAY-202009-00000001229,ORD-202009-0000000307,CUST-0000139289,2020-09-24 16:41:55,Bank Transfer,Success,3368.57,EUR,FRA,Europe,,false,2020-09-24 16:41:55,james.proctor094@dataops.example.com
,PAY-202009-00000001230,ORD-202009-0000000371,CUST-0000135050,2020-09-18 11:34:12,Debit Card,Success,12.45,EUR,ESP,Europe,,false,2020-09-18 11:34:12,peter.martinez098@platform.example.com
,PAY-202009-00000001231,ORD-202009-0000003281,CUST-0000140938,2020-09-12 23:05:08,Bank Transfer,Success,2890.44,CAD,CAN,North America,,false,2020-09-12 23:05:08,tina.williams074@commerce.example.com
,PAY-202009-00000001232,ORD-202009-0000005909,CUST-0000152747,2020-09-19 15:49:42,Phonepe,Success,1661.17,AED,ARE,Asia,,false,2020-09-19 15:49:42,james.proctor094@dataops.example.com
,PAY-202009-00000001233,ORD-202009-0000004617,CUST-0000149674,2020-09-27 02:23:16,Gift Card,Success,3293.94,INR,IND,Asia,,false,2020-09-27 02:23:16,timothy.cannon081@analytics.example.com
,PAY-202009-00000001234,ORD-202009-0000004974,CUST-0000139352,2020-09-27 00:57:31,Google Pay,Success,3499.74,MXN,MEX,North America,,false,2020-09-27 00:57:31,susan.rice083@commerce.example.com
,PAY-202009-00000001235,ORD-202009-0000006060,CUST-0000145386,2020-09-28 21:20:43,Gift Card,Success,1868.96,MXN,MEX,North America,,false,2020-09-28 21:20:43,patrick.gonzalez035@dataops.example.com
,PAY-202009-00000001236,ORD-202009-0000003069,CUST-0000154025,2020-09-02 18:08:04,Buy Now Pay Later,Failed,1624.25,SGD,SGP,Asia,Card declined,false,2020-09-02 18:08:04,lance.williams029@platform.example.com
,PAY-202009-00000001237,ORD-202009-0000005291,CUST-0000145282,2020-09-16 05:04:39,Apple Pay,Success,822.39,CAD,CAN,North America,,false,2020-09-16 05:04:39,lance.williams029@platform.example.com
,PAY-202009-00000001238,ORD-202009-0000004176,CUST-0000142163,2020-09-24 21:08:46,Bank Transfer,Success,2918.78,USD,USA,North America,,false,2020-09-24 21:08:46,michael.berger060@platform.example.com
,PAY-202009-00000001239,ORD-202009-0000004547,CUST-0000146945,2020-09-01 23:31:16,PayPal,Success,2205.69,EUR,NLD,Europe,,false,2020-09-01 23:31:16,joseph.johnson049@dataops.example.com
,PAY-202009-00000001240,ORD-202009-0000000268,CUST-0000135663,2020-09-08 06:07:38,Google Pay,Success,2456.67,EUR,ESP,Europe,,false,2020-09-08 06:07:38,michelle.bender024@analytics.example.com
,PAY-202009-00000001241,ORD-202009-0000001912,CUST-0000134767,2020-09-16 00:40:47,Bank Transfer,Success,408.89,EUR,DEU,Europe,,false,2020-09-16 00:40:47,ryan.steele043@commerce.example.com
,PAY-202009-00000001242,ORD-202009-0000002016,CUST-0000152848,2020-09-07 22:05:56,Paytm,Success,3193.73,AED,ARE,Asia,,false,2020-09-07 22:05:56,james.proctor094@dataops.example.com
,PAY-202009-00000001243,ORD-202009-0000001408,CUST-0000141274,2020-09-29 20:48:18,Paytm,Success,2995.56,AED,ARE,Asia,,false,2020-09-29 20:48:18,megan.cunningham013@commerce.example.com
,PAY-202009-00000001244,ORD-202009-0000002056,CUST-0000142855,2020-09-08 18:23:00,Credit Card,Success,2648.82,BRL,BRA,South America,,false,2020-09-08 18:23:00,michelle.bender024@analytics.example.com
,PAY-202009-00000001245,ORD-202009-0000005858,CUST-0000147385,2020-09-20 12:53:25,Gift Card,Success,294.69,EUR,ESP,Europe,,false,2020-09-20 12:53:25,micheal.chen050@dataops.example.com
,PAY-202009-00000001246,ORD-202009-0000001110,CUST-0000138557,2020-09-02 05:41:13,Phonepe,Failed,3146.47,EUR,ESP,Europe,Fraud check failed,false,2020-09-02 05:41:13,taylor.cunningham023@commerce.example.com
,PAY-202009-00000001247,ORD-202009-0000006203,CUST-0000143157,2020-09-16 15:50:52,Google Pay,Success,2292.87,EUR,NLD,Europe,,false,2020-09-16 15:50:52,brandi.carter038@dataops.example.com
,PAY-202009-00000001248,ORD-202009-0000001265,CUST-0000138828,2020-09-11 22:08:38,Apple Pay,Success,2680.84,EUR,DEU,Europe,,false,2020-09-11 22:08:38,john.mullins109@commerce.example.com
,PAY-202009-00000001249,ORD-202009-0000006560,CUST-0000153108,2020-09-30 21:10:29,Apple Pay,Success,1882.76,JPY,JPN,Asia,,false,2020-09-30 21:10:29,eric.horton058@analytics.example.com
,PAY-202009-00000001250,ORD-202009-0000000623,CUST-0000147432,2020-09-09 10:58:16,Bank Transfer,Success,2358.41,EUR,FRA,Europe,,false,2020-09-09 10:58:16,micheal.hall064@dataops.example.com
,PAY-202009-00000001251,ORD-202009-0000002893,CUST-0000149651,2020-09-09 05:09:02,Buy Now Pay Later,Failed,1843.4,USD,USA,North America,Invalid CVV,false,2020-09-09 05:09:02,michael.berger060@platform.example.com
,PAY-202009-00000001252,ORD-202009-0000005520,CUST-0000145296,2020-09-09 15:59:58,Bank Transfer,Success,1648.82,AED,ARE,Asia,,false,2020-09-09 15:59:58,tina.williams074@commerce.example.com
,PAY-202009-00000001253,ORD-202009-0000006379,CUST-0000149704,2020-09-04 20:54:38,Apple Pay,Success,3229.7,SGD,SGP,Asia,,false,2020-09-04 20:54:38,victor.palmer071@platform.example.com
,PAY-202009-00000001254,ORD-202009-0000001127,CUST-0000149502,2020-09-15 02:21:51,Debit Card,Failed,1082.3,GBP,GBR,Europe,Fraud check failed,false,2020-09-15 02:21:51,lance.williams029@platform.example.com
,PAY-202009-00000001255,ORD-202009-0000003032,CUST-0000147823,2020-09-17 23:35:57,Gift Card,Success,2714.51,EUR,ITA,Europe,,false,2020-09-17 23:35:57,michelle.bender024@analytics.example.com
,PAY-202009-00000001256,ORD-202009-0000003703,CUST-0000135152,2020-09-18 17:13:29,PayPal,Success,1925.12,AED,ARE,Asia,,false,2020-09-18 17:13:29,micheal.chen050@dataops.example.com
,PAY-202009-00000001257,ORD-202009-0000002492,CUST-0000139471,2020-09-12 22:15:48,Google Pay,Success,2643.68,EUR,FRA,Europe,,false,2020-09-12 22:15:48,ryan.steele043@commerce.example.com
,PAY-202009-00000001258,ORD-202009-0000001113,CUST-0000141814,2020-09-04 06:44:24,Apple Pay,Success,1572.84,USD,USA,North America,,false,2020-09-04 06:44:24,megan.cunningham013@commerce.example.com
,PAY-202009-00000001259,ORD-202009-0000002750,CUST-0000136774,2020-09-30 20:13:38,Bank Transfer,Success,3206.8,INR,IND,Asia,,false,2020-09-30 20:13:38,peter.martinez098@platform.example.com
,PAY-202009-00000001260,ORD-202009-0000000375,CUST-0000151810,2020-09-22 15:13:47,Google Pay,Success,521.58,EUR,FRA,Europe,,false,2020-09-22 15:13:47,jeffery.miller012@commerce.example.com
,PAY-202009-00000001261,ORD-202009-0000000387,CUST-0000150362,2020-09-07 21:55:54,Credit Card,Success,2299.95,EUR,ITA,Europe,,false,2020-09-07 21:55:54,tina.williams074@commerce.example.com
,PAY-202009-00000001262,ORD-202009-0000000128,CUST-0000151916,2020-09-29 16:50:00,Bank Transfer,Failed,3483.9,BRL,BRA,South America,Invalid CVV,false,2020-09-29 16:50:00,brandi.carter038@dataops.example.com
,PAY-202009-00000001263,ORD-202009-0000000779,CUST-0000146295,2020-09-23 12:45:19,Bank Transfer,Success,3023.34,EUR,NLD,Europe,,false,2020-09-23 12:45:19,stephen.clark001@analytics.example.com
,PAY-202009-00000001264,ORD-202009-0000001702,CUST-0000142369,2020-09-20 04:29:23,Debit Card,Success,2616.56,GBP,GBR,Europe,,false,2020-09-20 04:29:23,john.mullins109@commerce.example.com
,PAY-202009-00000001265,ORD-202009-0000000940,CUST-0000138628,2020-09-10 15:39:24,PayPal,Failed,61.79,EUR,ESP,Europe,Card declined,false,2020-09-10 15:39:24,michelle.sims041@analytics.example.com
,PAY-202009-00000001266,ORD-202009-0000002892,CUST-0000142540,2020-09-12 18:33:36,Debit Card,Success,2177.11,EUR,DEU,Europe,,false,2020-09-12 18:33:36,adam.gordon030@commerce.example.com
,PAY-202009-00000001267,ORD-202009-0000005241,CUST-0000135590,2020-09-10 08:22:47,Apple Pay,Pending,3235.19,INR,IND,Asia,,false,2020-09-10 08:22:47,james.proctor094@dataops.example.com
,PAY-202009-00000001268,ORD-202009-0000006211,CUST-0000148809,2020-09-21 14:54:56,Google Pay,Success,213.07,EUR,DEU,Europe,,false,2020-09-21 14:54:56,micheal.chen050@dataops.example.com
,PAY-202009-00000001269,ORD-202009-0000005541,CUST-0000149162,2020-09-15 23:08:41,Apple Pay,Success,2929.23,EUR,FRA,Europe,,false,2020-09-15 23:08:41,ryan.steele043@commerce.example.com
,PAY-202009-00000001270,ORD-202009-0000000835,CUST-0000135741,2020-09-22 15:19:41,Buy Now Pay Later,Success,1806.2,SGD,SGP,Asia,,false,2020-09-22 15:19:41,brandi.carter038@dataops.example.com
,PAY-202009-00000001271,ORD-202009-0000005198,CUST-0000137872,2020-09-29 04:22:26,Bank Transfer,Pending,530.15,INR,IND,Asia,,false,2020-09-29 04:22:26,timothy.cannon081@analytics.example.com
,PAY-202009-00000001272,ORD-202009-0000001164,CUST-0000149181,2020-09-29 13:44:49,Debit Card,Success,2192.04,GBP,GBR,Europe,,false,2020-09-29 13:44:49,jeffery.miller012@commerce.example.com
,PAY-202009-00000001273,ORD-202009-0000000377,CUST-0000146017,2020-09-23 21:06:32,Apple Pay,Success,2590.49,AUD,AUS,Oceania,,false,2020-09-23 21:06:32,john.mullins109@commerce.example.com
,PAY-202009-00000001274,ORD-202009-0000003892,CUST-0000148572,2020-09-02 22:09:00,Buy Now Pay Later,Success,436.41,JPY,JPN,Asia,,false,2020-09-02 22:09:00,andrea.cummings039@platform.example.com
,PAY-202009-00000001275,ORD-202009-0000004110,CUST-0000144461,2020-09-16 22:20:52,Bank Transfer,Success,1461.2,SGD,SGP,Asia,,false,2020-09-16 22:20:52,michael.johnson061@platform.example.com
,PAY-202009-00000001276,ORD-202009-0000006353,CUST-0000134851,2020-09-15 19:23:59,Credit Card,Success,1569.2,EUR,ITA,Europe,,false,2020-09-15 19:23:59,eric.horton058@analytics.example.com
,PAY-202009-00000001277,ORD-202009-0000002411,CUST-0000149712,2020-09-06 14:56:18,Bank Transfer,Success,1836.53,EUR,DEU,Europe,,false,2020-09-06 14:56:18,alyssa.richards002@commerce.example.com
,PAY-202009-00000001278,ORD-202009-0000001237,CUST-0000134649,2020-09-01 13:14:47,Gift Card,Success,132.03,EUR,NLD,Europe,,false,2020-09-01 13:14:47,ashley.marks069@commerce.example.com
,PAY-202009-00000001279,ORD-202009-0000003321,CUST-0000137652,2020-09-21 03:31:00,PayPal,Success,2674.9,USD,USA,North America,,false,2020-09-21 03:31:00,john.mullins109@commerce.example.com
,PAY-202009-00000001280,ORD-202009-0000006124,CUST-0000147745,2020-09-06 02:50:20,Paytm,Success,3291.19,GBP,GBR,Europe,,false,2020-09-06 02:50:20,eric.horton058@analytics.example.com
,PAY-202009-00000001281,ORD-202009-0000003353,CUST-0000140830,2020-09-11 21:00:48,PayPal,Success,589.76,INR,IND,Asia,,false,2020-09-11 21:00:48,patrick.gonzalez035@dataops.example.com
,PAY-202009-00000001282,ORD-202009-0000002445,CUST-0000146535,2020-09-25 15:28:47,PayPal,Success,905.48,EUR,ESP,Europe,,false,2020-09-25 15:28:47,michael.berger060@platform.example.com
,PAY-202009-00000001283,ORD-202009-0000004504,CUST-0000150344,2020-09-18 04:59:19,Debit Card,Success,1329.63,EUR,DEU,Europe,,false,2020-09-18 04:59:19,alyssa.richards002@commerce.example.com
,PAY-202009-00000001284,ORD-202009-0000002948,CUST-0000140813,2020-09-28 05:52:37,Paytm,Success,2432.64,JPY,JPN,Asia,,false,2020-09-28 05:52:37,victor.palmer071@platform.example.com
,PAY-202009-00000001285,ORD-202009-0000001517,CUST-0000148908,2020-09-03 10:02:39,Paytm,Success,2137.72,EUR,DEU,Europe,,false,2020-09-03 10:02:39,james.proctor094@dataops.example.com
,PAY-202009-00000001286,ORD-202009-0000001359,CUST-0000135983,2020-09-18 17:31:13,Apple Pay,Success,3272.3,SGD,SGP,Asia,,false,2020-09-18 17:31:13,david.cabrera119@dataops.example.com
,PAY-202009-00000001287,ORD-202009-0000001664,CUST-0000147812,2020-09-09 19:52:37,Phonepe,Refunded,2817.97,EUR,ITA,Europe,,true,2020-09-09 19:52:37,brandi.carter038@dataops.example.com
,PAY-202009-00000001288,ORD-202009-0000001904,CUST-0000145093,2020-09-19 21:47:16,Gift Card,Refunded,1740.84,GBP,GBR,Europe,,true,2020-09-19 21:47:16,micheal.hall064@dataops.example.com
,PAY-202009-00000001289,ORD-202009-0000000662,CUST-0000147355,2020-09-27 14:46:49,Debit Card,Success,706.09,GBP,GBR,Europe,,false,2020-09-27 14:46:49,kelsey.taylor010@platform.example.com
,PAY-202009-00000001290,ORD-202009-0000004868,CUST-0000146660,2020-09-30 10:43:03,Phonepe,Success,1894.19,EUR,FRA,Europe,,false,2020-09-30 10:43:03,timothy.cannon081@analytics.example.com
,PAY-202009-00000001291,ORD-202009-0000004410,CUST-0000137759,2020-09-24 00:09:52,PayPal,Success,1102.59,EUR,ESP,Europe,,false,2020-09-24 00:09:52,stephen.clark001@analytics.example.com
,PAY-202009-00000001292,ORD-202009-0000005926,CUST-0000136923,2020-09-25 07:30:03,Debit Card,Refunded,815.17,USD,USA,North America,,true,2020-09-25 07:30:03,stephen.daniels076@commerce.example.com
,PAY-202009-00000001293,ORD-202009-0000001234,CUST-0000148694,2020-09-16 12:51:40,Google Pay,Success,2845.05,JPY,JPN,Asia,,false,2020-09-16 12:51:40,peter.martinez098@platform.example.com
,PAY-202009-00000001294,ORD-202009-0000004503,CUST-0000143426,2020-09-03 04:57:46,Debit Card,Success,523.21,EUR,DEU,Europe,,false,2020-09-03 04:57:46,alyssa.richards002@commerce.example.com
,PAY-202009-00000001295,ORD-202009-0000000191,CUST-0000154112,2020-09-06 10:18:04,Paytm,Success,2641.49,JPY,JPN,Asia,,false,2020-09-06 10:18:04,joseph.johnson049@dataops.example.com
,PAY-202009-00000001296,ORD-202009-0000001126,CUST-0000150583,2020-09-27 06:10:07,Paytm,Success,1126.8,CAD,CAN,North America,,false,2020-09-27 06:10:07,susan.rice083@commerce.example.com
,PAY-202009-00000001297,ORD-202009-0000002214,CUST-0000147743,2020-09-26 11:54:46,Apple Pay,Success,1656.53,SGD,SGP,Asia,,false,2020-09-26 11:54:46,joseph.johnson049@dataops.example.com
,PAY-202009-00000001298,ORD-202009-0000003672,CUST-0000134926,2020-09-21 09:11:01,Phonepe,Success,3013.66,EUR,ITA,Europe,,false,2020-09-21 09:11:01,taylor.cunningham023@commerce.example.com
,PAY-202009-00000001299,ORD-202009-0000006466,CUST-0000134552,2020-09-08 01:29:38,Buy Now Pay Later,Success,1715.81,EUR,NLD,Europe,,false,2020-09-08 01:29:38,alyssa.richards002@commerce.example.com
,PAY-202009-00000001300,ORD-202009-0000005046,CUST-0000150703,2020-09-16 17:56:12,Gift Card,Success,2488.31,CAD,CAN,North America,,false,2020-09-16 17:56:12,joseph.johnson049@dataops.example.com
,PAY-202009-00000001301,ORD-202009-0000005601,CUST-0000140792,2020-09-01 14:46:33,Apple Pay,Success,3483.92,AED,ARE,Asia,,false,2020-09-01 14:46:33,ryan.steele043@commerce.example.com
,PAY-202009-00000001302,ORD-202009-0000005475,CUST-0000135894,2020-09-27 02:23:22,PayPal,Success,1564.76,BRL,BRA,South America,,false,2020-09-27 02:23:22,brandon.yu006@analytics.example.com
,PAY-202009-00000001303,ORD-202009-0000004543,CUST-0000150877,2020-09-07 02:58:05,Paytm,Success,1144.11,BRL,BRA,South America,,false,2020-09-07 02:58:05,jennifer.bauer068@analytics.example.com
,PAY-202009-00000001304,ORD-202009-0000004847,CUST-0000138994,2020-09-24 09:04:14,Google Pay,Success,1480.97,MXN,MEX,North America,,false,2020-09-24 09:04:14,eric.mullen052@dataops.example.com
,PAY-202009-00000001305,ORD-202009-0000002346,CUST-0000143618,2020-09-27 23:23:52,Buy Now Pay Later,Success,2729.82,AED,ARE,Asia,,false,2020-09-27 23:23:52,tina.williams074@commerce.example.com
,PAY-202009-00000001306,ORD-202009-0000006228,CUST-0000151343,2020-09-08 05:56:27,Buy Now Pay Later,Success,2104.65,EUR,FRA,Europe,,false,2020-09-08 05:56:27,patrick.gonzalez035@dataops.example.com
,PAY-202009-00000001307,ORD-202009-0000005968,CUST-0000142570,2020-09-07 19:43:50,Gift Card,Success,2429.19,INR,IND,Asia,,false,2020-09-07 19:43:50,brandi.carter038@dataops.example.com
,PAY-202009-00000001308,ORD-202009-0000002360,CUST-0000141039,2020-09-02 15:52:45,Apple Pay,Success,1814.78,EUR,NLD,Europe,,false,2020-09-02 15:52:45,andrea.cummings039@platform.example.com
,PAY-202009-00000001309,ORD-202009-0000003453,CUST-0000143718,2020-09-20 19:15:06,Phonepe,Success,2980.09,INR,IND,Asia,,false,2020-09-20 19:15:06,stephen.daniels076@commerce.example.com
,PAY-202009-00000001310,ORD-202009-0000004535,CUST-0000138023,2020-09-12 17:29:14,PayPal,Success,2620.61,EUR,ITA,Europe,,false,2020-09-12 17:29:14,taylor.cunningham023@commerce.example.com
,PAY-202009-00000001311,ORD-202009-0000002876,CUST-0000151083,2020-09-01 05:55:36,Credit Card,Failed,726.25,BRL,BRA,South America,Network timeout,false,2020-09-01 05:55:36,adam.gordon030@commerce.example.com
,PAY-202009-00000001312,ORD-202009-0000001217,CUST-0000135953,2020-09-16 20:47:28,Gift Card,Success,1856.93,USD,USA,North America,,false,2020-09-16 20:47:28,michael.berger060@platform.example.com
,PAY-202009-00000001313,ORD-202009-0000004435,CUST-0000151975,2020-09-17 19:13:00,Phonepe,Success,3125.7,EUR,ESP,Europe,,false,2020-09-17 19:13:00,adam.gordon030@commerce.example.com
,PAY-202009-00000001314,ORD-202009-0000003567,CUST-0000137196,2020-09-03 13:23:17,PayPal,Success,1124.75,EUR,DEU,Europe,,false,2020-09-03 13:23:17,james.proctor094@dataops.example.com
,PAY-202009-00000001315,ORD-202009-0000005582,CUST-0000150414,2020-09-02 09:29:44,Google Pay,Success,2034.61,EUR,ESP,Europe,,false,2020-09-02 09:29:44,joseph.johnson049@dataops.example.com
,PAY-202009-00000001316,ORD-202009-0000003005,CUST-0000142411,2020-09-25 11:08:56,Bank Transfer,Success,874.29,GBP,GBR,Europe,,false,2020-09-25 11:08:56,maria.ashley046@analytics.example.com
,PAY-202009-00000001317,ORD-202009-0000002370,CUST-0000151283,2020-09-14 16:00:11,Buy Now Pay Later,Success,3034.09,USD,USA,North America,,false,2020-09-14 16:00:11,eric.mullen052@dataops.example.com
,PAY-202009-00000001318,ORD-202009-0000003756,CUST-0000138999,2020-09-24 11:58:27,PayPal,Success,2758.7,EUR,FRA,Europe,,false,2020-09-24 11:58:27,stephen.daniels076@commerce.example.com
,PAY-202009-00000001319,ORD-202009-0000001451,CUST-0000141230,2020-09-08 21:44:34,PayPal,Failed,1958.57,AED,ARE,Asia,Network timeout,false,2020-09-08 21:44:34,micheal.hall064@dataops.example.com
,PAY-202009-00000001320,ORD-202009-0000004403,CUST-0000145694,2020-09-23 15:54:52,Google Pay,Success,2221.6,EUR,DEU,Europe,,false,2020-09-23 15:54:52,ryan.steele043@commerce.example.com
,PAY-202009-00000001321,ORD-202009-0000004114,CUST-0000149583,2020-09-04 18:52:01,PayPal,Success,1788.22,MXN,MEX,North America,,false,2020-09-04 18:52:01,alyssa.richards002@commerce.example.com
,PAY-202009-00000001322,ORD-202009-0000001653,CUST-0000146456,2020-09-16 16:46:10,Buy Now Pay Later,Success,1729.75,AED,ARE,Asia,,false,2020-09-16 16:46:10,lance.williams029@platform.example.com
,PAY-202009-00000001323,ORD-202009-0000001535,CUST-0000142123,2020-09-07 21:53:34,Debit Card,Success,1887.41,EUR,DEU,Europe,,false,2020-09-07 21:53:34,joseph.johnson049@dataops.example.com
,PAY-202009-00000001324,ORD-202009-0000006338,CUST-0000146843,2020-09-26 04:17:19,Credit Card,Success,2930.4,EUR,ITA,Europe,,false,2020-09-26 04:17:19,stephen.daniels076@commerce.example.com
,PAY-202009-00000001325,ORD-202009-0000004208,CUST-0000145974,2020-09-16 15:30:55,Apple Pay,Success,2082.84,INR,IND,Asia,,false,2020-09-16 15:30:55,kelsey.taylor010@platform.example.com
,PAY-202009-00000001326,ORD-202009-0000003638,CUST-0000145254,2020-09-22 01:57:30,Debit Card,Success,3376.14,MXN,MEX,North America,,false,2020-09-22 01:57:30,adam.gordon030@commerce.example.com
,PAY-202009-00000001327,ORD-202009-0000006292,CUST-0000154125,2020-09-18 03:35:47,Google Pay,Success,1879.55,EUR,ITA,Europe,,false,2020-09-18 03:35:47,kelsey.taylor010@platform.example.com
,PAY-202009-00000001328,ORD-202009-0000004062,CUST-0000144939,2020-09-20 23:36:03,Debit Card,Success,2571.69,EUR,ITA,Europe,,false,2020-09-20 23:36:03,jennifer.hudson020@analytics.example.com
,PAY-202009-00000001329,ORD-202009-0000004705,CUST-0000147729,2020-09-02 16:38:19,PayPal,Success,2950.53,EUR,ITA,Europe,,false,2020-09-02 16:38:19,joseph.johnson049@dataops.example.com
,PAY-202009-00000001330,ORD-202009-0000001589,CUST-0000144511,2020-09-13 06:50:47,Debit Card,Success,499.93,EUR,ESP,Europe,,false,2020-09-13 06:50:47,micheal.hall064@dataops.example.com
,PAY-202009-00000001331,ORD-202009-0000005927,CUST-0000143744,2020-09-09 07:34:41,Buy Now Pay Later,Success,826.87,EUR,FRA,Europe,,false,2020-09-09 07:34:41,stephen.clark001@analytics.example.com
,PAY-202009-00000001332,ORD-202009-0000004224,CUST-0000146211,2020-09-05 01:06:02,Apple Pay,Success,3427.74,AED,ARE,Asia,,false,2020-09-05 01:06:02,micheal.chen050@dataops.example.com
,PAY-202009-00000001333,ORD-202009-0000004449,CUST-0000147278,2020-09-26 05:25:14,Bank Transfer,Success,3497.13,JPY,JPN,Asia,,false,2020-09-26 05:25:14,tina.williams074@commerce.example.com
,PAY-202009-00000001334,ORD-202009-0000000890,CUST-0000143372,2020-09-25 20:41:48,Google Pay,Refunded,1779.22,AED,ARE,Asia,,true,2020-09-25 20:41:48,timothy.cameron104@commerce.example.com
,PAY-202009-00000001335,ORD-202009-0000005525,CUST-0000139938,2020-09-24 12:17:44,Bank Transfer,Success,1310.78,CAD,CAN,North America,,false,2020-09-24 12:17:44,patrick.gonzalez035@dataops.example.com
,PAY-202009-00000001336,ORD-202009-0000006558,CUST-0000136511,2020-09-06 15:22:59,Paytm,Pending,2277.6,AED,ARE,Asia,,false,2020-09-06 15:22:59,michelle.bender024@analytics.example.com
,PAY-202009-00000001337,ORD-202009-0000005029,CUST-0000144585,2020-09-08 00:13:15,Google Pay,Success,1115.07,MXN,MEX,North America,,false,2020-09-08 00:13:15,ashley.marks069@commerce.example.com
,PAY-202009-00000001338,ORD-202009-0000002941,CUST-0000145217,2020-09-14 04:47:42,Google Pay,Success,3086.1,EUR,DEU,Europe,,false,2020-09-14 04:47:42,stephen.clark001@analytics.example.com
,PAY-202009-00000001339,ORD-202009-0000001588,CUST-0000136565,2020-09-26 08:30:58,Apple Pay,Success,468.52,AUD,AUS,Oceania,,false,2020-09-26 08:30:58,james.proctor094@dataops.example.com
,PAY-202009-00000001340,ORD-202009-0000004779,CUST-0000141504,2020-09-03 19:00:54,Credit Card,Success,3206.69,SGD,SGP,Asia,,false,2020-09-03 19:00:54,michelle.bender024@analytics.example.com
,PAY-202009-00000001341,ORD-202009-0000001653,CUST-0000135252,2020-09-11 17:20:34,Apple Pay,Success,2164.01,AED,ARE,Asia,,false,2020-09-11 17:20:34,peter.martinez098@platform.example.com
,PAY-202009-00000001342,ORD-202009-0000002067,CUST-0000139390,2020-09-15 05:15:27,Credit Card,Success,2561.13,MXN,MEX,North America,,false,2020-09-15 05:15:27,michael.johnson061@platform.example.com
,PAY-202009-00000001343,ORD-202009-0000002249,CUST-0000139650,2020-09-07 17:59:15,Google Pay,Failed,658.95,JPY,JPN,Asia,Fraud check failed,false,2020-09-07 17:59:15,jennifer.hudson020@analytics.example.com
,PAY-202009-00000001344,ORD-202009-0000003369,CUST-0000141892,2020-09-13 18:59:13,Credit Card,Success,3162.56,JPY,JPN,Asia,,false,2020-09-13 18:59:13,kelsey.taylor010@platform.example.com
,PAY-202009-00000001345,ORD-202009-0000005754,CUST-0000149597,2020-09-15 07:57:44,Paytm,Success,2313.41,SGD,SGP,Asia,,false,2020-09-15 07:57:44,susan.rice083@commerce.example.com
,PAY-202009-00000001346,ORD-202009-0000004330,CUST-0000137111,2020-09-07 15:35:33,Phonepe,Success,3449.49,EUR,DEU,Europe,,false,2020-09-07 15:35:33,peter.martinez098@platform.example.com
,PAY-202009-00000001347,ORD-202009-0000000099,CUST-0000144024,2020-09-12 11:49:00,Debit Card,Success,712.38,SGD,SGP,Asia,,false,2020-09-12 11:49:00,megan.cunningham013@commerce.example.com
,PAY-202009-00000001348,ORD-202009-0000005026,CUST-0000139130,2020-09-03 13:48:01,Bank Transfer,Success,77.49,BRL,BRA,South America,,false,2020-09-03 13:48:01,eric.mullen052@dataops.example.com
,PAY-202009-00000001349,ORD-202009-0000000648,CUST-0000142087,2020-09-19 02:41:38,Debit Card,Failed,1392.1,INR,IND,Asia,Invalid CVV,false,2020-09-19 02:41:38,david.cabrera119@dataops.example.com
,PAY-202009-00000001350,ORD-202009-0000002993,CUST-0000135517,2020-09-03 04:17:16,Google Pay,Success,2271.24,EUR,DEU,Europe,,false,2020-09-03 04:17:16,timothy.cannon081@analytics.example.com
,PAY-202009-00000001351,ORD-202009-0000000061,CUST-0000140235,2020-09-01 08:15:33,Gift Card,Success,3220.36,CAD,CAN,North America,,false,2020-09-01 08:15:33,adam.gordon030@commerce.example.com
,PAY-202009-00000001352,ORD-202009-0000002164,CUST-0000148458,2020-09-22 12:14:26,Apple Pay,Success,452.16,EUR,ITA,Europe,,false,2020-09-22 12:14:26,ryan.steele043@commerce.example.com
,PAY-202009-00000001353,ORD-202009-0000005437,CUST-0000137781,2020-09-17 09:52:54,Credit Card,Success,175.31,INR,IND,Asia,,false,2020-09-17 09:52:54,david.cabrera119@dataops.example.com
,PAY-202009-00000001354,ORD-202009-0000001680,CUST-0000152959,2020-09-13 21:51:14,PayPal,Pending,31.64,AED,ARE,Asia,,false,2020-09-13 21:51:14,lance.williams029@platform.example.com
,PAY-202009-00000001355,ORD-202009-0000004117,CUST-0000153060,2020-09-04 11:02:59,Credit Card,Success,3298.14,INR,IND,Asia,,false,2020-09-04 11:02:59,timothy.cameron104@commerce.example.com
,PAY-202009-00000001356,ORD-202009-0000003359,CUST-0000139345,2020-09-16 12:48:08,PayPal,Success,1980.11,EUR,DEU,Europe,,false,2020-09-16 12:48:08,taylor.cunningham023@commerce.example.com
,PAY-202009-00000001357,ORD-202009-0000005027,CUST-0000144783,2020-09-20 23:18:04,Debit Card,Success,3321.65,BRL,BRA,South America,,false,2020-09-20 23:18:04,tina.williams074@commerce.example.com
,PAY-202009-00000001358,ORD-202009-0000006500,CUST-0000140508,2020-09-25 09:18:42,Debit Card,Success,3124.59,USD,USA,North America,,false,2020-09-25 09:18:42,timothy.cannon081@analytics.example.com
,PAY-202009-00000001359,ORD-202009-0000003925,CUST-0000144644,2020-09-06 14:25:49,PayPal,Success,846.63,GBP,GBR,Europe,,false,2020-09-06 14:25:49,michelle.bender024@analytics.example.com
,PAY-202009-00000001360,ORD-202009-0000001663,CUST-0000151918,2020-09-14 04:03:56,Bank Transfer,Success,1267.38,AED,ARE,Asia,,false,2020-09-14 04:03:56,adam.gordon030@commerce.example.com
,PAY-202009-00000001361,ORD-202009-0000005025,CUST-0000150696,2020-09-13 23:17:44,Google Pay,Success,2586.56,EUR,FRA,Europe,,false,2020-09-13 23:17:44,ryan.steele043@commerce.example.com
,PAY-202009-00000001362,ORD-202009-0000004951,CUST-0000150520,2020-09-23 12:30:26,Buy Now Pay Later,Success,3012.95,AED,ARE,Asia,,false,2020-09-23 12:30:26,stephen.daniels076@commerce.example.com
,PAY-202009-00000001363,ORD-202009-0000002637,CUST-0000145810,2020-09-09 07:53:54,Gift Card,Success,786.38,BRL,BRA,South America,,false,2020-09-09 07:53:54,victor.palmer071@platform.example.com
,PAY-202009-00000001364,ORD-202009-0000005866,CUST-0000152914,2020-09-03 01:48:12,Buy Now Pay Later,Success,2778.45,AUD,AUS,Oceania,,false,2020-09-03 01:48:12,adam.gordon030@commerce.example.com
,PAY-202009-00000001365,ORD-202009-0000001308,CUST-0000150585,2020-09-18 12:45:55,Phonepe,Success,2376.81,SGD,SGP,Asia,,false,2020-09-18 12:45:55,micheal.hall064@dataops.example.com
,PAY-202009-00000001366,ORD-202009-0000000230,CUST-0000144697,2020-09-26 21:19:09,Google Pay,Success,3208.86,AUD,AUS,Oceania,,false,2020-09-26 21:19:09,peter.martinez098@platform.example.com
,PAY-202009-00000001367,ORD-202009-0000002150,CUST-0000151773,2020-09-25 20:40:33,Credit Card,Success,2047.06,EUR,ESP,Europe,,false,2020-09-25 20:40:33,michael.berger060@platform.example.com
,PAY-202009-00000001368,ORD-202009-0000003441,CUST-0000145208,2020-09-21 11:47:16,Phonepe,Success,1128.0,EUR,ESP,Europe,,false,2020-09-21 11:47:16,john.mullins109@commerce.example.com
,PAY-202009-00000001369,ORD-202009-0000004479,CUST-0000139418,2020-09-09 21:14:50,Buy Now Pay Later,Success,823.29,BRL,BRA,South America,,false,2020-09-09 21:14:50,eric.mullen052@dataops.example.com
,PAY-202009-00000001370,ORD-202009-0000003036,CUST-0000135080,2020-09-20 07:04:09,Bank Transfer,Success,2540.63,SGD,SGP,Asia,,false,2020-09-20 07:04:09,alyssa.richards002@commerce.example.com
,PAY-202009-00000001371,ORD-202009-0000001475,CUST-0000149596,2020-09-07 17:22:57,Bank Transfer,Success,2607.15,CAD,CAN,North America,,false,2020-09-07 17:22:57,megan.cunningham013@commerce.example.com
,PAY-202009-00000001372,ORD-202009-0000002253,CUST-0000145815,2020-09-11 03:04:35,Debit Card,Success,1340.87,INR,IND,Asia,,false,2020-09-11 03:04:35,jennifer.bauer068@analytics.example.com
,PAY-202009-00000001373,ORD-202009-0000006519,CUST-0000140372,2020-09-09 18:09:52,Gift Card,Success,2744.83,GBP,GBR,Europe,,false,2020-09-09 18:09:52,jeffery.miller012@commerce.example.com
,PAY-202009-00000001374,ORD-202009-0000006530,CUST-0000145382,2020-09-21 18:36:20,PayPal,Success,279.04,MXN,MEX,North America,,false,2020-09-21 18:36:20,andrea.cummings039@platform.example.com
,PAY-202009-00000001375,ORD-202009-0000005212,CUST-0000141419,2020-09-12 23:25:48,Gift Card,Success,398.81,GBP,GBR,Europe,,false,2020-09-12 23:25:48,taylor.cunningham023@commerce.example.com
,PAY-202009-00000001376,ORD-202009-0000003849,CUST-0000141491,2020-09-23 06:26:24,Bank Transfer,Success,3467.07,AED,ARE,Asia,,false,2020-09-23 06:26:24,ashley.marks069@commerce.example.com
,PAY-202009-00000001377,ORD-202009-0000005633,CUST-0000136330,2020-09-13 20:11:23,Paytm,Success,202.2,AUD,AUS,Oceania,,false,2020-09-13 20:11:23,michelle.sims041@analytics.example.com
,PAY-202009-00000001378,ORD-202009-0000000769,CUST-0000146634,2020-09-10 00:09:40,Google Pay,Success,1911.48,JPY,JPN,Asia,,false,2020-09-10 00:09:40,michael.johnson061@platform.example.com
,PAY-202009-00000001379,ORD-202009-0000000149,CUST-0000137351,2020-09-21 23:09:43,Bank Transfer,Success,2204.88,BRL,BRA,South America,,false,2020-09-21 23:09:43,tina.williams074@commerce.example.com
,PAY-202009-00000001380,ORD-202009-0000000650,CUST-0000148735,2020-09-24 09:51:11,Gift Card,Success,1953.01,SGD,SGP,Asia,,false,2020-09-24 09:51:11,stephen.daniels076@commerce.example.com
,PAY-202009-00000001381,ORD-202009-0000003760,CUST-0000144452,2020-09-15 13:58:13,Google Pay,Success,1292.83,BRL,BRA,South America,,false,2020-09-15 13:58:13,eric.horton058@analytics.example.com
,PAY-202009-00000001382,ORD-202009-0000005549,CUST-0000143523,2020-09-01 23:39:33,Buy Now Pay Later,Success,2182.48,AED,ARE,Asia,,false,2020-09-01 23:39:33,stephen.daniels076@commerce.example.com
,PAY-202009-00000001383,ORD-202009-0000006057,CUST-0000149838,2020-09-02 16:44:13,Buy Now Pay Later,Success,821.59,EUR,NLD,Europe,,false,2020-09-02 16:44:13,micheal.chen050@dataops.example.com
,PAY-202009-00000001384,ORD-202009-0000001844,CUST-0000147149,2020-09-13 20:18:07,Bank Transfer,Success,2456.36,EUR,ITA,Europe,,false,2020-09-13 20:18:07,jeffery.miller012@commerce.example.com
,PAY-202009-00000001385,ORD-202009-0000005400,CUST-0000144111,2020-09-11 17:51:39,Phonepe,Success,1970.56,BRL,BRA,South America,,false,2020-09-11 17:51:39,eric.mullen052@dataops.example.com
,PAY-202009-00000001386,ORD-202009-0000003469,CUST-0000150896,2020-09-02 09:09:36,Phonepe,Failed,286.79,GBP,GBR,Europe,Insufficient funds,false,2020-09-02 09:09:36,eric.mullen052@dataops.example.com
,PAY-202009-00000001387,ORD-202009-0000003719,CUST-0000139370,2020-09-02 22:35:27,Paytm,Success,3456.83,SGD,SGP,Asia,,false,2020-09-02 22:35:27,susan.rice083@commerce.example.com
,PAY-202009-00000001388,ORD-202009-0000003405,CUST-0000140207,2020-09-21 10:15:47,Apple Pay,Success,1127.87,JPY,JPN,Asia,,false,2020-09-21 10:15:47,jeffery.miller012@commerce.example.com
,PAY-202009-00000001389,ORD-202009-0000001460,CUST-0000135027,2020-09-28 16:57:12,Google Pay,Success,1496.44,EUR,ESP,Europe,,false,2020-09-28 16:57:12,michelle.sims041@analytics.example.com
,PAY-202009-00000001390,ORD-202009-0000000252,CUST-0000148580,2020-09-30 13:15:36,Buy Now Pay Later,Success,2477.4,MXN,MEX,North America,,false,2020-09-30 13:15:36,tina.williams074@commerce.example.com
,PAY-202009-00000001391,ORD-202009-0000000798,CUST-0000137299,2020-09-19 09:30:21,Buy Now Pay Later,Success,2797.49,MXN,MEX,North America,,false,2020-09-19 09:30:21,patrick.gonzalez035@dataops.example.com
,PAY-202009-00000001392,ORD-202009-0000003803,CUST-0000151906,2020-09-23 16:05:21,Bank Transfer,Pending,605.96,CAD,CAN,North America,,false,2020-09-23 16:05:21,michael.johnson061@platform.example.com
,PAY-202009-00000001393,ORD-202009-0000002170,CUST-0000142296,2020-09-27 16:57:48,Bank Transfer,Success,3436.9,CAD,CAN,North America,,false,2020-09-27 16:57:48,michelle.sims041@analytics.example.com
,PAY-202009-00000001394,ORD-202009-0000004670,CUST-0000142455,2020-09-10 02:11:02,Apple Pay,Success,2352.7,MXN,MEX,North America,,false,2020-09-10 02:11:02,susan.rice083@commerce.example.com
,PAY-202009-00000001395,ORD-202009-0000001196,CUST-0000143616,2020-09-10 03:24:12,Google Pay,Success,1960.03,MXN,MEX,North America,,false,2020-09-10 03:24:12,michael.johnson061@platform.example.com
,PAY-202009-00000001396,ORD-202009-0000005302,CUST-0000139793,2020-09-05 18:28:43,Bank Transfer,Success,141.1,SGD,SGP,Asia,,false,2020-09-05 18:28:43,peter.martinez098@platform.example.com
,PAY-202009-00000001397,ORD-202009-0000006436,CUST-0000137042,2020-09-28 18:32:14,Apple Pay,Success,2893.05,EUR,FRA,Europe,,false,2020-09-28 18:32:14,timothy.cameron104@commerce.example.com
,PAY-202009-00000001398,ORD-202009-0000004346,CUST-0000150939,2020-09-09 21:11:26,Google Pay,Success,1118.88,SGD,SGP,Asia,,false,2020-09-09 21:11:26,megan.cunningham013@commerce.example.com
,PAY-202009-00000001399,ORD-202009-0000006523,CUST-0000138650,2020-09-11 08:58:15,Phonepe,Success,1921.89,MXN,MEX,North America,,false,2020-09-11 08:58:15,eric.mullen052@dataops.example.com
,PAY-202009-00000001400,ORD-202009-0000000473,CUST-0000138069,2020-09-23 13:37:31,Paytm,Success,319.22,EUR,NLD,Europe,,false,2020-09-23 13:37:31,john.mullins109@commerce.example.com
,PAY-202009-00000001401,ORD-202009-0000005320,CUST-0000137069,2020-09-21 20:47:17,Apple Pay,Success,2357.0,AED,ARE,Asia,,false,2020-09-21 20:47:17,eric.mullen052@dataops.example.com
,PAY-202009-00000001402,ORD-202009-0000004000,CUST-0000149169,2020-09-09 10:45:57,Debit Card,Success,3047.64,MXN,MEX,North America,,false,2020-09-09 10:45:57,andrea.cummings039@platform.example.com
,PAY-202009-00000001403,ORD-202009-0000005787,CUST-0000147679,2020-09-20 05:10:22,Google Pay,Success,677.73,EUR,ITA,Europe,,false,2020-09-20 05:10:22,alyssa.richards002@commerce.example.com
,PAY-202009-00000001404,ORD-202009-0000000743,CUST-0000152969,2020-09-07 13:47:54,Paytm,Success,3192.3,MXN,MEX,North America,,false,2020-09-07 13:47:54,maria.ashley046@analytics.example.com
,PAY-202009-00000001405,ORD-202009-0000001286,CUST-0000148774,2020-09-13 18:05:05,Apple Pay,Success,2609.55,EUR,ESP,Europe,,false,2020-09-13 18:05:05,tina.williams074@commerce.example.com
,PAY-202009-00000001406,ORD-202009-0000003994,CUST-0000141269,2020-09-02 18:53:33,Debit Card,Success,2887.12,EUR,FRA,Europe,,false,2020-09-02 18:53:33,adam.gordon030@commerce.example.com
,PAY-202009-00000001407,ORD-202009-0000000548,CUST-0000141913,2020-09-03 17:49:58,Paytm,Failed,2863.46,USD,USA,North America,Fraud check failed,false,2020-09-03 17:49:58,michelle.bender024@analytics.example.com
,PAY-202009-00000001408,ORD-202009-0000003811,CUST-0000152139,2020-09-12 19:30:41,Paytm,Success,2794.24,EUR,ESP,Europe,,false,2020-09-12 19:30:41,taylor.cunningham023@commerce.example.com
,PAY-202009-00000001409,ORD-202009-0000000990,CUST-0000137761,2020-09-05 19:45:05,Google Pay,Success,60.37,SGD,SGP,Asia,,false,2020-09-05 19:45:05,jennifer.bauer068@analytics.example.com
,PAY-202009-00000001410,ORD-202009-0000004003,CUST-0000139762,2020-09-16 23:59:18,Apple Pay,Success,2788.5,EUR,NLD,Europe,,false,2020-09-16 23:59:18,timothy.cameron104@commerce.example.com
,PAY-202009-00000001411,ORD-202009-0000001046,CUST-0000150509,2020-09-07 23:11:33,Buy Now Pay Later,Success,2741.6,CAD,CAN,North America,,false,2020-09-07 23:11:33,james.proctor094@dataops.example.com
,PAY-202009-00000001412,ORD-202009-0000002376,CUST-0000143130,2020-09-23 05:58:56,Phonepe,Success,1866.61,CAD,CAN,North America,,false,2020-09-23 05:58:56,brandi.carter038@dataops.example.com
,PAY-202009-00000001413,ORD-202009-0000006148,CUST-0000147313,2020-09-19 17:25:56,Credit Card,Success,1512.79,EUR,NLD,Europe,,false,2020-09-19 17:25:56,ryan.steele043@commerce.example.com
,PAY-202009-00000001414,ORD-202009-0000001622,CUST-0000138021,2020-09-11 15:42:54,Gift Card,Success,1679.21,CAD,CAN,North America,,false,2020-09-11 15:42:54,lance.williams029@platform.example.com
,PAY-202009-00000001415,ORD-202009-0000003935,CUST-0000152874,2020-09-11 20:26:54,Bank Transfer,Success,2703.52,EUR,DEU,Europe,,false,2020-09-11 20:26:54,andrea.cummings039@platform.example.com
,PAY-202009-00000001416,ORD-202009-0000004294,CUST-0000151980,2020-09-14 08:46:56,Buy Now Pay Later,Success,2935.3,EUR,DEU,Europe,,false,2020-09-14 08:46:56,maria.ashley046@analytics.example.com
,PAY-202009-00000001417,ORD-202009-0000000962,CUST-0000134766,2020-09-17 06:20:38,Google Pay,Success,3135.43,BRL,BRA,South America,,false,2020-09-17 06:20:38,ryan.steele043@commerce.example.com
,PAY-202009-00000001418,ORD-202009-0000004268,CUST-0000148228,2020-09-22 19:50:51,Paytm,Success,60.57,SGD,SGP,Asia,,false,2020-09-22 19:50:51,lance.williams029@platform.example.com
,PAY-202009-00000001419,ORD-202009-0000005896,CUST-0000135958,2020-09-11 08:09:21,Buy Now Pay Later,Success,1914.9,JPY,JPN,Asia,,false,2020-09-11 08:09:21,andrea.cummings039@platform.example.com
,PAY-202009-00000001420,ORD-202009-0000003436,CUST-0000134769,2020-09-08 17:09:38,PayPal,Success,3063.25,CAD,CAN,North America,,false,2020-09-08 17:09:38,micheal.hall064@dataops.example.com
,PAY-202009-00000001421,ORD-202009-0000002420,CUST-0000152901,2020-09-08 10:06:10,Gift Card,Success,17.59,BRL,BRA,South America,,false,2020-09-08 10:06:10,timothy.cameron104@commerce.example.com
,PAY-202009-00000001422,ORD-202009-0000004812,CUST-0000152660,2020-09-06 11:30:02,Buy Now Pay Later,Success,1484.16,AED,ARE,Asia,,false,2020-09-06 11:30:02,brandi.carter038@dataops.example.com
,PAY-202009-00000001423,ORD-202009-0000002297,CUST-0000141396,2020-09-16 07:42:34,Buy Now Pay Later,Success,3121.29,EUR,DEU,Europe,,false,2020-09-16 07:42:34,taylor.cunningham023@commerce.example.com
,PAY-202009-00000001424,ORD-202009-0000000903,CUST-0000135628,2020-09-23 12:40:00,Credit Card,Success,1693.68,EUR,FRA,Europe,,false,2020-09-23 12:40:00,eric.mullen052@dataops.example.com
,PAY-202009-00000001425,ORD-202009-0000004677,CUST-0000135681,2020-09-29 23:54:46,PayPal,Failed,1986.79,AUD,AUS,Oceania,Invalid CVV,false,2020-09-29 23:54:46,joseph.johnson049@dataops.example.com
,PAY-202009-00000001426,ORD-202009-0000003280,CUST-0000137911,2020-09-30 04:12:26,Credit Card,Success,1982.41,EUR,DEU,Europe,,false,2020-09-30 04:12:26,stephen.clark001@analytics.example.com
,PAY-202009-00000001427,ORD-202009-0000006427,CUST-0000138166,2020-09-30 02:54:37,PayPal,Success,2524.77,MXN,MEX,North America,,false,2020-09-30 02:54:37,susan.rice083@commerce.example.com
,PAY-202009-00000001428,ORD-202009-0000003122,CUST-0000142463,2020-09-24 00:29:18,Google Pay,Failed,3093.16,INR,IND,Asia,Fraud check failed,false,2020-09-24 00:29:18,kelsey.taylor010@platform.example.com
,PAY-202009-00000001429,ORD-202009-0000000681,CUST-0000136171,2020-09-22 15:37:46,Paytm,Success,1062.3,INR,IND,Asia,,false,2020-09-22 15:37:46,brandon.yu006@analytics.example.com
,PAY-202009-00000001430,ORD-202009-0000003414,CUST-0000135534,2020-09-16 17:28:11,Debit Card,Failed,2262.89,AUD,AUS,Oceania,Insufficient funds,false,2020-09-16 17:28:11,ryan.steele043@commerce.example.com
,PAY-202009-00000001431,ORD-202009-0000002959,CUST-0000142164,2020-09-02 05:15:17,Bank Transfer,Success,721.56,EUR,ESP,Europe,,false,2020-09-02 05:15:17,jeffery.miller012@commerce.example.com
,PAY-202009-00000001432,ORD-202009-0000001088,CUST-0000151678,2020-09-12 22:28:34,Debit Card,Success,831.04,GBP,GBR,Europe,,false,2020-09-12 22:28:34,jennifer.bauer068@analytics.example.com
,PAY-202009-00000001433,ORD-202009-0000001266,CUST-0000152988,2020-09-09 22:41:03,Paytm,Success,32.0,CAD,CAN,North America,,false,2020-09-09 22:41:03,brandi.carter038@dataops.example.com
,PAY-202009-00000001434,ORD-202009-0000005925,CUST-0000149533,2020-09-05 20:23:26,Debit Card,Success,244.46,INR,IND,Asia,,false,2020-09-05 20:23:26,andrea.cummings039@platform.example.com
,PAY-202009-00000001435,ORD-202009-0000003429,CUST-0000141878,2020-09-03 01:15:28,Credit Card,Success,215.63,INR,IND,Asia,,false,2020-09-03 01:15:28,jeffery.miller012@commerce.example.com
,PAY-202009-00000001436,ORD-202009-0000005672,CUST-0000135386,2020-09-05 11:10:26,Buy Now Pay Later,Success,1143.77,EUR,NLD,Europe,,false,2020-09-05 11:10:26,alyssa.richards002@commerce.example.com
,PAY-202009-00000001437,ORD-202009-0000005070,CUST-0000134955,2020-09-08 07:11:04,PayPal,Success,2108.39,EUR,ESP,Europe,,false,2020-09-08 07:11:04,david.cabrera119@dataops.example.com
,PAY-202009-00000001438,ORD-202009-0000000048,CUST-0000134482,2020-09-20 09:30:29,PayPal,Success,1660.81,AUD,AUS,Oceania,,false,2020-09-20 09:30:29,lance.williams029@platform.example.com
,PAY-202009-00000001439,ORD-202009-0000001583,CUST-0000142033,2020-09-22 13:55:45,Debit Card,Success,543.01,INR,IND,Asia,,false,2020-09-22 13:55:45,michael.johnson061@platform.example.com
,PAY-202009-00000001440,ORD-202009-0000003699,CUST-0000145933,2020-09-12 10:08:47,Credit Card,Refunded,2097.4,INR,IND,Asia,,true,2020-09-12 10:08:47,andrea.cummings039@platform.example.com
,PAY-202009-00000001441,ORD-202009-0000005491,CUST-0000152288,2020-09-08 21:15:13,Debit Card,Success,122.75,BRL,BRA,South America,,false,2020-09-08 21:15:13,megan.cunningham013@commerce.example.com
,PAY-202009-00000001442,ORD-202009-0000003843,CUST-0000143781,2020-09-30 04:45:01,Debit Card,Success,2261.09,USD,USA,North America,,false,2020-09-30 04:45:01,victor.palmer071@platform.example.com
,PAY-202009-00000001443,ORD-202009-0000001555,CUST-0000152748,2020-09-30 04:47:27,Phonepe,Success,806.6,EUR,NLD,Europe,,false,2020-09-30 04:47:27,jennifer.bauer068@analytics.example.com
,PAY-202009-00000001444,ORD-202009-0000002014,CUST-0000145363,2020-09-11 19:46:53,Gift Card,Success,627.18,SGD,SGP,Asia,,false,2020-09-11 19:46:53,megan.cunningham013@commerce.example.com
,PAY-202009-00000001445,ORD-202009-0000001749,CUST-0000138444,2020-09-24 09:11:52,Debit Card,Success,22.22,GBP,GBR,Europe,,false,2020-09-24 09:11:52,michelle.sims041@analytics.example.com
,PAY-202009-00000001446,ORD-202009-0000000300,CUST-0000134458,2020-09-13 08:59:42,Debit Card,Success,1237.08,JPY,JPN,Asia,,false,2020-09-13 08:59:42,stephen.daniels076@commerce.example.com
,PAY-202009-00000001447,ORD-202009-0000002218,CUST-0000151124,2020-09-07 09:55:02,Credit Card,Success,3020.71,EUR,DEU,Europe,,false,2020-09-07 09:55:02,stephen.daniels076@commerce.example.com
,PAY-202009-00000001448,ORD-202009-0000002156,CUST-0000152854,2020-09-17 11:00:53,PayPal,Success,3008.68,SGD,SGP,Asia,,false,2020-09-17 11:00:53,ashley.marks069@commerce.example.com
,PAY-202009-00000001449,ORD-202009-0000000183,CUST-0000144668,2020-09-25 10:27:33,Gift Card,Success,1628.51,USD,USA,North America,,false,2020-09-25 10:27:33,jennifer.hudson020@analytics.example.com
,PAY-202009-00000001450,ORD-202009-0000003819,CUST-0000151771,2020-09-01 06:46:03,Debit Card,Success,1285.37,USD,USA,North America,,false,2020-09-01 06:46:03,timothy.cameron104@commerce.example.com
,PAY-202009-00000001451,ORD-202009-0000002292,CUST-0000147967,2020-09-17 01:21:26,Phonepe,Success,1800.1,SGD,SGP,Asia,,false,2020-09-17 01:21:26,david.cabrera119@dataops.example.com
,PAY-202009-00000001452,ORD-202009-0000000198,CUST-0000141190,2020-09-24 10:58:54,PayPal,Success,2360.82,CAD,CAN,North America,,false,2020-09-24 10:58:54,tina.williams074@commerce.example.com
,PAY-202009-00000001453,ORD-202009-0000006516,CUST-0000143558,2020-09-25 21:53:42,Buy Now Pay Later,Success,956.94,EUR,ESP,Europe,,false,2020-09-25 21:53:42,timothy.cameron104@commerce.example.com
,PAY-202009-00000001454,ORD-202009-0000003041,CUST-0000147926,2020-09-02 20:19:40,Phonepe,Success,2240.01,CAD,CAN,North America,,false,2020-09-02 20:19:40,michelle.bender024@analytics.example.com
,PAY-202009-00000001455,ORD-202009-0000004206,CUST-0000137268,2020-09-14 13:43:04,Phonepe,Success,1801.33,USD,USA,North America,,false,2020-09-14 13:43:04,jennifer.hudson020@analytics.example.com
,PAY-202009-00000001456,ORD-202009-0000004933,CUST-0000143565,2020-09-10 06:36:26,Gift Card,Success,2602.17,SGD,SGP,Asia,,false,2020-09-10 06:36:26,peter.martinez098@platform.example.com
,PAY-202009-00000001457,ORD-202009-0000000538,CUST-0000140515,2020-09-20 10:00:54,Debit Card,Success,765.26,MXN,MEX,North America,,false,2020-09-20 10:00:54,tina.williams074@commerce.example.com
,PAY-202009-00000001458,ORD-202009-0000003688,CUST-0000146665,2020-09-24 15:40:22,Credit Card,Refunded,780.62,EUR,ITA,Europe,,true,2020-09-24 15:40:22,victor.palmer071@platform.example.com
,PAY-202009-00000001459,ORD-202009-0000005651,CUST-0000140707,2020-09-09 15:31:42,Paytm,Success,469.27,EUR,ESP,Europe,,false,2020-09-09 15:31:42,andrea.cummings039@platform.example.com
,PAY-202009-00000001460,ORD-202009-0000000493,CUST-0000150623,2020-09-30 00:01:51,Debit Card,Success,864.19,USD,USA,North America,,false,2020-09-30 00:01:51,jennifer.bauer068@analytics.example.com
,PAY-202009-00000001461,ORD-202009-0000003054,CUST-0000153942,2020-09-08 05:15:01,Debit Card,Success,1394.15,AED,ARE,Asia,,false,2020-09-08 05:15:01,john.mullins109@commerce.example.com
,PAY-202009-00000001462,ORD-202009-0000004331,CUST-0000146882,2020-09-15 01:24:04,Debit Card,Success,1278.51,EUR,FRA,Europe,,false,2020-09-15 01:24:04,james.proctor094@dataops.example.com
,PAY-202009-00000001463,ORD-202009-0000005268,CUST-0000140767,2020-09-14 20:49:38,Debit Card,Success,3093.53,INR,IND,Asia,,false,2020-09-14 20:49:38,michael.johnson061@platform.example.com
,PAY-202009-00000001464,ORD-202009-0000004022,CUST-0000138607,2020-09-06 20:25:23,Gift Card,Success,2907.0,EUR,NLD,Europe,,false,2020-09-06 20:25:23,andrea.cummings039@platform.example.com
,PAY-202009-00000001465,ORD-202009-0000002058,CUST-0000137807,2020-09-28 18:39:44,Debit Card,Success,3469.6,EUR,ESP,Europe,,false,2020-09-28 18:39:44,michael.berger060@platform.example.com
,PAY-202009-00000001466,ORD-202009-0000003679,CUST-0000147306,2020-09-07 18:25:28,Phonepe,Success,1254.82,MXN,MEX,North America,,false,2020-09-07 18:25:28,michael.johnson061@platform.example.com
,PAY-202009-00000001467,ORD-202009-0000000953,CUST-0000146210,2020-09-23 18:01:20,Phonepe,Success,617.19,CAD,CAN,North America,,false,2020-09-23 18:01:20,susan.rice083@commerce.example.com
,PAY-202009-00000001468,ORD-202009-0000002371,CUST-0000138526,2020-09-12 06:14:43,PayPal,Success,1192.3,EUR,ITA,Europe,,false,2020-09-12 06:14:43,ashley.marks069@commerce.example.com
,PAY-202009-00000001469,ORD-202009-0000003673,CUST-0000141029,2020-09-05 06:48:31,Debit Card,Success,3036.49,EUR,DEU,Europe,,false,2020-09-05 06:48:31,david.cabrera119@dataops.example.com
,PAY-202009-00000001470,ORD-202009-0000000551,CUST-0000148217,2020-09-26 12:49:17,Credit Card,Failed,1572.78,SGD,SGP,Asia,Fraud check failed,false,2020-09-26 12:49:17,stephen.daniels076@commerce.example.com
,PAY-202009-00000001471,ORD-202009-0000005810,CUST-0000141359,2020-09-27 20:38:29,Debit Card,Success,1898.63,JPY,JPN,Asia,,false,2020-09-27 20:38:29,peter.martinez098@platform.example.com
,PAY-202009-00000001472,ORD-202009-0000002290,CUST-0000137634,2020-09-18 06:18:03,Google Pay,Success,3235.03,EUR,ESP,Europe,,false,2020-09-18 06:18:03,john.mullins109@commerce.example.com
,PAY-202009-00000001473,ORD-202009-0000006013,CUST-0000150573,2020-09-13 18:24:49,Google Pay,Success,639.02,EUR,FRA,Europe,,false,2020-09-13 18:24:49,patrick.gonzalez035@dataops.example.com
,PAY-202009-00000001474,ORD-202009-0000004580,CUST-0000137831,2020-09-17 12:05:12,Debit Card,Success,3198.71,EUR,ESP,Europe,,false,2020-09-17 12:05:12,timothy.cannon081@analytics.example.com
,PAY-202009-00000001475,ORD-202009-0000000535,CUST-0000135187,2020-09-23 11:27:04,Gift Card,Success,128.16,SGD,SGP,Asia,,false,2020-09-23 11:27:04,peter.martinez098@platform.example.com
,PAY-202009-00000001476,ORD-202009-0000005059,CUST-0000146327,2020-09-23 15:46:46,Apple Pay,Success,2512.41,EUR,DEU,Europe,,false,2020-09-23 15:46:46,jeffery.miller012@commerce.example.com
,PAY-202009-00000001477,ORD-202009-0000002115,CUST-0000140841,2020-09-08 13:34:14,Google Pay,Success,1943.79,INR,IND,Asia,,false,2020-09-08 13:34:14,micheal.chen050@dataops.example.com
,PAY-202009-00000001478,ORD-202009-0000004022,CUST-0000139229,2020-09-03 01:00:55,Debit Card,Success,1513.89,USD,USA,North America,,false,2020-09-03 01:00:55,andrea.cummings039@platform.example.com
,PAY-202009-00000001479,ORD-202009-0000006541,CUST-0000151563,2020-09-12 14:34:54,Debit Card,Success,1892.15,INR,IND,Asia,,false,2020-09-12 14:34:54,timothy.cannon081@analytics.example.com
,PAY-202009-00000001480,ORD-202009-0000000748,CUST-0000142169,2020-09-17 02:19:34,Debit Card,Success,541.13,SGD,SGP,Asia,,false,2020-09-17 02:19:34,john.mullins109@commerce.example.com
,PAY-202009-00000001481,ORD-202009-0000001876,CUST-0000142957,2020-09-04 21:56:41,Credit Card,Success,2349.0,EUR,ESP,Europe,,false,2020-09-04 21:56:41,timothy.cameron104@commerce.example.com
,PAY-202009-00000001482,ORD-202009-0000004591,CUST-0000147289,2020-09-09 02:04:27,Credit Card,Success,1865.73,AED,ARE,Asia,,false,2020-09-09 02:04:27,eric.horton058@analytics.example.com
,PAY-202009-00000001483,ORD-202009-0000003990,CUST-0000138205,2020-09-10 11:09:42,Gift Card,Success,1620.12,JPY,JPN,Asia,,false,2020-09-10 11:09:42,alyssa.richards002@commerce.example.com
,PAY-202009-00000001484,ORD-202009-0000004786,CUST-0000135826,2020-09-29 17:07:09,Apple Pay,Success,2418.74,AED,ARE,Asia,,false,2020-09-29 17:07:09,michael.berger060@platform.example.com
,PAY-202009-00000001485,ORD-202009-0000000317,CUST-0000137732,2020-09-18 23:36:15,Google Pay,Success,1051.78,JPY,JPN,Asia,,false,2020-09-18 23:36:15,adam.gordon030@commerce.example.com
,PAY-202009-00000001486,ORD-202009-0000002174,CUST-0000138732,2020-09-07 18:51:03,Apple Pay,Success,3428.21,USD,USA,North America,,false,2020-09-07 18:51:03,timothy.cameron104@commerce.example.com
,PAY-202009-00000001487,ORD-202009-0000001604,CUST-0000144598,2020-09-29 22:46:16,PayPal,Success,3009.35,INR,IND,Asia,,false,2020-09-29 22:46:16,michelle.sims041@analytics.example.com
,PAY-202009-00000001488,ORD-202009-0000006457,CUST-0000141319,2020-09-11 13:10:18,Bank Transfer,Success,2455.06,EUR,ITA,Europe,,false,2020-09-11 13:10:18,taylor.cunningham023@commerce.example.com
,PAY-202009-00000001489,ORD-202009-0000000485,CUST-0000149370,2020-09-09 13:12:42,Apple Pay,Success,3033.84,EUR,FRA,Europe,,false,2020-09-09 13:12:42,micheal.chen050@dataops.example.com
,PAY-202009-00000001490,ORD-202009-0000000932,CUST-0000136980,2020-09-01 00:10:53,Google Pay,Refunded,807.57,EUR,ITA,Europe,,true,2020-09-01 00:10:53,ashley.marks069@commerce.example.com
,PAY-202009-00000001491,ORD-202009-0000006488,CUST-0000144448,2020-09-07 04:12:12,Apple Pay,Success,2560.68,EUR,ITA,Europe,,false,2020-09-07 04:12:12,brandi.carter038@dataops.example.com
,PAY-202009-00000001492,ORD-202009-0000003524,CUST-0000149386,2020-09-24 19:32:40,Buy Now Pay Later,Success,412.86,CAD,CAN,North America,,false,2020-09-24 19:32:40,jennifer.hudson020@analytics.example.com
,PAY-202009-00000001493,ORD-202009-0000001803,CUST-0000145532,2020-09-13 04:28:10,Google Pay,Success,1635.58,EUR,ITA,Europe,,false,2020-09-13 04:28:10,maria.ashley046@analytics.example.com
,PAY-202009-00000001494,ORD-202009-0000002835,CUST-0000144999,2020-09-21 22:03:57,Gift Card,Success,3111.03,AUD,AUS,Oceania,,false,2020-09-21 22:03:57,maria.ashley046@analytics.example.com
,PAY-202009-00000001495,ORD-202009-0000000753,CUST-0000142361,2020-09-02 13:46:26,Bank Transfer,Success,2620.63,AUD,AUS,Oceania,,false,2020-09-02 13:46:26,ashley.marks069@commerce.example.com
,PAY-202009-00000001496,ORD-202009-0000002481,CUST-0000149462,2020-09-21 17:50:55,Bank Transfer,Success,2900.82,AED,ARE,Asia,,false,2020-09-21 17:50:55,timothy.cameron104@commerce.example.com
,PAY-202009-00000001497,ORD-202009-0000003461,CUST-0000152482,2020-09-09 02:24:25,Paytm,Success,1795.39,GBP,GBR,Europe,,false,2020-09-09 02:24:25,victor.palmer071@platform.example.com
,PAY-202009-00000001498,ORD-202009-0000001756,CUST-0000135461,2020-09-02 11:18:17,Bank Transfer,Success,2450.55,EUR,FRA,Europe,,false,2020-09-02 11:18:17,andrea.cummings039@platform.example.com
,PAY-202009-00000001499,ORD-202009-0000004212,CUST-0000141684,2020-09-23 19:26:49,Bank Transfer,Success,346.15,INR,IND,Asia,,false,2020-09-23 19:26:49,alyssa.richards002@commerce.example.com
,PAY-202009-00000001500,ORD-202009-0000006107,CUST-0000144351,2020-09-13 15:22:04,Credit Card,Success,2952.82,SGD,SGP,Asia,,false,2020-09-13 15:22:04,brandi.carter038@dataops.example.com
,PAY-202009-00000001501,ORD-202009-0000000339,CUST-0000144605,2020-09-17 20:08:22,Debit Card,Refunded,2926.47,USD,USA,North America,,true,2020-09-17 20:08:22,jennifer.hudson020@analytics.example.com
,PAY-202009-00000001502,ORD-202009-0000003627,CUST-0000143456,2020-09-20 06:03:46,Apple Pay,Success,3242.58,CAD,CAN,North America,,false,2020-09-20 06:03:46,adam.gordon030@commerce.example.com
,PAY-202009-00000001503,ORD-202009-0000000032,CUST-0000141508,2020-09-29 00:53:16,Paytm,Success,1215.58,EUR,DEU,Europe,,false,2020-09-29 00:53:16,alyssa.richards002@commerce.example.com
,PAY-202009-00000001504,ORD-202009-0000005828,CUST-0000142480,2020-09-19 23:25:04,Credit Card,Success,790.66,EUR,DEU,Europe,,false,2020-09-19 23:25:04,jennifer.bauer068@analytics.example.com
,PAY-202009-00000001505,ORD-202009-0000000927,CUST-0000141329,2020-09-29 18:07:30,Buy Now Pay Later,Success,1173.18,EUR,FRA,Europe,,false,2020-09-29 18:07:30,eric.horton058@analytics.example.com
,PAY-202009-00000001506,ORD-202009-0000000780,CUST-0000135908,2020-09-19 20:15:25,Paytm,Success,1911.23,GBP,GBR,Europe,,false,2020-09-19 20:15:25,jennifer.bauer068@analytics.example.com
,PAY-202009-00000001507,ORD-202009-0000003758,CUST-0000136679,2020-09-30 21:08:02,Debit Card,Success,416.98,EUR,FRA,Europe,,false,2020-09-30 21:08:02,michelle.bender024@analytics.example.com
,PAY-202009-00000001508,ORD-202009-0000003299,CUST-0000145212,2020-09-05 10:11:28,Debit Card,Success,874.55,EUR,NLD,Europe,,false,2020-09-05 10:11:28,timothy.cameron104@commerce.example.com
,PAY-202009-00000001509,ORD-202009-0000004794,CUST-0000142501,2020-09-11 07:08:35,Gift Card,Success,2663.66,EUR,ESP,Europe,,false,2020-09-11 07:08:35,jennifer.hudson020@analytics.example.com
,PAY-202009-00000001510,ORD-202009-0000002021,CUST-0000153810,2020-09-24 09:31:58,Bank Transfer,Success,2640.97,EUR,FRA,Europe,,false,2020-09-24 09:31:58,kelsey.taylor010@platform.example.com
,PAY-202009-00000001511,ORD-202009-0000001712,CUST-0000149250,2020-09-15 09:05:03,Debit Card,Success,1667.49,EUR,NLD,Europe,,false,2020-09-15 09:05:03,micheal.chen050@dataops.example.com
,PAY-202009-00000001512,ORD-202009-0000004606,CUST-0000153299,2020-09-21 07:40:17,Phonepe,Success,2784.94,EUR,ESP,Europe,,false,2020-09-21 07:40:17,susan.rice083@commerce.example.com
,PAY-202009-00000001513,ORD-202009-0000005083,CUST-0000150148,2020-09-12 09:59:55,Google Pay,Success,1863.37,GBP,GBR,Europe,,false,2020-09-12 09:59:55,michael.berger060@platform.example.com
,PAY-202009-00000001514,ORD-202009-0000004267,CUST-0000145362,2020-09-04 05:21:34,Apple Pay,Success,926.85,EUR,ITA,Europe,,false,2020-09-04 05:21:34,brandon.yu006@analytics.example.com
,PAY-202009-00000001515,ORD-202009-0000003209,CUST-0000139052,2020-09-22 12:07:04,Buy Now Pay Later,Success,1221.48,MXN,MEX,North America,,false,2020-09-22 12:07:04,david.cabrera119@dataops.example.com
,PAY-202009-00000001516,ORD-202009-0000003245,CUST-0000140559,2020-09-17 05:13:10,Credit Card,Failed,1382.94,AED,ARE,Asia,Insufficient funds,false,2020-09-17 05:13:10,victor.palmer071@platform.example.com
,PAY-202009-00000001517,ORD-202009-0000000567,CUST-0000148564,2020-09-09 02:55:37,PayPal,Success,1099.5,EUR,ITA,Europe,,false,2020-09-09 02:55:37,david.cabrera119@dataops.example.com
,PAY-202009-00000001518,ORD-202009-0000003906,CUST-0000147584,2020-09-28 13:07:37,PayPal,Success,633.33,BRL,BRA,South America,,false,2020-09-28 13:07:37,brandon.yu006@analytics.example.com
,PAY-202009-00000001519,ORD-202009-0000002007,CUST-0000150695,2020-09-04 08:00:23,Phonepe,Success,2649.54,EUR,DEU,Europe,,false,2020-09-04 08:00:23,victor.palmer071@platform.example.com
,PAY-202009-00000001520,ORD-202009-0000000740,CUST-0000138174,2020-09-15 06:41:58,Gift Card,Success,1988.67,CAD,CAN,North America,,false,2020-09-15 06:41:58,kelsey.taylor010@platform.example.com
,PAY-202009-00000001521,ORD-202009-0000002714,CUST-0000142546,2020-09-05 03:51:48,Credit Card,Success,3285.83,EUR,NLD,Europe,,false,2020-09-05 03:51:48,stephen.daniels076@commerce.example.com
,PAY-202009-00000001522,ORD-202009-0000001899,CUST-0000149181,2020-09-12 20:35:23,Credit Card,Success,2729.77,USD,USA,North America,,false,2020-09-12 20:35:23,maria.ashley046@analytics.example.com
,PAY-202009-00000001523,ORD-202009-0000004196,CUST-0000136812,2020-09-21 12:06:33,Bank Transfer,Success,3341.79,MXN,MEX,North America,,false,2020-09-21 12:06:33,tina.williams074@commerce.example.com
,PAY-202009-00000001524,ORD-202009-0000003443,CUST-0000139352,2020-09-28 21:21:35,Buy Now Pay Later,Success,294.25,USD,USA,North America,,false,2020-09-28 21:21:35,peter.martinez098@platform.example.com
,PAY-202009-00000001525,ORD-202009-0000002894,CUST-0000151329,2020-09-17 17:45:45,Phonepe,Success,1098.57,EUR,NLD,Europe,,false,2020-09-17 17:45:45,andrea.cummings039@platform.example.com
,PAY-202009-00000001526,ORD-202009-0000005877,CUST-0000147094,2020-09-23 17:45:16,Paytm,Success,2444.8,EUR,NLD,Europe,,false,2020-09-23 17:45:16,patrick.gonzalez035@dataops.example.com
,PAY-202009-00000001527,ORD-202009-0000000940,CUST-0000139192,2020-09-08 23:06:03,Gift Card,Success,282.42,USD,USA,North America,,false,2020-09-08 23:06:03,jennifer.hudson020@analytics.example.com
,PAY-202009-00000001528,ORD-202009-0000002269,CUST-0000139603,2020-09-28 21:18:53,Paytm,Failed,1781.43,BRL,BRA,South America,Insufficient funds,false,2020-09-28 21:18:53,micheal.hall064@dataops.example.com
,PAY-202009-00000001529,ORD-202009-0000000545,CUST-0000143574,2020-09-16 08:40:50,Buy Now Pay Later,Success,3257.03,SGD,SGP,Asia,,false,2020-09-16 08:40:50,tina.williams074@commerce.example.com
,PAY-202009-00000001530,ORD-202009-0000000801,CUST-0000139578,2020-09-16 04:03:08,PayPal,Success,1864.16,JPY,JPN,Asia,,false,2020-09-16 04:03:08,megan.cunningham013@commerce.example.com
,PAY-202009-00000001531,ORD-202009-0000000795,CUST-0000135877,2020-09-05 07:49:05,Paytm,Success,694.05,BRL,BRA,South America,,false,2020-09-05 07:49:05,andrea.cummings039@platform.example.com
,PAY-202009-00000001532,ORD-202009-0000002603,CUST-0000134959,2020-09-11 23:54:38,Google Pay,Success,1897.72,EUR,ITA,Europe,,false,2020-09-11 23:54:38,timothy.cannon081@analytics.example.com
,PAY-202009-00000001533,ORD-202009-0000002399,CUST-0000149392,2020-09-25 22:06:42,PayPal,Success,1422.1,INR,IND,Asia,,false,2020-09-25 22:06:42,michael.berger060@platform.example.com
,PAY-202009-00000001534,ORD-202009-0000005826,CUST-0000151644,2020-09-10 18:04:00,Gift Card,Success,1668.67,AED,ARE,Asia,,false,2020-09-10 18:04:00,timothy.cannon081@analytics.example.com
,PAY-202009-00000001535,ORD-202009-0000004375,CUST-0000151179,2020-09-14 19:22:02,Buy Now Pay Later,Success,2074.58,EUR,NLD,Europe,,false,2020-09-14 19:22:02,jennifer.bauer068@analytics.example.com
,PAY-202009-00000001536,ORD-202009-0000004646,CUST-0000139567,2020-09-26 01:47:00,Phonepe,Success,1604.92,USD,USA,North America,,false,2020-09-26 01:47:00,jennifer.bauer068@analytics.example.com
,PAY-202009-00000001537,ORD-202009-0000002608,CUST-0000152721,2020-09-19 17:22:02,Credit Card,Success,953.76,GBP,GBR,Europe,,false,2020-09-19 17:22:02,micheal.chen050@dataops.example.com
,PAY-202009-00000001538,ORD-202009-0000005412,CUST-0000138775,2020-09-01 00:46:51,Gift Card,Success,2490.47,MXN,MEX,North America,,false,2020-09-01 00:46:51,taylor.cunningham023@commerce.example.com
,PAY-202009-00000001539,ORD-202009-0000000017,CUST-0000151495,2020-09-23 16:44:18,Gift Card,Success,2773.06,MXN,MEX,North America,,false,2020-09-23 16:44:18,james.proctor094@dataops.example.com
,PAY-202009-00000001540,ORD-202009-0000002778,CUST-0000138640,2020-09-06 06:21:17,Buy Now Pay Later,Pending,1183.01,EUR,NLD,Europe,,false,2020-09-06 06:21:17,megan.cunningham013@commerce.example.com
,PAY-202009-00000001541,ORD-202009-0000005374,CUST-0000138795,2020-09-05 13:07:11,Buy Now Pay Later,Success,234.07,JPY,JPN,Asia,,false,2020-09-05 13:07:11,eric.mullen052@dataops.example.com
,PAY-202009-00000001542,ORD-202009-0000002340,CUST-0000138186,2020-09-30 20:30:52,Gift Card,Success,2902.64,EUR,FRA,Europe,,false,2020-09-30 20:30:52,stephen.daniels076@commerce.example.com
,PAY-202009-00000001543,ORD-202009-0000001282,CUST-0000149104,2020-09-25 22:04:05,Buy Now Pay Later,Success,59.19,EUR,ESP,Europe,,false,2020-09-25 22:04:05,patrick.gonzalez035@dataops.example.com
,PAY-202009-00000001544,ORD-202009-0000002022,CUST-0000144025,2020-09-27 19:13:17,Credit Card,Success,1095.79,JPY,JPN,Asia,,false,2020-09-27 19:13:17,tina.williams074@commerce.example.com
,PAY-202009-00000001545,ORD-202009-0000000808,CUST-0000144665,2020-09-08 20:14:56,Paytm,Failed,2399.37,EUR,NLD,Europe,Network timeout,false,2020-09-08 20:14:56,eric.horton058@analytics.example.com
,PAY-202009-00000001546,ORD-202009-0000002926,CUST-0000136505,2020-09-14 22:43:36,Gift Card,Success,264.42,EUR,ITA,Europe,,false,2020-09-14 22:43:36,victor.palmer071@platform.example.com
,PAY-202009-00000001547,ORD-202009-0000003374,CUST-0000142887,2020-09-08 18:32:04,Debit Card,Success,1512.33,EUR,FRA,Europe,,false,2020-09-08 18:32:04,jeffery.miller012@commerce.example.com
,PAY-202009-00000001548,ORD-202009-0000001433,CUST-0000140537,2020-09-13 06:29:53,Paytm,Success,1496.55,USD,USA,North America,,false,2020-09-13 06:29:53,maria.ashley046@analytics.example.com
,PAY-202009-00000001549,ORD-202009-0000004520,CUST-0000152155,2020-09-20 17:46:17,Bank Transfer,Failed,429.85,EUR,FRA,Europe,Fraud check failed,false,2020-09-20 17:46:17,eric.mullen052@dataops.example.com
,PAY-202009-00000001550,ORD-202009-0000001118,CUST-0000147597,2020-09-25 14:20:13,Bank Transfer,Success,2337.14,USD,USA,North America,,false,2020-09-25 14:20:13,jennifer.hudson020@analytics.example.com
,PAY-202009-00000001551,ORD-202009-0000000175,CUST-0000135641,2020-09-26 21:47:14,PayPal,Success,2670.23,EUR,DEU,Europe,,false,2020-09-26 21:47:14,michael.berger060@platform.example.com
,PAY-202009-00000001552,ORD-202009-0000004108,CUST-0000146662,2020-09-09 10:29:47,Phonepe,Success,1765.08,EUR,FRA,Europe,,false,2020-09-09 10:29:47,eric.horton058@analytics.example.com
,PAY-202009-00000001553,ORD-202009-0000002295,CUST-0000137782,2020-09-04 01:34:37,Debit Card,Success,3147.47,CAD,CAN,North America,,false,2020-09-04 01:34:37,timothy.cameron104@commerce.example.com
,PAY-202009-00000001554,ORD-202009-0000002760,CUST-0000138839,2020-09-12 00:45:00,Phonepe,Success,1553.29,SGD,SGP,Asia,,false,2020-09-12 00:45:00,michael.johnson061@platform.example.com
,PAY-202009-00000001555,ORD-202009-0000004187,CUST-0000141027,2020-09-13 05:50:19,Debit Card,Success,114.15,EUR,FRA,Europe,,false,2020-09-13 05:50:19,michelle.bender024@analytics.example.com
,PAY-202009-00000001556,ORD-202009-0000002279,CUST-0000145899,2020-09-16 16:36:45,Paytm,Success,2376.43,GBP,GBR,Europe,,false,2020-09-16 16:36:45,megan.cunningham013@commerce.example.com
,PAY-202009-00000001557,ORD-202009-0000001925,CUST-0000146170,2020-09-11 05:07:45,Credit Card,Success,2731.5,INR,IND,Asia,,false,2020-09-11 05:07:45,brandi.carter038@dataops.example.com
,PAY-202009-00000001558,ORD-202009-0000005789,CUST-0000150524,2020-09-21 14:58:26,Debit Card,Success,177.06,EUR,DEU,Europe,,false,2020-09-21 14:58:26,lance.williams029@platform.example.com
,PAY-202009-00000001559,ORD-202009-0000003543,CUST-0000149572,2020-09-20 05:09:52,Credit Card,Success,3109.69,BRL,BRA,South America,,false,2020-09-20 05:09:52,kelsey.taylor010@platform.example.com
,PAY-202009-00000001560,ORD-202009-0000004792,CUST-0000152341,2020-09-10 10:01:13,Debit Card,Success,97.15,MXN,MEX,North America,,false,2020-09-10 10:01:13,peter.martinez098@platform.example.com
,PAY-202009-00000001561,ORD-202009-0000000339,CUST-0000143355,2020-09-09 11:55:04,Gift Card,Success,116.32,EUR,ITA,Europe,,false,2020-09-09 11:55:04,jennifer.bauer068@analytics.example.com
,PAY-202009-00000001562,ORD-202009-0000002420,CUST-0000144094,2020-09-13 07:04:43,Google Pay,Success,924.18,JPY,JPN,Asia,,false,2020-09-13 07:04:43,james.proctor094@dataops.example.com
,PAY-202009-00000001563,ORD-202009-0000005905,CUST-0000151128,2020-09-29 13:49:55,Phonepe,Success,18.31,USD,USA,North America,,false,2020-09-29 13:49:55,victor.palmer071@platform.example.com
,PAY-202009-00000001564,ORD-202009-0000005306,CUST-0000143397,2020-09-06 06:13:22,Debit Card,Success,3055.72,JPY,JPN,Asia,,false,2020-09-06 06:13:22,micheal.hall064@dataops.example.com
,PAY-202009-00000001565,ORD-202009-0000003718,CUST-0000148623,2020-09-15 23:34:27,Credit Card,Success,1267.04,AUD,AUS,Oceania,,false,2020-09-15 23:34:27,james.proctor094@dataops.example.com
,PAY-202009-00000001566,ORD-202009-0000004452,CUST-0000139713,2020-09-16 01:36:08,Paytm,Pending,220.37,CAD,CAN,North America,,false,2020-09-16 01:36:08,eric.mullen052@dataops.example.com
,PAY-202009-00000001567,ORD-202009-0000000054,CUST-0000139741,2020-09-13 08:11:31,PayPal,Success,1080.47,AED,ARE,Asia,,false,2020-09-13 08:11:31,taylor.cunningham023@commerce.example.com
,PAY-202009-00000001568,ORD-202009-0000004748,CUST-0000138565,2020-09-29 06:15:34,Buy Now Pay Later,Failed,1509.82,USD,USA,North America,Network timeout,false,2020-09-29 06:15:34,brandon.yu006@analytics.example.com
,PAY-202009-00000001569,ORD-202009-0000006426,CUST-0000138865,2020-09-21 16:28:11,Google Pay,Success,2408.5,EUR,NLD,Europe,,false,2020-09-21 16:28:11,jeffery.miller012@commerce.example.com
,PAY-202009-00000001570,ORD-202009-0000001757,CUST-0000151847,2020-09-27 00:35:21,Bank Transfer,Success,2298.94,INR,IND,Asia,,false,2020-09-27 00:35:21,brandi.carter038@dataops.example.com
,PAY-202009-00000001571,ORD-202009-0000005845,CUST-0000153124,2020-09-22 11:38:48,Paytm,Failed,1290.71,EUR,DEU,Europe,Insufficient funds,false,2020-09-22 11:38:48,brandi.carter038@dataops.example.com
,PAY-202009-00000001572,ORD-202009-0000000060,CUST-0000138593,2020-09-05 10:59:27,Phonepe,Success,1918.76,USD,USA,North America,,false,2020-09-05 10:59:27,john.mullins109@commerce.example.com
,PAY-202009-00000001573,ORD-202009-0000003474,CUST-0000136177,2020-09-04 02:52:32,Buy Now Pay Later,Success,1007.21,BRL,BRA,South America,,false,2020-09-04 02:52:32,victor.palmer071@platform.example.com
,PAY-202009-00000001574,ORD-202009-0000004171,CUST-0000141685,2020-09-27 15:49:56,Phonepe,Success,3161.59,BRL,BRA,South America,,false,2020-09-27 15:49:56,michael.johnson061@platform.example.com
,PAY-202009-00000001575,ORD-202009-0000004889,CUST-0000147218,2020-09-14 05:16:43,Debit Card,Success,143.06,EUR,ITA,Europe,,false,2020-09-14 05:16:43,michael.johnson061@platform.example.com
,PAY-202009-00000001576,ORD-202009-0000003830,CUST-0000142056,2020-09-16 16:07:34,Paytm,Success,2329.93,EUR,DEU,Europe,,false,2020-09-16 16:07:34,maria.ashley046@analytics.example.com
,PAY-202009-00000001577,ORD-202009-0000005864,CUST-0000150427,2020-09-20 11:46:51,Buy Now Pay Later,Success,978.54,EUR,NLD,Europe,,false,2020-09-20 11:46:51,brandi.carter038@dataops.example.com
,PAY-202009-00000001578,ORD-202009-0000001747,CUST-0000149350,2020-09-05 03:29:05,Buy Now Pay Later,Success,1756.25,SGD,SGP,Asia,,false,2020-09-05 03:29:05,timothy.cannon081@analytics.example.com
,PAY-202009-00000001579,ORD-202009-0000005462,CUST-0000135256,2020-09-27 16:23:39,Debit Card,Success,3491.04,GBP,GBR,Europe,,false,2020-09-27 16:23:39,eric.mullen052@dataops.example.com
,PAY-202009-00000001580,ORD-202009-0000001977,CUST-0000135163,2020-09-30 00:16:30,Gift Card,Pending,936.66,AUD,AUS,Oceania,,false,2020-09-30 00:16:30,jennifer.bauer068@analytics.example.com
,PAY-202009-00000001581,ORD-202009-0000006371,CUST-0000135775,2020-09-28 17:29:33,Google Pay,Success,1166.01,USD,USA,North America,,false,2020-09-28 17:29:33,susan.rice083@commerce.example.com
,PAY-202009-00000001582,ORD-202009-0000006341,CUST-0000152850,2020-09-30 07:34:28,PayPal,Success,1896.86,EUR,FRA,Europe,,false,2020-09-30 07:34:28,tina.williams074@commerce.example.com
,PAY-202009-00000001583,ORD-202009-0000002332,CUST-0000144894,2020-09-05 07:42:47,Buy Now Pay Later,Success,3478.05,USD,USA,North America,,false,2020-09-05 07:42:47,michelle.bender024@analytics.example.com
,PAY-202009-00000001584,ORD-202009-0000001973,CUST-0000147714,2020-09-17 07:37:22,Paytm,Success,1955.84,SGD,SGP,Asia,,false,2020-09-17 07:37:22,tina.williams074@commerce.example.com
,PAY-202009-00000001585,ORD-202009-0000001729,CUST-0000144433,2020-09-23 23:37:48,PayPal,Success,2278.57,JPY,JPN,Asia,,false,2020-09-23 23:37:48,timothy.cannon081@analytics.example.com
,PAY-202009-00000001586,ORD-202009-0000003098,CUST-0000152334,2020-09-16 17:13:00,PayPal,Success,2808.52,USD,USA,North America,,false,2020-09-16 17:13:00,john.mullins109@commerce.example.com
,PAY-202009-00000001587,ORD-202009-0000002988,CUST-0000148904,2020-09-05 06:38:20,Buy Now Pay Later,Success,2921.9,CAD,CAN,North America,,false,2020-09-05 06:38:20,micheal.hall064@dataops.example.com
,PAY-202009-00000001588,ORD-202009-0000005290,CUST-0000147586,2020-09-24 04:37:14,Gift Card,Success,1973.24,BRL,BRA,South America,,false,2020-09-24 04:37:14,michelle.bender024@analytics.example.com
,PAY-202009-00000001589,ORD-202009-0000004504,CUST-0000141134,2020-09-06 18:51:45,Apple Pay,Success,778.34,EUR,ESP,Europe,,false,2020-09-06 18:51:45,victor.palmer071@platform.example.com
,PAY-202009-00000001590,ORD-202009-0000001568,CUST-0000144006,2020-09-08 21:38:55,Google Pay,Success,3015.99,AUD,AUS,Oceania,,false,2020-09-08 21:38:55,eric.horton058@analytics.example.com
,PAY-202009-00000001591,ORD-202009-0000005145,CUST-0000144005,2020-09-20 13:14:30,Buy Now Pay Later,Success,1063.26,GBP,GBR,Europe,,false,2020-09-20 13:14:30,megan.cunningham013@commerce.example.com
,PAY-202009-00000001592,ORD-202009-0000003749,CUST-0000142526,2020-09-11 20:22:12,Credit Card,Success,2938.28,EUR,NLD,Europe,,false,2020-09-11 20:22:12,susan.rice083@commerce.example.com
,PAY-202009-00000001593,ORD-202009-0000006079,CUST-0000151322,2020-09-01 16:02:55,Phonepe,Success,301.02,MXN,MEX,North America,,false,2020-09-01 16:02:55,james.proctor094@dataops.example.com
,PAY-202009-00000001594,ORD-202009-0000000859,CUST-0000150198,2020-09-02 01:09:36,Buy Now Pay Later,Success,1925.9,EUR,ITA,Europe,,false,2020-09-02 01:09:36,timothy.cameron104@commerce.example.com
,PAY-202009-00000001595,ORD-202009-0000000075,CUST-0000137334,2020-09-02 09:38:21,Bank Transfer,Success,3416.97,CAD,CAN,North America,,false,2020-09-02 09:38:21,ashley.marks069@commerce.example.com
,PAY-202009-00000001596,ORD-202009-0000004940,CUST-0000154084,2020-09-06 20:50:27,Bank Transfer,Success,2089.09,AUD,AUS,Oceania,,false,2020-09-06 20:50:27,jennifer.bauer068@analytics.example.com
,PAY-202009-00000001597,ORD-202009-0000003340,CUST-0000142091,2020-09-19 16:54:09,Google Pay,Success,2743.36,CAD,CAN,North America,,false,2020-09-19 16:54:09,patrick.gonzalez035@dataops.example.com
,PAY-202009-00000001598,ORD-202009-0000004978,CUST-0000135063,2020-09-05 00:19:59,Google Pay,Success,1477.25,EUR,FRA,Europe,,false,2020-09-05 00:19:59,micheal.hall064@dataops.example.com
,PAY-202009-00000001599,ORD-202009-0000006205,CUST-0000147945,2020-09-10 13:08:56,PayPal,Pending,2177.1,AED,ARE,Asia,,false,2020-09-10 13:08:56,kelsey.taylor010@platform.example.com
,PAY-202009-00000001600,ORD-202009-0000002328,CUST-0000151372,2020-09-24 17:43:06,Phonepe,Success,3424.9,SGD,SGP,Asia,,false,2020-09-24 17:43:06,michael.berger060@platform.example.com
,PAY-202009-00000001601,ORD-202009-0000003251,CUST-0000140816,2020-09-13 21:42:48,Buy Now Pay Later,Success,70.01,EUR,ITA,Europe,,false,2020-09-13 21:42:48,adam.gordon030@commerce.example.com
,PAY-202009-00000001602,ORD-202009-0000001773,CUST-0000135931,2020-09-19 11:29:29,Debit Card,Success,3204.53,INR,IND,Asia,,false,2020-09-19 11:29:29,ryan.steele043@commerce.example.com
,PAY-202009-00000001603,ORD-202009-0000001570,CUST-0000151936,2020-09-18 09:45:57,Debit Card,Success,1039.94,GBP,GBR,Europe,,false,2020-09-18 09:45:57,tina.williams074@commerce.example.com
,PAY-202009-00000001604,ORD-202009-0000002882,CUST-0000142149,2020-09-09 07:35:49,Bank Transfer,Success,2449.98,GBP,GBR,Europe,,false,2020-09-09 07:35:49,jeffery.miller012@commerce.example.com
,PAY-202009-00000001605,ORD-202009-0000003153,CUST-0000142514,2020-09-09 18:42:58,Phonepe,Success,894.96,BRL,BRA,South America,,false,2020-09-09 18:42:58,tina.williams074@commerce.example.com
,PAY-202009-00000001606,ORD-202009-0000006429,CUST-0000142473,2020-09-29 06:12:43,Buy Now Pay Later,Success,1718.92,BRL,BRA,South America,,false,2020-09-29 06:12:43,adam.gordon030@commerce.example.com
,PAY-202009-00000001607,ORD-202009-0000006482,CUST-0000153797,2020-09-22 21:05:07,Bank Transfer,Success,1986.0,MXN,MEX,North America,,false,2020-09-22 21:05:07,brandi.carter038@dataops.example.com
,PAY-202009-00000001608,ORD-202009-0000004505,CUST-0000151064,2020-09-21 22:31:06,Phonepe,Success,1282.97,EUR,NLD,Europe,,false,2020-09-21 22:31:06,david.cabrera119@dataops.example.com
,PAY-202009-00000001609,ORD-202009-0000005929,CUST-0000147607,2020-09-01 22:37:19,Gift Card,Success,3063.37,EUR,DEU,Europe,,false,2020-09-01 22:37:19,ashley.marks069@commerce.example.com
,PAY-202009-00000001610,ORD-202009-0000003231,CUST-0000139433,2020-09-03 11:37:23,Phonepe,Success,1181.39,AED,ARE,Asia,,false,2020-09-03 11:37:23,jennifer.hudson020@analytics.example.com
,PAY-202009-00000001611,ORD-202009-0000004953,CUST-0000136034,2020-09-11 23:20:26,Credit Card,Success,170.35,USD,USA,North America,,false,2020-09-11 23:20:26,michael.johnson061@platform.example.com
,PAY-202009-00000001612,ORD-202009-0000001705,CUST-0000149804,2020-09-28 21:00:36,Debit Card,Success,331.83,EUR,ESP,Europe,,false,2020-09-28 21:00:36,stephen.daniels076@commerce.example.com
,PAY-202009-00000001613,ORD-202009-0000000139,CUST-0000147553,2020-09-05 12:41:12,Google Pay,Success,1781.02,GBP,GBR,Europe,,false,2020-09-05 12:41:12,brandi.carter038@dataops.example.com
,PAY-202009-00000001614,ORD-202009-0000004860,CUST-0000152322,2020-09-10 19:32:40,Paytm,Success,2210.64,INR,IND,Asia,,false,2020-09-10 19:32:40,david.cabrera119@dataops.example.com
,PAY-202009-00000001615,ORD-202009-0000003920,CUST-0000135864,2020-09-24 01:37:28,Bank Transfer,Success,2452.99,JPY,JPN,Asia,,false,2020-09-24 01:37:28,victor.palmer071@platform.example.com
,PAY-202009-00000001616,ORD-202009-0000004449,CUST-0000150215,2020-09-03 06:13:10,Credit Card,Success,2985.57,MXN,MEX,North America,,false,2020-09-03 06:13:10,jennifer.hudson020@analytics.example.com
,PAY-202009-00000001617,ORD-202009-0000005561,CUST-0000134683,2020-09-06 03:31:44,Google Pay,Success,1224.02,EUR,FRA,Europe,,false,2020-09-06 03:31:44,brandi.carter038@dataops.example.com
,PAY-202009-00000001618,ORD-202009-0000006256,CUST-0000149543,2020-09-25 22:01:28,Bank Transfer,Success,2870.95,EUR,NLD,Europe,,false,2020-09-25 22:01:28,john.mullins109@commerce.example.com
,PAY-202009-00000001619,ORD-202009-0000003247,CUST-0000152818,2020-09-14 10:53:37,Google Pay,Success,327.77,CAD,CAN,North America,,false,2020-09-14 10:53:37,patrick.gonzalez035@dataops.example.com
,PAY-202009-00000001620,ORD-202009-0000001649,CUST-0000146358,2020-09-05 02:16:11,Phonepe,Success,3000.91,EUR,ESP,Europe,,false,2020-09-05 02:16:11,john.mullins109@commerce.example.com
,PAY-202009-00000001621,ORD-202009-0000004656,CUST-0000152941,2020-09-30 00:41:52,Paytm,Success,2935.97,CAD,CAN,North America,,false,2020-09-30 00:41:52,michelle.bender024@analytics.example.com
,PAY-202009-00000001622,ORD-202009-0000002755,CUST-0000152154,2020-09-10 12:25:49,Gift Card,Success,2811.96,EUR,ITA,Europe,,false,2020-09-10 12:25:49,ashley.marks069@commerce.example.com
,PAY-202009-00000001623,ORD-202009-0000003742,CUST-0000150337,2020-09-08 13:23:56,Credit Card,Success,1615.31,USD,USA,North America,,false,2020-09-08 13:23:56,eric.mullen052@dataops.example.com
,PAY-202009-00000001624,ORD-202009-0000000835,CUST-0000136522,2020-09-04 10:59:12,Debit Card,Success,1091.88,MXN,MEX,North America,,false,2020-09-04 10:59:12,micheal.hall064@dataops.example.com
,PAY-202009-00000001625,ORD-202009-0000004634,CUST-0000153543,2020-09-05 10:24:27,Debit Card,Success,3469.97,EUR,NLD,Europe,,false,2020-09-05 10:24:27,micheal.hall064@dataops.example.com
,PAY-202009-00000001626,ORD-202009-0000000120,CUST-0000138787,2020-09-19 21:06:11,Phonepe,Success,1395.45,CAD,CAN,North America,,false,2020-09-19 21:06:11,jeffery.miller012@commerce.example.com
,PAY-202009-00000001627,ORD-202009-0000000328,CUST-0000139337,2020-09-30 13:32:01,PayPal,Success,2029.54,EUR,ESP,Europe,,false,2020-09-30 13:32:01,victor.palmer071@platform.example.com
,PAY-202009-00000001628,ORD-202009-0000006506,CUST-0000149151,2020-09-19 21:29:24,Phonepe,Success,3444.61,EUR,FRA,Europe,,false,2020-09-19 21:29:24,alyssa.richards002@commerce.example.com
,PAY-202009-00000001629,ORD-202009-0000002662,CUST-0000139154,2020-09-09 03:17:21,Buy Now Pay Later,Success,3207.35,AUD,AUS,Oceania,,false,2020-09-09 03:17:21,jennifer.bauer068@analytics.example.com
,PAY-202009-00000001630,ORD-202009-0000000099,CUST-0000137976,2020-09-17 07:08:59,Buy Now Pay Later,Success,156.56,AUD,AUS,Oceania,,false,2020-09-17 07:08:59,jennifer.bauer068@analytics.example.com
,PAY-202009-00000001631,ORD-202009-0000001358,CUST-0000143782,2020-09-27 01:45:30,Phonepe,Success,3043.37,GBP,GBR,Europe,,false,2020-09-27 01:45:30,susan.rice083@commerce.example.com
,PAY-202009-00000001632,ORD-202009-0000004026,CUST-0000142056,2020-09-14 14:38:59,Apple Pay,Success,2928.76,CAD,CAN,North America,,false,2020-09-14 14:38:59,michael.johnson061@platform.example.com
,PAY-202009-00000001633,ORD-202009-0000000738,CUST-0000138412,2020-09-26 20:36:12,Apple Pay,Failed,1942.09,EUR,NLD,Europe,Network timeout,false,2020-09-26 20:36:12,micheal.hall064@dataops.example.com
,PAY-202009-00000001634,ORD-202009-0000002895,CUST-0000143043,2020-09-18 13:54:36,Paytm,Success,1954.73,SGD,SGP,Asia,,false,2020-09-18 13:54:36,jennifer.hudson020@analytics.example.com
,PAY-202009-00000001635,ORD-202009-0000003477,CUST-0000151948,2020-09-16 08:34:40,Phonepe,Pending,1176.26,EUR,NLD,Europe,,false,2020-09-16 08:34:40,taylor.cunningham023@commerce.example.com
,PAY-202009-00000001636,ORD-202009-0000002597,CUST-0000145389,2020-09-02 11:59:52,Gift Card,Success,1489.31,JPY,JPN,Asia,,false,2020-09-02 11:59:52,timothy.cannon081@analytics.example.com
,PAY-202009-00000001637,ORD-202009-0000002813,CUST-0000137678,2020-09-26 01:03:17,Phonepe,Success,3278.19,AED,ARE,Asia,,false,2020-09-26 01:03:17,john.mullins109@commerce.example.com
,PAY-202009-00000001638,ORD-202009-0000001451,CUST-0000148840,2020-09-23 13:24:42,Bank Transfer,Success,2455.23,SGD,SGP,Asia,,false,2020-09-23 13:24:42,brandi.carter038@dataops.example.com
,PAY-202009-00000001639,ORD-202009-0000002306,CUST-0000135299,2020-09-22 08:13:42,Bank Transfer,Success,1147.5,EUR,FRA,Europe,,false,2020-09-22 08:13:42,peter.martinez098@platform.example.com
,PAY-202009-00000001640,ORD-202009-0000005581,CUST-0000146832,2020-09-12 00:48:44,PayPal,Success,2651.3,EUR,FRA,Europe,,false,2020-09-12 00:48:44,andrea.cummings039@platform.example.com
,PAY-202009-00000001641,ORD-202009-0000003431,CUST-0000137389,2020-09-20 10:15:58,Credit Card,Success,2628.52,BRL,BRA,South America,,false,2020-09-20 10:15:58,kelsey.taylor010@platform.example.com
,PAY-202009-00000001642,ORD-202009-0000000132,CUST-0000137206,2020-09-06 06:21:21,Apple Pay,Success,1333.43,EUR,ESP,Europe,,false,2020-09-06 06:21:21,peter.martinez098@platform.example.com
,PAY-202009-00000001643,ORD-202009-0000001502,CUST-0000151359,2020-09-04 16:26:05,Gift Card,Success,3134.86,EUR,ESP,Europe,,false,2020-09-04 16:26:05,peter.martinez098@platform.example.com
,PAY-202009-00000001644,ORD-202009-0000003178,CUST-0000146657,2020-09-06 18:47:18,Gift Card,Success,2726.4,GBP,GBR,Europe,,false,2020-09-06 18:47:18,timothy.cameron104@commerce.example.com
,PAY-202009-00000001645,ORD-202009-0000005557,CUST-0000152804,2020-09-01 01:23:01,Buy Now Pay Later,Pending,2800.21,AED,ARE,Asia,,false,2020-09-01 01:23:01,alyssa.richards002@commerce.example.com
,PAY-202009-00000001646,ORD-202009-0000000495,CUST-0000151051,2020-09-23 16:03:21,Paytm,Success,176.96,INR,IND,Asia,,false,2020-09-23 16:03:21,peter.martinez098@platform.example.com
,PAY-202009-00000001647,ORD-202009-0000003482,CUST-0000152993,2020-09-25 13:00:28,Debit Card,Success,2356.03,USD,USA,North America,,false,2020-09-25 13:00:28,patrick.gonzalez035@dataops.example.com
,PAY-202009-00000001648,ORD-202009-0000002572,CUST-0000145621,2020-09-09 00:11:59,Debit Card,Success,3226.67,INR,IND,Asia,,false,2020-09-09 00:11:59,taylor.cunningham023@commerce.example.com
,PAY-202009-00000001649,ORD-202009-0000003123,CUST-0000149268,2020-09-20 10:57:56,Bank Transfer,Success,410.25,GBP,GBR,Europe,,false,2020-09-20 10:57:56,micheal.hall064@dataops.example.com
,PAY-202009-00000001650,ORD-202009-0000005780,CUST-0000145820,2020-09-14 04:21:26,Credit Card,Success,233.63,BRL,BRA,South America,,false,2020-09-14 04:21:26,peter.martinez098@platform.example.com
,PAY-202009-00000001651,ORD-202009-0000000840,CUST-0000144092,2020-09-05 19:23:21,Credit Card,Success,389.28,EUR,ESP,Europe,,false,2020-09-05 19:23:21,michelle.sims041@analytics.example.com
,PAY-202009-00000001652,ORD-202009-0000005239,CUST-0000150356,2020-09-01 19:05:55,Credit Card,Success,1978.12,EUR,NLD,Europe,,false,2020-09-01 19:05:55,michael.johnson061@platform.example.com
,PAY-202009-00000001653,ORD-202009-0000006093,CUST-0000151706,2020-09-02 10:08:42,Gift Card,Success,1578.67,BRL,BRA,South America,,false,2020-09-02 10:08:42,timothy.cannon081@analytics.example.com
,PAY-202009-00000001654,ORD-202009-0000004063,CUST-0000144812,2020-09-12 04:24:23,Gift Card,Success,2229.74,EUR,ESP,Europe,,false,2020-09-12 04:24:23,ashley.marks069@commerce.example.com
,PAY-202009-00000001655,ORD-202009-0000002774,CUST-0000150784,2020-09-22 12:27:18,Gift Card,Success,2327.11,USD,USA,North America,,false,2020-09-22 12:27:18,eric.horton058@analytics.example.com
,PAY-202009-00000001656,ORD-202009-0000002801,CUST-0000143593,2020-09-16 17:31:06,Bank Transfer,Success,1021.83,USD,USA,North America,,false,2020-09-16 17:31:06,taylor.cunningham023@commerce.example.com
,PAY-202009-00000001657,ORD-202009-0000000434,CUST-0000144185,2020-09-23 06:07:00,Phonepe,Success,1536.52,BRL,BRA,South America,,false,2020-09-23 06:07:00,timothy.cameron104@commerce.example.com
,PAY-202009-00000001658,ORD-202009-0000003781,CUST-0000143464,2020-09-12 14:28:19,Gift Card,Success,1615.93,AUD,AUS,Oceania,,false,2020-09-12 14:28:19,jennifer.hudson020@analytics.example.com
,PAY-202009-00000001659,ORD-202009-0000001930,CUST-0000149000,2020-09-21 15:51:28,Buy Now Pay Later,Success,3397.18,EUR,DEU,Europe,,false,2020-09-21 15:51:28,ashley.marks069@commerce.example.com
,PAY-202009-00000001660,ORD-202009-0000005539,CUST-0000147585,2020-09-12 21:40:56,Buy Now Pay Later,Success,1199.09,AED,ARE,Asia,,false,2020-09-12 21:40:56,james.proctor094@dataops.example.com
,PAY-202009-00000001661,ORD-202009-0000005267,CUST-0000137548,2020-09-25 13:35:43,Buy Now Pay Later,Success,611.43,EUR,ESP,Europe,,false,2020-09-25 13:35:43,timothy.cameron104@commerce.example.com
,PAY-202009-00000001662,ORD-202009-0000001622,CUST-0000153268,2020-09-08 18:06:36,Google Pay,Refunded,2893.65,MXN,MEX,North America,,true,2020-09-08 18:06:36,brandi.carter038@dataops.example.com
,PAY-202009-00000001663,ORD-202009-0000003561,CUST-0000139710,2020-09-29 03:32:18,Gift Card,Success,1603.81,INR,IND,Asia,,false,2020-09-29 03:32:18,susan.rice083@commerce.example.com
,PAY-202009-00000001664,ORD-202009-0000003101,CUST-0000137692,2020-09-16 13:34:37,Phonepe,Success,2336.16,BRL,BRA,South America,,false,2020-09-16 13:34:37,stephen.daniels076@commerce.example.com
,PAY-202009-00000001665,ORD-202009-0000006443,CUST-0000144363,2020-09-29 15:26:00,Apple Pay,Success,502.01,CAD,CAN,North America,,false,2020-09-29 15:26:00,susan.rice083@commerce.example.com
,PAY-202009-00000001666,ORD-202009-0000000467,CUST-0000135456,2020-09-07 08:29:16,Bank Transfer,Success,3483.38,BRL,BRA,South America,,false,2020-09-07 08:29:16,eric.mullen052@dataops.example.com
,PAY-202009-00000001667,ORD-202009-0000002074,CUST-0000151478,2020-09-10 20:11:43,Credit Card,Success,2891.35,EUR,DEU,Europe,,false,2020-09-10 20:11:43,stephen.daniels076@commerce.example.com
,PAY-202009-00000001668,ORD-202009-0000003787,CUST-0000152085,2020-09-04 05:43:23,Buy Now Pay Later,Success,3286.57,EUR,ESP,Europe,,false,2020-09-04 05:43:23,andrea.cummings039@platform.example.com
,PAY-202009-00000001669,ORD-202009-0000004826,CUST-0000152184,2020-09-29 10:18:19,Bank Transfer,Success,2944.74,JPY,JPN,Asia,,false,2020-09-29 10:18:19,james.proctor094@dataops.example.com
,PAY-202009-00000001670,ORD-202009-0000005228,CUST-0000145822,2020-09-17 07:51:20,Buy Now Pay Later,Success,1349.97,JPY,JPN,Asia,,false,2020-09-17 07:51:20,joseph.johnson049@dataops.example.com
,PAY-202009-00000001671,ORD-202009-0000000869,CUST-0000145366,2020-09-18 19:40:29,Phonepe,Failed,2721.15,EUR,DEU,Europe,Insufficient funds,false,2020-09-18 19:40:29,michelle.sims041@analytics.example.com
,PAY-202009-00000001672,ORD-202009-0000000008,CUST-0000134568,2020-09-07 16:28:49,Google Pay,Success,583.12,MXN,MEX,North America,,false,2020-09-07 16:28:49,eric.mullen052@dataops.example.com
,PAY-202009-00000001673,ORD-202009-0000004498,CUST-0000142873,2020-09-21 01:02:14,Paytm,Success,1207.49,SGD,SGP,Asia,,false,2020-09-21 01:02:14,brandi.carter038@dataops.example.com
,PAY-202009-00000001674,ORD-202009-0000002716,CUST-0000139872,2020-09-13 12:01:02,Credit Card,Refunded,2839.14,SGD,SGP,Asia,,true,2020-09-13 12:01:02,stephen.clark001@analytics.example.com
,PAY-202009-00000001675,ORD-202009-0000004131,CUST-0000137630,2020-09-28 10:17:22,Google Pay,Success,1610.99,BRL,BRA,South America,,false,2020-09-28 10:17:22,michelle.bender024@analytics.example.com
,PAY-202009-00000001676,ORD-202009-0000002165,CUST-0000140395,2020-09-27 17:00:02,Gift Card,Success,1822.65,BRL,BRA,South America,,false,2020-09-27 17:00:02,jennifer.hudson020@analytics.example.com
,PAY-202009-00000001677,ORD-202009-0000002444,CUST-0000145202,2020-09-16 05:41:02,Google Pay,Success,432.93,USD,USA,North America,,false,2020-09-16 05:41:02,brandon.yu006@analytics.example.com
,PAY-202009-00000001678,ORD-202009-0000006029,CUST-0000141212,2020-09-18 01:41:30,Gift Card,Success,728.05,SGD,SGP,Asia,,false,2020-09-18 01:41:30,patrick.gonzalez035@dataops.example.com
,PAY-202009-00000001679,ORD-202009-0000004820,CUST-0000146421,2020-09-25 17:34:15,Paytm,Success,1707.15,AED,ARE,Asia,,false,2020-09-25 17:34:15,timothy.cannon081@analytics.example.com
,PAY-202009-00000001680,ORD-202009-0000005156,CUST-0000141994,2020-09-02 13:58:18,Apple Pay,Pending,950.98,AUD,AUS,Oceania,,false,2020-09-02 13:58:18,peter.martinez098@platform.example.com
,PAY-202009-00000001681,ORD-202009-0000003965,CUST-0000135964,2020-09-17 01:12:12,Debit Card,Success,2403.57,USD,USA,North America,,false,2020-09-17 01:12:12,victor.palmer071@platform.example.com
,PAY-202009-00000001682,ORD-202009-0000004927,CUST-0000143026,2020-09-27 04:52:15,Buy Now Pay Later,Success,540.07,BRL,BRA,South America,,false,2020-09-27 04:52:15,peter.martinez098@platform.example.com
,PAY-202009-00000001683,ORD-202009-0000004372,CUST-0000139660,2020-09-14 14:06:54,Google Pay,Success,1898.44,SGD,SGP,Asia,,false,2020-09-14 14:06:54,ashley.marks069@commerce.example.com
,PAY-202009-00000001684,ORD-202009-0000001210,CUST-0000137591,2020-09-02 19:54:03,Bank Transfer,Success,1262.84,EUR,ESP,Europe,,false,2020-09-02 19:54:03,joseph.johnson049@dataops.example.com
,PAY-202009-00000001685,ORD-202009-0000003887,CUST-0000134767,2020-09-16 16:02:09,Debit Card,Success,1773.42,EUR,ESP,Europe,,false,2020-09-16 16:02:09,maria.ashley046@analytics.example.com
,PAY-202009-00000001686,ORD-202009-0000003966,CUST-0000137374,2020-09-12 08:20:55,Buy Now Pay Later,Success,906.32,MXN,MEX,North America,,false,2020-09-12 08:20:55,maria.ashley046@analytics.example.com
,PAY-202009-00000001687,ORD-202009-0000002312,CUST-0000139142,2020-09-23 09:23:37,Google Pay,Success,388.0,EUR,ESP,Europe,,false,2020-09-23 09:23:37,ashley.marks069@commerce.example.com
,PAY-202009-00000001688,ORD-202009-0000003902,CUST-0000139697,2020-09-09 21:07:57,Phonepe,Success,605.42,GBP,GBR,Europe,,false,2020-09-09 21:07:57,michelle.sims041@analytics.example.com
,PAY-202009-00000001689,ORD-202009-0000003269,CUST-0000149809,2020-09-28 01:21:01,Apple Pay,Success,959.11,EUR,FRA,Europe,,false,2020-09-28 01:21:01,andrea.cummings039@platform.example.com
,PAY-202009-00000001690,ORD-202009-0000004716,CUST-0000142949,2020-09-09 05:00:04,Phonepe,Success,3393.76,AED,ARE,Asia,,false,2020-09-09 05:00:04,kelsey.taylor010@platform.example.com
,PAY-202009-00000001691,ORD-202009-0000004093,CUST-0000150540,2020-09-05 01:57:39,Gift Card,Success,1547.29,EUR,DEU,Europe,,false,2020-09-05 01:57:39,lance.williams029@platform.example.com
,PAY-202009-00000001692,ORD-202009-0000001763,CUST-0000150935,2020-09-04 23:35:32,PayPal,Success,1965.87,JPY,JPN,Asia,,false,2020-09-04 23:35:32,jeffery.miller012@commerce.example.com
,PAY-202009-00000001693,ORD-202009-0000002817,CUST-0000145804,2020-09-25 14:41:28,Apple Pay,Success,1697.83,AED,ARE,Asia,,false,2020-09-25 14:41:28,taylor.cunningham023@commerce.example.com
,PAY-202009-00000001694,ORD-202009-0000001225,CUST-0000146815,2020-09-25 14:49:11,Google Pay,Success,2325.11,AED,ARE,Asia,,false,2020-09-25 14:49:11,ryan.steele043@commerce.example.com
,PAY-202009-00000001695,ORD-202009-0000003262,CUST-0000145383,2020-09-20 02:39:43,Buy Now Pay Later,Success,581.16,MXN,MEX,North America,,false,2020-09-20 02:39:43,maria.ashley046@analytics.example.com
,PAY-202009-00000001696,ORD-202009-0000005129,CUST-0000141755,2020-09-14 21:29:49,Paytm,Success,2002.7,EUR,FRA,Europe,,false,2020-09-14 21:29:49,victor.palmer071@platform.example.com
,PAY-202009-00000001697,ORD-202009-0000001697,CUST-0000144262,2020-09-03 17:50:32,Phonepe,Success,2239.95,CAD,CAN,North America,,false,2020-09-03 17:50:32,stephen.clark001@analytics.example.com
,PAY-202009-00000001698,ORD-202009-0000000188,CUST-0000148092,2020-09-03 04:56:28,Buy Now Pay Later,Success,483.58,USD,USA,North America,,false,2020-09-03 04:56:28,michelle.bender024@analytics.example.com
,PAY-202009-00000001699,ORD-202009-0000000434,CUST-0000147343,2020-09-25 19:03:02,Phonepe,Success,923.74,EUR,DEU,Europe,,false,2020-09-25 19:03:02,peter.martinez098@platform.example.com
,PAY-202009-00000001700,ORD-202009-0000001960,CUST-0000150669,2020-09-18 05:21:29,Phonepe,Failed,1267.87,GBP,GBR,Europe,Card declined,false,2020-09-18 05:21:29,eric.horton058@analytics.example.com
,PAY-202009-00000001701,ORD-202009-0000005472,CUST-0000136777,2020-09-02 22:04:41,Apple Pay,Success,2710.09,EUR,ESP,Europe,,false,2020-09-02 22:04:41,brandi.carter038@dataops.example.com
,PAY-202009-00000001702,ORD-202009-0000003241,CUST-0000139613,2020-09-02 17:11:10,Apple Pay,Success,2096.84,BRL,BRA,South America,,false,2020-09-02 17:11:10,eric.mullen052@dataops.example.com
,PAY-202009-00000001703,ORD-202009-0000004633,CUST-0000146241,2020-09-22 07:28:01,Phonepe,Success,2459.87,EUR,ESP,Europe,,false,2020-09-22 07:28:01,brandon.yu006@analytics.example.com
,PAY-202009-00000001704,ORD-202009-0000002085,CUST-0000138756,2020-09-16 18:39:37,Apple Pay,Pending,320.23,SGD,SGP,Asia,,false,2020-09-16 18:39:37,timothy.cameron104@commerce.example.com
,PAY-202009-00000001705,ORD-202009-0000006270,CUST-0000141583,2020-09-12 08:00:56,Buy Now Pay Later,Success,31.58,EUR,ITA,Europe,,false,2020-09-12 08:00:56,adam.gordon030@commerce.example.com
,PAY-202009-00000001706,ORD-202009-0000005497,CUST-0000142603,2020-09-05 23:10:58,Buy Now Pay Later,Success,144.99,EUR,DEU,Europe,,false,2020-09-05 23:10:58,eric.mullen052@dataops.example.com
,PAY-202009-00000001707,ORD-202009-0000006433,CUST-0000137410,2020-09-02 17:40:16,Gift Card,Success,2481.29,EUR,NLD,Europe,,false,2020-09-02 17:40:16,james.proctor094@dataops.example.com
,PAY-202009-00000001708,ORD-202009-0000001907,CUST-0000141648,2020-09-09 20:44:32,Phonepe,Success,1477.31,GBP,GBR,Europe,,false,2020-09-09 20:44:32,maria.ashley046@analytics.example.com
,PAY-202009-00000001709,ORD-202009-0000002367,CUST-0000138544,2020-09-09 01:28:10,Credit Card,Success,2693.26,GBP,GBR,Europe,,false,2020-09-09 01:28:10,taylor.cunningham023@commerce.example.com
,PAY-202009-00000001710,ORD-202009-0000003065,CUST-0000137742,2020-09-28 13:52:23,Phonepe,Success,228.4,EUR,DEU,Europe,,false,2020-09-28 13:52:23,taylor.cunningham023@commerce.example.com
,PAY-202009-00000001711,ORD-202009-0000002069,CUST-0000143225,2020-09-18 16:13:09,Google Pay,Success,3498.31,SGD,SGP,Asia,,false,2020-09-18 16:13:09,ryan.steele043@commerce.example.com
,PAY-202009-00000001712,ORD-202009-0000004628,CUST-0000150143,2020-09-24 21:49:11,Bank Transfer,Failed,351.55,AUD,AUS,Oceania,Insufficient funds,false,2020-09-24 21:49:11,patrick.gonzalez035@dataops.example.com
,PAY-202009-00000001713,ORD-202009-0000005139,CUST-0000146935,2020-09-22 01:25:02,Bank Transfer,Success,702.31,INR,IND,Asia,,false,2020-09-22 01:25:02,eric.mullen052@dataops.example.com
,PAY-202009-00000001714,ORD-202009-0000001060,CUST-0000146108,2020-09-06 10:32:47,Paytm,Success,661.57,AUD,AUS,Oceania,,false,2020-09-06 10:32:47,michelle.bender024@analytics.example.com
,PAY-202009-00000001715,ORD-202009-0000006164,CUST-0000148207,2020-09-07 13:48:37,Google Pay,Success,17.49,AUD,AUS,Oceania,,false,2020-09-07 13:48:37,kelsey.taylor010@platform.example.com
,PAY-202009-00000001716,ORD-202009-0000005356,CUST-0000141535,2020-09-29 08:18:53,Bank Transfer,Success,688.39,GBP,GBR,Europe,,false,2020-09-29 08:18:53,patrick.gonzalez035@dataops.example.com
,PAY-202009-00000001717,ORD-202009-0000002944,CUST-0000154000,2020-09-17 04:34:12,Buy Now Pay Later,Success,3155.63,CAD,CAN,North America,,false,2020-09-17 04:34:12,jennifer.bauer068@analytics.example.com
,PAY-202009-00000001718,ORD-202009-0000004611,CUST-0000137215,2020-09-19 10:45:55,Google Pay,Success,1805.56,USD,USA,North America,,false,2020-09-19 10:45:55,john.mullins109@commerce.example.com
,PAY-202009-00000001719,ORD-202009-0000002071,CUST-0000151477,2020-09-12 03:36:07,PayPal,Success,3407.21,USD,USA,North America,,false,2020-09-12 03:36:07,peter.martinez098@platform.example.com
,PAY-202009-00000001720,ORD-202009-0000003858,CUST-0000146903,2020-09-16 03:23:27,Credit Card,Failed,280.79,EUR,ESP,Europe,Network timeout,false,2020-09-16 03:23:27,james.proctor094@dataops.example.com
,PAY-202009-00000001721,ORD-202009-0000000782,CUST-0000149547,2020-09-01 12:36:44,Debit Card,Success,2414.82,EUR,NLD,Europe,,false,2020-09-01 12:36:44,tina.williams074@commerce.example.com
,PAY-202009-00000001722,ORD-202009-0000002309,CUST-0000147639,2020-09-03 15:03:55,Phonepe,Success,2570.29,AED,ARE,Asia,,false,2020-09-03 15:03:55,stephen.daniels076@commerce.example.com
,PAY-202009-00000001723,ORD-202009-0000006152,CUST-0000138263,2020-09-23 21:41:37,Apple Pay,Success,754.23,AUD,AUS,Oceania,,false,2020-09-23 21:41:37,megan.cunningham013@commerce.example.com
,PAY-202009-00000001724,ORD-202009-0000002377,CUST-0000140475,2020-09-07 11:38:09,Credit Card,Success,454.65,BRL,BRA,South America,,false,2020-09-07 11:38:09,michael.berger060@platform.example.com
,PAY-202009-00000001725,ORD-202009-0000001354,CUST-0000142730,2020-09-13 18:33:15,Debit Card,Success,498.9,EUR,NLD,Europe,,false,2020-09-13 18:33:15,james.proctor094@dataops.example.com
,PAY-202009-00000001726,ORD-202009-0000001125,CUST-0000150356,2020-09-18 06:23:50,Google Pay,Success,2406.28,EUR,NLD,Europe,,false,2020-09-18 06:23:50,patrick.gonzalez035@dataops.example.com
,PAY-202009-00000001727,ORD-202009-0000002302,CUST-0000137032,2020-09-29 09:02:31,Paytm,Success,2772.25,EUR,FRA,Europe,,false,2020-09-29 09:02:31,andrea.cummings039@platform.example.com
,PAY-202009-00000001728,ORD-202009-0000000058,CUST-0000136512,2020-09-15 15:13:12,Buy Now Pay Later,Success,13.58,EUR,ESP,Europe,,false,2020-09-15 15:13:12,timothy.cannon081@analytics.example.com
,PAY-202009-00000001729,ORD-202009-0000005631,CUST-0000150737,2020-09-14 01:11:06,Credit Card,Pending,2566.94,BRL,BRA,South America,,false,2020-09-14 01:11:06,micheal.chen050@dataops.example.com
,PAY-202009-00000001730,ORD-202009-0000006278,CUST-0000150243,2020-09-16 20:28:26,Debit Card,Success,1706.94,EUR,ITA,Europe,,false,2020-09-16 20:28:26,taylor.cunningham023@commerce.example.com
,PAY-202009-00000001731,ORD-202009-0000005253,CUST-0000151447,2020-09-27 05:10:39,Apple Pay,Success,3473.09,EUR,ITA,Europe,,false,2020-09-27 05:10:39,susan.rice083@commerce.example.com
,PAY-202009-00000001732,ORD-202009-0000002828,CUST-0000146736,2020-09-06 19:11:18,Apple Pay,Success,478.44,GBP,GBR,Europe,,false,2020-09-06 19:11:18,kelsey.taylor010@platform.example.com
,PAY-202009-00000001733,ORD-202009-0000002343,CUST-0000145948,2020-09-05 05:31:29,Bank Transfer,Success,302.58,EUR,ESP,Europe,,false,2020-09-05 05:31:29,taylor.cunningham023@commerce.example.com
,PAY-202009-00000001734,ORD-202009-0000001825,CUST-0000136564,2020-09-07 08:33:28,Phonepe,Failed,2007.12,JPY,JPN,Asia,Invalid CVV,false,2020-09-07 08:33:28,ryan.steele043@commerce.example.com
,PAY-202009-00000001735,ORD-202009-0000000322,CUST-0000136256,2020-09-21 17:35:14,Debit Card,Success,57.64,JPY,JPN,Asia,,false,2020-09-21 17:35:14,timothy.cameron104@commerce.example.com
,PAY-202009-00000001736,ORD-202009-0000005812,CUST-0000147166,2020-09-02 23:03:50,Buy Now Pay Later,Success,3335.75,EUR,DEU,Europe,,false,2020-09-02 23:03:50,ashley.marks069@commerce.example.com
,PAY-202009-00000001737,ORD-202009-0000006084,CUST-0000151651,2020-09-25 10:44:24,Apple Pay,Success,3146.04,CAD,CAN,North America,,false,2020-09-25 10:44:24,lance.williams029@platform.example.com
,PAY-202009-00000001738,ORD-202009-0000004566,CUST-0000142797,2020-09-21 10:35:11,PayPal,Success,2891.89,GBP,GBR,Europe,,false,2020-09-21 10:35:11,timothy.cameron104@commerce.example.com
,PAY-202009-00000001739,ORD-202009-0000003987,CUST-0000138824,2020-09-16 07:07:45,Gift Card,Success,664.57,MXN,MEX,North America,,false,2020-09-16 07:07:45,brandi.carter038@dataops.example.com
,PAY-202009-00000001740,ORD-202009-0000005821,CUST-0000139393,2020-09-13 12:16:25,Buy Now Pay Later,Success,2467.05,EUR,NLD,Europe,,false,2020-09-13 12:16:25,adam.gordon030@commerce.example.com
,PAY-202009-00000001741,ORD-202009-0000002309,CUST-0000137506,2020-09-19 15:55:14,Phonepe,Success,1705.25,JPY,JPN,Asia,,false,2020-09-19 15:55:14,michael.berger060@platform.example.com
,PAY-202009-00000001742,ORD-202009-0000005674,CUST-0000135744,2020-09-09 14:00:57,Paytm,Success,721.16,EUR,DEU,Europe,,false,2020-09-09 14:00:57,eric.horton058@analytics.example.com
,PAY-202009-00000001743,ORD-202009-0000002995,CUST-0000139388,2020-09-01 01:33:54,Buy Now Pay Later,Success,1035.94,EUR,ITA,Europe,,false,2020-09-01 01:33:54,micheal.chen050@dataops.example.com
,PAY-202009-00000001744,ORD-202009-0000004022,CUST-0000136123,2020-09-26 19:20:37,PayPal,Success,1803.75,SGD,SGP,Asia,,false,2020-09-26 19:20:37,michelle.sims041@analytics.example.com
,PAY-202009-00000001745,ORD-202009-0000006438,CUST-0000152842,2020-09-20 20:44:48,Phonepe,Success,3224.88,BRL,BRA,South America,,false,2020-09-20 20:44:48,michael.johnson061@platform.example.com
,PAY-202009-00000001746,ORD-202009-0000005473,CUST-0000140357,2020-09-28 10:48:31,Bank Transfer,Refunded,387.88,EUR,DEU,Europe,,true,2020-09-28 10:48:31,eric.horton058@analytics.example.com
,PAY-202009-00000001747,ORD-202009-0000005416,CUST-0000149750,2020-09-09 06:50:05,Buy Now Pay Later,Pending,1275.1,EUR,DEU,Europe,,false,2020-09-09 06:50:05,stephen.clark001@analytics.example.com
,PAY-202009-00000001748,ORD-202009-0000002800,CUST-0000144441,2020-09-09 16:56:21,PayPal,Success,3084.66,CAD,CAN,North America,,false,2020-09-09 16:56:21,susan.rice083@commerce.example.com
,PAY-202009-00000001749,ORD-202009-0000005618,CUST-0000147166,2020-09-17 04:24:55,Buy Now Pay Later,Success,3067.51,JPY,JPN,Asia,,false,2020-09-17 04:24:55,ryan.steele043@commerce.example.com
,PAY-202009-00000001750,ORD-202009-0000005284,CUST-0000147965,2020-09-21 09:28:28,Phonepe,Success,1237.87,JPY,JPN,Asia,,false,2020-09-21 09:28:28,michael.berger060@platform.example.com
,PAY-202009-00000001751,ORD-202009-0000000996,CUST-0000150443,2020-09-28 04:18:05,PayPal,Success,501.77,GBP,GBR,Europe,,false,2020-09-28 04:18:05,james.proctor094@dataops.example.com
,PAY-202009-00000001752,ORD-202009-0000005777,CUST-0000143544,2020-09-12 12:04:30,Phonepe,Success,433.27,USD,USA,North America,,false,2020-09-12 12:04:30,jeffery.miller012@commerce.example.com
,PAY-202009-00000001753,ORD-202009-0000002738,CUST-0000138393,2020-09-17 13:11:45,PayPal,Success,1014.53,JPY,JPN,Asia,,false,2020-09-17 13:11:45,timothy.cameron104@commerce.example.com
,PAY-202009-00000001754,ORD-202009-0000000626,CUST-0000144769,2020-09-11 02:34:58,Google Pay,Success,267.23,CAD,CAN,North America,,false,2020-09-11 02:34:58,james.proctor094@dataops.example.com
,PAY-202009-00000001755,ORD-202009-0000003606,CUST-0000150247,2020-09-18 23:28:42,Debit Card,Success,1589.89,BRL,BRA,South America,,false,2020-09-18 23:28:42,alyssa.richards002@commerce.example.com
,PAY-202009-00000001756,ORD-202009-0000002773,CUST-0000152066,2020-09-30 12:05:15,Debit Card,Success,3029.2,MXN,MEX,North America,,false,2020-09-30 12:05:15,jeffery.miller012@commerce.example.com
,PAY-202009-00000001757,ORD-202009-0000001716,CUST-0000135923,2020-09-01 14:29:34,Credit Card,Success,1777.97,EUR,ITA,Europe,,false,2020-09-01 14:29:34,brandi.carter038@dataops.example.com
,PAY-202009-00000001758,ORD-202009-0000000898,CUST-0000153547,2020-09-21 05:27:10,Bank Transfer,Success,2729.93,SGD,SGP,Asia,,false,2020-09-21 05:27:10,patrick.gonzalez035@dataops.example.com
,PAY-202009-00000001759,ORD-202009-0000002029,CUST-0000152075,2020-09-02 14:04:15,Apple Pay,Success,369.23,EUR,ESP,Europe,,false,2020-09-02 14:04:15,brandi.carter038@dataops.example.com
,PAY-202009-00000001760,ORD-202009-0000004342,CUST-0000148433,2020-09-06 15:11:01,Google Pay,Failed,1987.34,SGD,SGP,Asia,Invalid CVV,false,2020-09-06 15:11:01,joseph.johnson049@dataops.example.com
,PAY-202009-00000001761,ORD-202009-0000001259,CUST-0000147112,2020-09-29 21:33:36,Google Pay,Success,439.0,INR,IND,Asia,,false,2020-09-29 21:33:36,maria.ashley046@analytics.example.com
,PAY-202009-00000001762,ORD-202009-0000001436,CUST-0000145552,2020-09-20 12:49:28,Debit Card,Success,1765.68,EUR,ESP,Europe,,false,2020-09-20 12:49:28,brandon.yu006@analytics.example.com
,PAY-202009-00000001763,ORD-202009-0000005136,CUST-0000139930,2020-09-20 20:18:49,Google Pay,Success,566.54,EUR,ITA,Europe,,false,2020-09-20 20:18:49,jeffery.miller012@commerce.example.com
,PAY-202009-00000001764,ORD-202009-0000004454,CUST-0000141032,2020-09-12 06:50:09,Credit Card,Success,208.28,MXN,MEX,North America,,false,2020-09-12 06:50:09,michael.johnson061@platform.example.com
,PAY-202009-00000001765,ORD-202009-0000005551,CUST-0000153424,2020-09-11 07:45:50,PayPal,Success,764.37,AED,ARE,Asia,,false,2020-09-11 07:45:50,david.cabrera119@dataops.example.com
,PAY-202009-00000001766,ORD-202009-0000001155,CUST-0000134559,2020-09-26 04:15:41,PayPal,Success,1646.46,MXN,MEX,North America,,false,2020-09-26 04:15:41,stephen.clark001@analytics.example.com
,PAY-202009-00000001767,ORD-202009-0000002034,CUST-0000139373,2020-09-22 19:58:43,Paytm,Pending,3379.23,EUR,ITA,Europe,,false,2020-09-22 19:58:43,andrea.cummings039@platform.example.com
,PAY-202009-00000001768,ORD-202009-0000000569,CUST-0000144736,2020-09-26 14:36:57,Gift Card,Success,1451.16,SGD,SGP,Asia,,false,2020-09-26 14:36:57,patrick.gonzalez035@dataops.example.com
,PAY-202009-00000001769,ORD-202009-0000002757,CUST-0000143721,2020-09-11 05:16:53,Gift Card,Success,1178.89,EUR,NLD,Europe,,false,2020-09-11 05:16:53,brandi.carter038@dataops.example.com
,PAY-202009-00000001770,ORD-202009-0000002353,CUST-0000151869,2020-09-06 18:05:41,Bank Transfer,Success,1848.9,EUR,ESP,Europe,,false,2020-09-06 18:05:41,patrick.gonzalez035@dataops.example.com
,PAY-202009-00000001771,ORD-202009-0000005902,CUST-0000153029,2020-09-12 06:33:21,Debit Card,Success,1509.65,JPY,JPN,Asia,,false,2020-09-12 06:33:21,kelsey.taylor010@platform.example.com
,PAY-202009-00000001772,ORD-202009-0000003034,CUST-0000146240,2020-09-16 17:34:47,Credit Card,Success,3310.99,EUR,FRA,Europe,,false,2020-09-16 17:34:47,maria.ashley046@analytics.example.com
,PAY-202009-00000001773,ORD-202009-0000005208,CUST-0000142427,2020-09-08 04:38:14,Debit Card,Pending,467.67,EUR,DEU,Europe,,false,2020-09-08 04:38:14,michelle.bender024@analytics.example.com
,PAY-202009-00000001774,ORD-202009-0000004154,CUST-0000140848,2020-09-23 05:57:32,Credit Card,Success,1723.52,JPY,JPN,Asia,,false,2020-09-23 05:57:32,eric.mullen052@dataops.example.com
,PAY-202009-00000001775,ORD-202009-0000001646,CUST-0000135196,2020-09-18 18:29:04,Bank Transfer,Success,1932.7,SGD,SGP,Asia,,false,2020-09-18 18:29:04,victor.palmer071@platform.example.com
,PAY-202009-00000001776,ORD-202009-0000001722,CUST-0000148777,2020-09-29 02:57:16,Paytm,Success,3490.71,JPY,JPN,Asia,,false,2020-09-29 02:57:16,maria.ashley046@analytics.example.com
,PAY-202009-00000001777,ORD-202009-0000000146,CUST-0000147057,2020-09-10 21:03:13,Bank Transfer,Success,267.73,EUR,DEU,Europe,,false,2020-09-10 21:03:13,james.proctor094@dataops.example.com
,PAY-202009-00000001778,ORD-202009-0000005294,CUST-0000145228,2020-09-08 09:07:42,Debit Card,Success,2994.71,USD,USA,North America,,false,2020-09-08 09:07:42,stephen.daniels076@commerce.example.com
,PAY-202009-00000001779,ORD-202009-0000003568,CUST-0000146086,2020-09-20 00:20:15,Credit Card,Success,1167.28,EUR,FRA,Europe,,false,2020-09-20 00:20:15,jennifer.hudson020@analytics.example.com
,PAY-202009-00000001780,ORD-202009-0000006030,CUST-0000136941,2020-09-12 15:25:45,Gift Card,Success,773.59,AUD,AUS,Oceania,,false,2020-09-12 15:25:45,ryan.steele043@commerce.example.com
,PAY-202009-00000001781,ORD-202009-0000001843,CUST-0000139299,2020-09-04 16:33:42,Credit Card,Success,2258.5,AUD,AUS,Oceania,,false,2020-09-04 16:33:42,timothy.cannon081@analytics.example.com
,PAY-202009-00000001782,ORD-202009-0000004562,CUST-0000151148,2020-09-03 10:28:14,PayPal,Success,3498.53,EUR,FRA,Europe,,false,2020-09-03 10:28:14,eric.mullen052@dataops.example.com
,PAY-202009-00000001783,ORD-202009-0000004259,CUST-0000140590,2020-09-14 06:16:31,Bank Transfer,Success,2080.54,AUD,AUS,Oceania,,false,2020-09-14 06:16:31,jennifer.bauer068@analytics.example.com
,PAY-202009-00000001784,ORD-202009-0000003639,CUST-0000138519,2020-09-26 22:43:42,Apple Pay,Success,3015.12,CAD,CAN,North America,,false,2020-09-26 22:43:42,susan.rice083@commerce.example.com
,PAY-202009-00000001785,ORD-202009-0000003446,CUST-0000145489,2020-09-18 06:51:18,Credit Card,Success,643.32,AUD,AUS,Oceania,,false,2020-09-18 06:51:18,james.proctor094@dataops.example.com
,PAY-202009-00000001786,ORD-202009-0000000700,CUST-0000148331,2020-09-11 23:54:26,Phonepe,Success,771.58,USD,USA,North America,,false,2020-09-11 23:54:26,eric.horton058@analytics.example.com
,PAY-202009-00000001787,ORD-202009-0000005099,CUST-0000136796,2020-09-04 05:32:52,PayPal,Success,2412.96,USD,USA,North America,,false,2020-09-04 05:32:52,brandon.yu006@analytics.example.com
,PAY-202009-00000001788,ORD-202009-0000006329,CUST-0000141063,2020-09-13 09:33:11,Apple Pay,Success,2119.77,SGD,SGP,Asia,,false,2020-09-13 09:33:11,david.cabrera119@dataops.example.com
,PAY-202009-00000001789,ORD-202009-0000006187,CUST-0000138537,2020-09-06 00:24:08,Google Pay,Success,2038.6,MXN,MEX,North America,,false,2020-09-06 00:24:08,susan.rice083@commerce.example.com
,PAY-202009-00000001790,ORD-202009-0000003162,CUST-0000137494,2020-09-24 04:00:29,Bank Transfer,Success,1051.51,SGD,SGP,Asia,,false,2020-09-24 04:00:29,timothy.cameron104@commerce.example.com
,PAY-202009-00000001791,ORD-202009-0000005032,CUST-0000138409,2020-09-06 22:08:07,Gift Card,Pending,33.88,EUR,NLD,Europe,,false,2020-09-06 22:08:07,eric.horton058@analytics.example.com
,PAY-202009-00000001792,ORD-202009-0000001054,CUST-0000142527,2020-09-01 17:25:25,Buy Now Pay Later,Success,229.15,INR,IND,Asia,,false,2020-09-01 17:25:25,john.mullins109@commerce.example.com
,PAY-202009-00000001793,ORD-202009-0000003658,CUST-0000141139,2020-09-20 04:12:09,Google Pay,Success,2807.78,AUD,AUS,Oceania,,false,2020-09-20 04:12:09,tina.williams074@commerce.example.com
,PAY-202009-00000001794,ORD-202009-0000001191,CUST-0000134429,2020-09-09 09:59:00,Gift Card,Success,1099.13,JPY,JPN,Asia,,false,2020-09-09 09:59:00,maria.ashley046@analytics.example.com
,PAY-202009-00000001795,ORD-202009-0000003141,CUST-0000153632,2020-09-13 12:21:20,Buy Now Pay Later,Success,3468.94,INR,IND,Asia,,false,2020-09-13 12:21:20,joseph.johnson049@dataops.example.com
,PAY-202009-00000001796,ORD-202009-0000000031,CUST-0000138241,2020-09-18 03:09:28,Debit Card,Success,1416.08,GBP,GBR,Europe,,false,2020-09-18 03:09:28,lance.williams029@platform.example.com
,PAY-202009-00000001797,ORD-202009-0000003786,CUST-0000148171,2020-09-19 06:10:07,Buy Now Pay Later,Success,2602.58,AUD,AUS,Oceania,,false,2020-09-19 06:10:07,tina.williams074@commerce.example.com
,PAY-202009-00000001798,ORD-202009-0000002291,CUST-0000145124,2020-09-17 11:28:46,Paytm,Success,1130.53,EUR,DEU,Europe,,false,2020-09-17 11:28:46,brandi.carter038@dataops.example.com
,PAY-202009-00000001799,ORD-202009-0000001018,CUST-0000154054,2020-09-25 04:12:44,Google Pay,Success,1963.61,EUR,ESP,Europe,,false,2020-09-25 04:12:44,michael.berger060@platform.example.com
,PAY-202009-00000001800,ORD-202009-0000000269,CUST-0000139800,2020-09-11 11:54:00,Apple Pay,Success,904.17,EUR,FRA,Europe,,false,2020-09-11 11:54:00,megan.cunningham013@commerce.example.com
,PAY-202009-00000001801,ORD-202009-0000002554,CUST-0000143007,2020-09-14 14:45:54,Credit Card,Success,3353.78,EUR,DEU,Europe,,false,2020-09-14 14:45:54,michelle.bender024@analytics.example.com
,PAY-202009-00000001802,ORD-202009-0000005378,CUST-0000147276,2020-09-04 17:35:54,Apple Pay,Success,665.91,EUR,DEU,Europe,,false,2020-09-04 17:35:54,timothy.cameron104@commerce.example.com
,PAY-202009-00000001803,ORD-202009-0000000792,CUST-0000147574,2020-09-16 01:57:41,Gift Card,Success,49.22,EUR,ITA,Europe,,false,2020-09-16 01:57:41,kelsey.taylor010@platform.example.com
,PAY-202009-00000001804,ORD-202009-0000004791,CUST-0000142557,2020-09-23 00:21:07,Buy Now Pay Later,Success,3375.35,SGD,SGP,Asia,,false,2020-09-23 00:21:07,stephen.daniels076@commerce.example.com
,PAY-202009-00000001805,ORD-202009-0000005395,CUST-0000153972,2020-09-08 17:11:54,Apple Pay,Success,3253.2,EUR,DEU,Europe,,false,2020-09-08 17:11:54,peter.martinez098@platform.example.com
,PAY-202009-00000001806,ORD-202009-0000005119,CUST-0000144825,2020-09-08 05:10:51,Bank Transfer,Success,2758.69,GBP,GBR,Europe,,false,2020-09-08 05:10:51,kelsey.taylor010@platform.example.com
,PAY-202009-00000001807,ORD-202009-0000004326,CUST-0000149446,2020-09-09 05:29:28,Gift Card,Success,1076.83,EUR,DEU,Europe,,false,2020-09-09 05:29:28,ashley.marks069@commerce.example.com
,PAY-202009-00000001808,ORD-202009-0000003824,CUST-0000140529,2020-09-23 06:33:16,Apple Pay,Success,1975.58,EUR,ESP,Europe,,false,2020-09-23 06:33:16,brandi.carter038@dataops.example.com
,PAY-202009-00000001809,ORD-202009-0000002940,CUST-0000149981,2020-09-13 23:42:28,Credit Card,Success,3210.29,AUD,AUS,Oceania,,false,2020-09-13 23:42:28,patrick.gonzalez035@dataops.example.com
,PAY-202009-00000001810,ORD-202009-0000004109,CUST-0000137084,2020-09-05 20:31:41,Bank Transfer,Success,1680.77,EUR,FRA,Europe,,false,2020-09-05 20:31:41,kelsey.taylor010@platform.example.com
,PAY-202009-00000001811,ORD-202009-0000001879,CUST-0000152342,2020-09-02 01:27:30,Bank Transfer,Success,2331.0,SGD,SGP,Asia,,false,2020-09-02 01:27:30,james.proctor094@dataops.example.com
,PAY-202009-00000001812,ORD-202009-0000001840,CUST-0000141741,2020-09-23 18:30:28,Credit Card,Success,2051.3,CAD,CAN,North America,,false,2020-09-23 18:30:28,david.cabrera119@dataops.example.com
,PAY-202009-00000001813,ORD-202009-0000002879,CUST-0000137334,2020-09-03 11:06:04,Debit Card,Success,1120.18,AED,ARE,Asia,,false,2020-09-03 11:06:04,ryan.steele043@commerce.example.com
,PAY-202009-00000001814,ORD-202009-0000005462,CUST-0000149818,2020-09-21 07:28:06,Paytm,Success,2454.84,EUR,NLD,Europe,,false,2020-09-21 07:28:06,tina.williams074@commerce.example.com
,PAY-202009-00000001815,ORD-202009-0000002084,CUST-0000146248,2020-09-16 23:04:06,Credit Card,Success,1721.69,EUR,FRA,Europe,,false,2020-09-16 23:04:06,brandon.yu006@analytics.example.com
,PAY-202009-00000001816,ORD-202009-0000003646,CUST-0000138899,2020-09-10 15:44:20,Debit Card,Success,3337.73,BRL,BRA,South America,,false,2020-09-10 15:44:20,jeffery.miller012@commerce.example.com
,PAY-202009-00000001817,ORD-202009-0000004985,CUST-0000142269,2020-09-27 20:23:22,Debit Card,Success,3408.59,JPY,JPN,Asia,,false,2020-09-27 20:23:22,eric.mullen052@dataops.example.com
,PAY-202009-00000001818,ORD-202009-0000006393,CUST-0000153956,2020-09-28 20:22:25,Buy Now Pay Later,Success,2758.5,INR,IND,Asia,,false,2020-09-28 20:22:25,susan.rice083@commerce.example.com
,PAY-202009-00000001819,ORD-202009-0000004240,CUST-0000149559,2020-09-21 12:53:08,Credit Card,Success,1833.58,INR,IND,Asia,,false,2020-09-21 12:53:08,david.cabrera119@dataops.example.com
,PAY-202009-00000001820,ORD-202009-0000004864,CUST-0000139462,2020-09-10 23:15:00,PayPal,Success,979.73,EUR,NLD,Europe,,false,2020-09-10 23:15:00,ashley.marks069@commerce.example.com
,PAY-202009-00000001821,ORD-202009-0000004148,CUST-0000144960,2020-09-24 20:33:39,Phonepe,Success,3463.9,EUR,DEU,Europe,,false,2020-09-24 20:33:39,john.mullins109@commerce.example.com
,PAY-202009-00000001822,ORD-202009-0000001617,CUST-0000153010,2020-09-23 09:05:15,Gift Card,Success,2994.03,USD,USA,North America,,false,2020-09-23 09:05:15,brandi.carter038@dataops.example.com
,PAY-202009-00000001823,ORD-202009-0000006014,CUST-0000148523,2020-09-17 15:56:56,Gift Card,Success,3495.22,EUR,NLD,Europe,,false,2020-09-17 15:56:56,timothy.cameron104@commerce.example.com
,PAY-202009-00000001824,ORD-202009-0000003582,CUST-0000153320,2020-09-27 06:22:35,Phonepe,Success,603.74,EUR,NLD,Europe,,false,2020-09-27 06:22:35,brandon.yu006@analytics.example.com
,PAY-202009-00000001825,ORD-202009-0000000740,CUST-0000145921,2020-09-15 08:05:24,Gift Card,Failed,2458.58,EUR,ITA,Europe,Invalid CVV,false,2020-09-15 08:05:24,peter.martinez098@platform.example.com
,PAY-202009-00000001826,ORD-202009-0000004663,CUST-0000144704,2020-09-10 11:20:01,Gift Card,Success,1583.91,AED,ARE,Asia,,false,2020-09-10 11:20:01,megan.cunningham013@commerce.example.com
,PAY-202009-00000001827,ORD-202009-0000004674,CUST-0000141452,2020-09-25 16:06:56,PayPal,Success,2095.22,GBP,GBR,Europe,,false,2020-09-25 16:06:56,michelle.bender024@analytics.example.com
,PAY-202009-00000001828,ORD-202009-0000005762,CUST-0000142127,2020-09-23 17:14:32,Debit Card,Success,3050.33,INR,IND,Asia,,false,2020-09-23 17:14:32,megan.cunningham013@commerce.example.com
,PAY-202009-00000001829,ORD-202009-0000005771,CUST-0000138803,2020-09-01 10:19:13,Gift Card,Success,1814.42,EUR,NLD,Europe,,false,2020-09-01 10:19:13,tina.williams074@commerce.example.com
,PAY-202009-00000001830,ORD-202009-0000002763,CUST-0000151834,2020-09-17 02:46:42,Credit Card,Success,1910.65,SGD,SGP,Asia,,false,2020-09-17 02:46:42,ashley.marks069@commerce.example.com
,PAY-202009-00000001831,ORD-202009-0000003754,CUST-0000144325,2020-09-21 23:28:45,Apple Pay,Success,2758.15,EUR,FRA,Europe,,false,2020-09-21 23:28:45,micheal.hall064@dataops.example.com
,PAY-202009-00000001832,ORD-202009-0000001363,CUST-0000140710,2020-09-23 01:58:33,Apple Pay,Success,3004.83,EUR,ESP,Europe,,false,2020-09-23 01:58:33,ashley.marks069@commerce.example.com
,PAY-202009-00000001833,ORD-202009-0000000380,CUST-0000147339,2020-09-20 11:13:14,Buy Now Pay Later,Failed,1187.81,AED,ARE,Asia,Card declined,false,2020-09-20 11:13:14,alyssa.richards002@commerce.example.com
,PAY-202009-00000001834,ORD-202009-0000004429,CUST-0000150273,2020-09-01 22:43:59,Credit Card,Success,3485.02,CAD,CAN,North America,,false,2020-09-01 22:43:59,eric.mullen052@dataops.example.com
,PAY-202009-00000001835,ORD-202009-0000000998,CUST-0000143327,2020-09-11 00:42:23,Paytm,Success,87.95,MXN,MEX,North America,,false,2020-09-11 00:42:23,micheal.chen050@dataops.example.com
,PAY-202009-00000001836,ORD-202009-0000000851,CUST-0000152185,2020-09-09 01:06:58,Paytm,Success,500.57,EUR,FRA,Europe,,false,2020-09-09 01:06:58,megan.cunningham013@commerce.example.com
,PAY-202009-00000001837,ORD-202009-0000005953,CUST-0000146118,2020-09-05 06:47:01,PayPal,Success,1911.35,AED,ARE,Asia,,false,2020-09-05 06:47:01,andrea.cummings039@platform.example.com
,PAY-202009-00000001838,ORD-202009-0000001622,CUST-0000153947,2020-09-02 18:45:44,Bank Transfer,Success,139.07,INR,IND,Asia,,false,2020-09-02 18:45:44,james.proctor094@dataops.example.com
,PAY-202009-00000001839,ORD-202009-0000002617,CUST-0000142428,2020-09-22 05:17:19,Bank Transfer,Success,3007.04,JPY,JPN,Asia,,false,2020-09-22 05:17:19,ryan.steele043@commerce.example.com
,PAY-202009-00000001840,ORD-202009-0000006398,CUST-0000138294,2020-09-27 03:53:33,Debit Card,Success,3292.65,EUR,ITA,Europe,,false,2020-09-27 03:53:33,david.cabrera119@dataops.example.com
,PAY-202009-00000001841,ORD-202009-0000004491,CUST-0000140955,2020-09-21 16:30:27,Debit Card,Refunded,3069.11,BRL,BRA,South America,,true,2020-09-21 16:30:27,ryan.steele043@commerce.example.com
,PAY-202009-00000001842,ORD-202009-0000000026,CUST-0000144921,2020-09-11 03:41:08,Phonepe,Success,1280.34,AED,ARE,Asia,,false,2020-09-11 03:41:08,ashley.marks069@commerce.example.com
,PAY-202009-00000001843,ORD-202009-0000002574,CUST-0000144387,2020-09-26 10:02:46,Credit Card,Success,3261.37,EUR,ESP,Europe,,false,2020-09-26 10:02:46,patrick.gonzalez035@dataops.example.com
,PAY-202009-00000001844,ORD-202009-0000002278,CUST-0000142937,2020-09-12 20:56:58,Credit Card,Success,453.38,BRL,BRA,South America,,false,2020-09-12 20:56:58,andrea.cummings039@platform.example.com
,PAY-202009-00000001845,ORD-202009-0000006304,CUST-0000140222,2020-09-01 02:05:27,Bank Transfer,Success,3262.11,EUR,ITA,Europe,,false,2020-09-01 02:05:27,stephen.clark001@analytics.example.com
,PAY-202009-00000001846,ORD-202009-0000003091,CUST-0000140981,2020-09-29 18:26:16,Credit Card,Failed,1687.58,JPY,JPN,Asia,Insufficient funds,false,2020-09-29 18:26:16,jennifer.hudson020@analytics.example.com
,PAY-202009-00000001847,ORD-202009-0000002196,CUST-0000148007,2020-09-18 23:27:49,Paytm,Success,1752.05,EUR,DEU,Europe,,false,2020-09-18 23:27:49,john.mullins109@commerce.example.com
,PAY-202009-00000001848,ORD-202009-0000005982,CUST-0000150921,2020-09-19 09:21:28,Gift Card,Success,3369.47,INR,IND,Asia,,false,2020-09-19 09:21:28,jeffery.miller012@commerce.example.com
,PAY-202009-00000001849,ORD-202009-0000000972,CUST-0000140798,2020-09-22 19:19:01,Google Pay,Refunded,3161.03,MXN,MEX,North America,,true,2020-09-22 19:19:01,lance.williams029@platform.example.com
,PAY-202009-00000001850,ORD-202009-0000004793,CUST-0000143805,2020-09-08 08:06:38,Credit Card,Success,166.6,CAD,CAN,North America,,false,2020-09-08 08:06:38,james.proctor094@dataops.example.com
,PAY-202009-00000001851,ORD-202009-0000000464,CUST-0000137896,2020-09-25 20:12:38,Buy Now Pay Later,Success,2930.64,EUR,ITA,Europe,,false,2020-09-25 20:12:38,kelsey.taylor010@platform.example.com
,PAY-202009-00000001852,ORD-202009-0000006143,CUST-0000135115,2020-09-28 05:15:51,Debit Card,Success,947.52,AUD,AUS,Oceania,,false,2020-09-28 05:15:51,micheal.chen050@dataops.example.com
,PAY-202009-00000001853,ORD-202009-0000003958,CUST-0000150359,2020-09-06 04:29:28,PayPal,Success,1510.28,GBP,GBR,Europe,,false,2020-09-06 04:29:28,timothy.cameron104@commerce.example.com
,PAY-202009-00000001854,ORD-202009-0000005027,CUST-0000153626,2020-09-29 22:52:34,Credit Card,Success,868.17,SGD,SGP,Asia,,false,2020-09-29 22:52:34,lance.williams029@platform.example.com
,PAY-202009-00000001855,ORD-202009-0000006430,CUST-0000143797,2020-09-05 08:51:34,Apple Pay,Success,2984.89,SGD,SGP,Asia,,false,2020-09-05 08:51:34,susan.rice083@commerce.example.com
,PAY-202009-00000001856,ORD-202009-0000003823,CUST-0000136452,2020-09-03 16:02:02,Credit Card,Success,3468.17,SGD,SGP,Asia,,false,2020-09-03 16:02:02,alyssa.richards002@commerce.example.com
,PAY-202009-00000001857,ORD-202009-0000000321,CUST-0000150509,2020-09-21 05:23:34,Debit Card,Success,2113.2,AUD,AUS,Oceania,,false,2020-09-21 05:23:34,ashley.marks069@commerce.example.com
,PAY-202009-00000001858,ORD-202009-0000005151,CUST-0000147694,2020-09-27 09:42:35,Gift Card,Success,3315.15,AUD,AUS,Oceania,,false,2020-09-27 09:42:35,michael.johnson061@platform.example.com
,PAY-202009-00000001859,ORD-202009-0000005704,CUST-0000140858,2020-09-10 11:56:20,Paytm,Success,1709.8,EUR,DEU,Europe,,false,2020-09-10 11:56:20,alyssa.richards002@commerce.example.com
,PAY-202009-00000001860,ORD-202009-0000002997,CUST-0000144444,2020-09-18 03:59:53,Gift Card,Success,2957.73,SGD,SGP,Asia,,false,2020-09-18 03:59:53,micheal.hall064@dataops.example.com
,PAY-202009-00000001861,ORD-202009-0000002251,CUST-0000141291,2020-09-18 15:47:45,Phonepe,Success,1590.24,EUR,ESP,Europe,,false,2020-09-18 15:47:45,john.mullins109@commerce.example.com
,PAY-202009-00000001862,ORD-202009-0000006103,CUST-0000144195,2020-09-06 10:26:04,Buy Now Pay Later,Success,1827.35,BRL,BRA,South America,,false,2020-09-06 10:26:04,taylor.cunningham023@commerce.example.com
,PAY-202009-00000001863,ORD-202009-0000001381,CUST-0000141757,2020-09-03 08:03:16,Bank Transfer,Success,2320.76,BRL,BRA,South America,,false,2020-09-03 08:03:16,michael.johnson061@platform.example.com
,PAY-202009-00000001864,ORD-202009-0000002820,CUST-0000152205,2020-09-02 10:14:46,Gift Card,Success,2764.18,EUR,NLD,Europe,,false,2020-09-02 10:14:46,megan.cunningham013@commerce.example.com
,PAY-202009-00000001865,ORD-202009-0000002573,CUST-0000134811,2020-09-08 15:10:22,Credit Card,Success,2469.25,AUD,AUS,Oceania,,false,2020-09-08 15:10:22,peter.martinez098@platform.example.com
,PAY-202009-00000001866,ORD-202009-0000004644,CUST-0000143692,2020-09-22 00:20:01,Buy Now Pay Later,Success,1414.89,GBP,GBR,Europe,,false,2020-09-22 00:20:01,john.mullins109@commerce.example.com
,PAY-202009-00000001867,ORD-202009-0000002547,CUST-0000150192,2020-09-25 07:02:23,Apple Pay,Pending,3160.82,BRL,BRA,South America,,false,2020-09-25 07:02:23,kelsey.taylor010@platform.example.com
,PAY-202009-00000001868,ORD-202009-0000002044,CUST-0000137226,2020-09-10 18:14:11,Google Pay,Refunded,1184.27,EUR,NLD,Europe,,true,2020-09-10 18:14:11,james.proctor094@dataops.example.com
,PAY-202009-00000001869,ORD-202009-0000000828,CUST-0000137974,2020-09-23 06:02:06,Credit Card,Success,207.92,GBP,GBR,Europe,,false,2020-09-23 06:02:06,peter.martinez098@platform.example.com
,PAY-202009-00000001870,ORD-202009-0000001652,CUST-0000142720,2020-09-12 04:20:17,Bank Transfer,Success,1498.17,MXN,MEX,North America,,false,2020-09-12 04:20:17,brandon.yu006@analytics.example.com
,PAY-202009-00000001871,ORD-202009-0000000954,CUST-0000142230,2020-09-17 15:59:12,Bank Transfer,Success,146.12,EUR,FRA,Europe,,false,2020-09-17 15:59:12,jennifer.hudson020@analytics.example.com
,PAY-202009-00000001872,ORD-202009-0000001497,CUST-0000136649,2020-09-09 01:03:17,Debit Card,Success,446.44,GBP,GBR,Europe,,false,2020-09-09 01:03:17,michael.johnson061@platform.example.com
,PAY-202009-00000001873,ORD-202009-0000004947,CUST-0000146045,2020-09-14 04:29:09,Paytm,Success,3064.6,JPY,JPN,Asia,,false,2020-09-14 04:29:09,tina.williams074@commerce.example.com
,PAY-202009-00000001874,ORD-202009-0000006302,CUST-0000149167,2020-09-10 07:58:26,Phonepe,Success,1865.85,USD,USA,North America,,false,2020-09-10 07:58:26,megan.cunningham013@commerce.example.com
,PAY-202009-00000001875,ORD-202009-0000002169,CUST-0000152648,2020-09-30 23:36:39,Bank Transfer,Success,598.49,USD,USA,North America,,false,2020-09-30 23:36:39,joseph.johnson049@dataops.example.com
,PAY-202009-00000001876,ORD-202009-0000000687,CUST-0000152295,2020-09-28 14:43:32,Credit Card,Success,1465.13,EUR,FRA,Europe,,false,2020-09-28 14:43:32,eric.horton058@analytics.example.com
,PAY-202009-00000001877,ORD-202009-0000003840,CUST-0000147321,2020-09-26 21:41:38,Phonepe,Refunded,1282.6,EUR,ESP,Europe,,true,2020-09-26 21:41:38,alyssa.richards002@commerce.example.com
,PAY-202009-00000001878,ORD-202009-0000003017,CUST-0000148101,2020-09-07 12:04:25,Debit Card,Failed,1097.56,EUR,DEU,Europe,Network timeout,false,2020-09-07 12:04:25,james.proctor094@dataops.example.com
,PAY-202009-00000001879,ORD-202009-0000003721,CUST-0000150243,2020-09-17 07:10:07,Phonepe,Failed,2709.37,AUD,AUS,Oceania,Card declined,false,2020-09-17 07:10:07,timothy.cannon081@analytics.example.com
,PAY-202009-00000001880,ORD-202009-0000001439,CUST-0000137001,2020-09-13 16:01:46,Buy Now Pay Later,Success,1280.83,CAD,CAN,North America,,false,2020-09-13 16:01:46,joseph.johnson049@dataops.example.com
,PAY-202009-00000001881,ORD-202009-0000002022,CUST-0000143483,2020-09-28 12:34:02,Buy Now Pay Later,Success,1154.56,EUR,ITA,Europe,,false,2020-09-28 12:34:02,megan.cunningham013@commerce.example.com
,PAY-202009-00000001882,ORD-202009-0000001310,CUST-0000147234,2020-09-19 08:14:23,Phonepe,Success,2121.01,EUR,FRA,Europe,,false,2020-09-19 08:14:23,peter.martinez098@platform.example.com
,PAY-202009-00000001883,ORD-202009-0000003837,CUST-0000134442,2020-09-03 02:26:08,Google Pay,Success,3312.08,JPY,JPN,Asia,,false,2020-09-03 02:26:08,stephen.clark001@analytics.example.com
,PAY-202009-00000001884,ORD-202009-0000003847,CUST-0000153909,2020-09-20 02:07:50,Paytm,Success,330.02,CAD,CAN,North America,,false,2020-09-20 02:07:50,adam.gordon030@commerce.example.com
,PAY-202009-00000001885,ORD-202009-0000001573,CUST-0000145652,2020-09-13 10:27:24,Gift Card,Success,3057.6,EUR,NLD,Europe,,false,2020-09-13 10:27:24,micheal.chen050@dataops.example.com
,PAY-202009-00000001886,ORD-202009-0000002029,CUST-0000138068,2020-09-26 23:04:18,Buy Now Pay Later,Success,1373.8,JPY,JPN,Asia,,false,2020-09-26 23:04:18,timothy.cameron104@commerce.example.com
,PAY-202009-00000001887,ORD-202009-0000004933,CUST-0000135801,2020-09-29 05:41:10,Bank Transfer,Success,3159.12,EUR,DEU,Europe,,false,2020-09-29 05:41:10,john.mullins109@commerce.example.com
,PAY-202009-00000001888,ORD-202009-0000000759,CUST-0000147529,2020-09-02 21:21:57,Apple Pay,Success,261.49,EUR,FRA,Europe,,false,2020-09-02 21:21:57,stephen.clark001@analytics.example.com
,PAY-202009-00000001889,ORD-202009-0000006180,CUST-0000149559,2020-09-17 00:12:23,Debit Card,Success,202.87,SGD,SGP,Asia,,false,2020-09-17 00:12:23,ryan.steele043@commerce.example.com
,PAY-202009-00000001890,ORD-202009-0000004382,CUST-0000148939,2020-09-14 13:28:05,Buy Now Pay Later,Success,1367.86,CAD,CAN,North America,,false,2020-09-14 13:28:05,susan.rice083@commerce.example.com
,PAY-202009-00000001891,ORD-202009-0000002701,CUST-0000142658,2020-09-04 07:48:28,Phonepe,Success,1874.95,MXN,MEX,North America,,false,2020-09-04 07:48:28,patrick.gonzalez035@dataops.example.com
,PAY-202009-00000001892,ORD-202009-0000002700,CUST-0000151571,2020-09-30 14:50:00,Google Pay,Refunded,2625.43,AED,ARE,Asia,,true,2020-09-30 14:50:00,eric.horton058@analytics.example.com
,PAY-202009-00000001893,ORD-202009-0000005261,CUST-0000138847,2020-09-30 23:23:45,PayPal,Success,975.94,SGD,SGP,Asia,,false,2020-09-30 23:23:45,megan.cunningham013@commerce.example.com
,PAY-202009-00000001894,ORD-202009-0000003595,CUST-0000136484,2020-09-06 09:48:15,Buy Now Pay Later,Success,1578.94,JPY,JPN,Asia,,false,2020-09-06 09:48:15,brandon.yu006@analytics.example.com
,PAY-202009-00000001895,ORD-202009-0000005088,CUST-0000147307,2020-09-23 20:02:13,PayPal,Success,2000.63,EUR,ESP,Europe,,false,2020-09-23 20:02:13,brandi.carter038@dataops.example.com
,PAY-202009-00000001896,ORD-202009-0000003494,CUST-0000139942,2020-09-20 00:45:40,Apple Pay,Success,2762.46,USD,USA,North America,,false,2020-09-20 00:45:40,micheal.hall064@dataops.example.com
,PAY-202009-00000001897,ORD-202009-0000005248,CUST-0000152811,2020-09-09 02:32:59,Phonepe,Success,3355.3,EUR,ESP,Europe,,false,2020-09-09 02:32:59,lance.williams029@platform.example.com
,PAY-202009-00000001898,ORD-202009-0000000560,CUST-0000151212,2020-09-11 20:54:26,Gift Card,Pending,2713.95,EUR,NLD,Europe,,false,2020-09-11 20:54:26,kelsey.taylor010@platform.example.com
,PAY-202009-00000001899,ORD-202009-0000004032,CUST-0000136865,2020-09-10 23:52:56,Phonepe,Success,855.21,MXN,MEX,North America,,false,2020-09-10 23:52:56,jennifer.hudson020@analytics.example.com
,PAY-202009-00000001900,ORD-202009-0000001863,CUST-0000134884,2020-09-06 18:45:11,Gift Card,Success,515.54,EUR,FRA,Europe,,false,2020-09-06 18:45:11,timothy.cannon081@analytics.example.com
,PAY-202009-00000001901,ORD-202009-0000004854,CUST-0000151381,2020-09-11 04:28:41,Gift Card,Success,1371.7,EUR,ESP,Europe,,false,2020-09-11 04:28:41,brandon.yu006@analytics.example.com
,PAY-202009-00000001902,ORD-202009-0000005402,CUST-0000142545,2020-09-21 10:11:31,Buy Now Pay Later,Success,1696.08,AUD,AUS,Oceania,,false,2020-09-21 10:11:31,joseph.johnson049@dataops.example.com
,PAY-202009-00000001903,ORD-202009-0000000570,CUST-0000135477,2020-09-25 02:32:20,Debit Card,Refunded,3440.84,AED,ARE,Asia,,true,2020-09-25 02:32:20,ashley.marks069@commerce.example.com
,PAY-202009-00000001904,ORD-202009-0000004211,CUST-0000144789,2020-09-24 19:57:46,Phonepe,Success,1719.57,EUR,DEU,Europe,,false,2020-09-24 19:57:46,micheal.chen050@dataops.example.com
,PAY-202009-00000001905,ORD-202009-0000000126,CUST-0000152794,2020-09-09 04:02:24,Buy Now Pay Later,Success,899.85,INR,IND,Asia,,false,2020-09-09 04:02:24,peter.martinez098@platform.example.com
,PAY-202009-00000001906,ORD-202009-0000002005,CUST-0000135899,2020-09-28 22:42:13,Gift Card,Success,98.51,USD,USA,North America,,false,2020-09-28 22:42:13,timothy.cameron104@commerce.example.com
,PAY-202009-00000001907,ORD-202009-0000005067,CUST-0000139697,2020-09-09 07:02:21,PayPal,Success,583.97,CAD,CAN,North America,,false,2020-09-09 07:02:21,susan.rice083@commerce.example.com
,PAY-202009-00000001908,ORD-202009-0000004749,CUST-0000153608,2020-09-06 23:45:05,Buy Now Pay Later,Success,1415.69,JPY,JPN,Asia,,false,2020-09-06 23:45:05,taylor.cunningham023@commerce.example.com
,PAY-202009-00000001909,ORD-202009-0000006538,CUST-0000147811,2020-09-22 23:05:43,PayPal,Success,2678.08,EUR,FRA,Europe,,false,2020-09-22 23:05:43,stephen.daniels076@commerce.example.com
,PAY-202009-00000001910,ORD-202009-0000004374,CUST-0000144041,2020-09-02 08:18:52,Buy Now Pay Later,Success,3378.99,USD,USA,North America,,false,2020-09-02 08:18:52,patrick.gonzalez035@dataops.example.com
,PAY-202009-00000001911,ORD-202009-0000002551,CUST-0000150286,2020-09-27 11:14:28,Phonepe,Success,123.88,MXN,MEX,North America,,false,2020-09-27 11:14:28,john.mullins109@commerce.example.com
,PAY-202009-00000001912,ORD-202009-0000002360,CUST-0000140329,2020-09-15 19:56:14,Apple Pay,Success,1583.46,EUR,ESP,Europe,,false,2020-09-15 19:56:14,brandon.yu006@analytics.example.com
,PAY-202009-00000001913,ORD-202009-0000004298,CUST-0000140289,2020-09-28 15:53:16,Phonepe,Success,3180.15,USD,USA,North America,,false,2020-09-28 15:53:16,david.cabrera119@dataops.example.com
,PAY-202009-00000001914,ORD-202009-0000000506,CUST-0000138623,2020-09-27 02:29:56,Gift Card,Success,1438.0,EUR,ESP,Europe,,false,2020-09-27 02:29:56,john.mullins109@commerce.example.com
,PAY-202009-00000001915,ORD-202009-0000002904,CUST-0000139776,2020-09-09 07:10:33,Gift Card,Success,904.74,AED,ARE,Asia,,false,2020-09-09 07:10:33,alyssa.richards002@commerce.example.com
,PAY-202009-00000001916,ORD-202009-0000005302,CUST-0000141891,2020-09-06 22:24:28,Buy Now Pay Later,Success,2830.53,EUR,DEU,Europe,,false,2020-09-06 22:24:28,taylor.cunningham023@commerce.example.com
,PAY-202009-00000001917,ORD-202009-0000002045,CUST-0000143805,2020-09-26 17:22:48,Paytm,Success,747.96,CAD,CAN,North America,,false,2020-09-26 17:22:48,susan.rice083@commerce.example.com
,PAY-202009-00000001918,ORD-202009-0000001120,CUST-0000152988,2020-09-21 10:04:44,Google Pay,Success,1186.83,EUR,FRA,Europe,,false,2020-09-21 10:04:44,joseph.johnson049@dataops.example.com
,PAY-202009-00000001919,ORD-202009-0000003582,CUST-0000152461,2020-09-12 10:03:14,Gift Card,Success,2234.24,CAD,CAN,North America,,false,2020-09-12 10:03:14,micheal.hall064@dataops.example.com
,PAY-202009-00000001920,ORD-202009-0000004553,CUST-0000135337,2020-09-26 10:14:53,Buy Now Pay Later,Success,395.65,CAD,CAN,North America,,false,2020-09-26 10:14:53,ashley.marks069@commerce.example.com
,PAY-202009-00000001921,ORD-202009-0000004874,CUST-0000149027,2020-09-14 16:29:49,Google Pay,Success,29.83,CAD,CAN,North America,,false,2020-09-14 16:29:49,brandon.yu006@analytics.example.com
,PAY-202009-00000001922,ORD-202009-0000005763,CUST-0000137714,2020-09-06 07:03:38,Apple Pay,Success,1229.86,JPY,JPN,Asia,,false,2020-09-06 07:03:38,david.cabrera119@dataops.example.com
,PAY-202009-00000001923,ORD-202009-0000000543,CUST-0000142397,2020-09-02 10:32:53,Credit Card,Success,3293.8,EUR,ITA,Europe,,false,2020-09-02 10:32:53,michael.berger060@platform.example.com
,PAY-202009-00000001924,ORD-202009-0000001181,CUST-0000142398,2020-09-13 22:18:36,Paytm,Success,1926.91,EUR,DEU,Europe,,false,2020-09-13 22:18:36,eric.mullen052@dataops.example.com
,PAY-202009-00000001925,ORD-202009-0000002869,CUST-0000151582,2020-09-25 04:27:45,Gift Card,Success,2572.99,AED,ARE,Asia,,false,2020-09-25 04:27:45,stephen.clark001@analytics.example.com
,PAY-202009-00000001926,ORD-202009-0000005479,CUST-0000140825,2020-09-03 13:39:21,Phonepe,Pending,1446.5,AED,ARE,Asia,,false,2020-09-03 13:39:21,timothy.cannon081@analytics.example.com
,PAY-202009-00000001927,ORD-202009-0000001768,CUST-0000138876,2020-09-27 10:30:03,PayPal,Success,3257.4,JPY,JPN,Asia,,false,2020-09-27 10:30:03,stephen.daniels076@commerce.example.com
,PAY-202009-00000001928,ORD-202009-0000000420,CUST-0000136391,2020-09-16 06:38:32,Apple Pay,Success,2397.89,JPY,JPN,Asia,,false,2020-09-16 06:38:32,michelle.sims041@analytics.example.com
,PAY-202009-00000001929,ORD-202009-0000002234,CUST-0000146176,2020-09-30 16:48:45,Gift Card,Success,1120.0,AED,ARE,Asia,,false,2020-09-30 16:48:45,tina.williams074@commerce.example.com
,PAY-202009-00000001930,ORD-202009-0000004244,CUST-0000148556,2020-09-13 11:17:48,Credit Card,Failed,3475.0,SGD,SGP,Asia,Card declined,false,2020-09-13 11:17:48,taylor.cunningham023@commerce.example.com
,PAY-202009-00000001931,ORD-202009-0000005221,CUST-0000136365,2020-09-17 07:39:14,PayPal,Success,797.63,EUR,DEU,Europe,,false,2020-09-17 07:39:14,michelle.sims041@analytics.example.com
,PAY-202009-00000001932,ORD-202009-0000001946,CUST-0000139552,2020-09-08 14:39:10,Gift Card,Success,3357.34,EUR,NLD,Europe,,false,2020-09-08 14:39:10,james.proctor094@dataops.example.com
,PAY-202009-00000001933,ORD-202009-0000003130,CUST-0000146090,2020-09-27 00:21:53,Paytm,Success,788.86,AED,ARE,Asia,,false,2020-09-27 00:21:53,micheal.chen050@dataops.example.com
,PAY-202009-00000001934,ORD-202009-0000000085,CUST-0000152354,2020-09-27 01:10:25,Credit Card,Success,3235.47,GBP,GBR,Europe,,false,2020-09-27 01:10:25,eric.horton058@analytics.example.com
,PAY-202009-00000001935,ORD-202009-0000001614,CUST-0000145375,2020-09-01 00:59:52,Phonepe,Success,41.69,BRL,BRA,South America,,false,2020-09-01 00:59:52,maria.ashley046@analytics.example.com
,PAY-202009-00000001936,ORD-202009-0000005078,CUST-0000144802,2020-09-30 03:59:03,Buy Now Pay Later,Success,1673.44,EUR,NLD,Europe,,false,2020-09-30 03:59:03,victor.palmer071@platform.example.com
,PAY-202009-00000001937,ORD-202009-0000000207,CUST-0000144902,2020-09-21 07:11:09,Credit Card,Success,130.26,AUD,AUS,Oceania,,false,2020-09-21 07:11:09,timothy.cannon081@analytics.example.com
,PAY-202009-00000001938,ORD-202009-0000006291,CUST-0000140783,2020-09-11 20:09:13,Credit Card,Success,1501.3,JPY,JPN,Asia,,false,2020-09-11 20:09:13,michael.johnson061@platform.example.com
,PAY-202009-00000001939,ORD-202009-0000000184,CUST-0000139527,2020-09-10 20:46:56,Gift Card,Success,2981.36,SGD,SGP,Asia,,false,2020-09-10 20:46:56,victor.palmer071@platform.example.com
,PAY-202009-00000001940,ORD-202009-0000002575,CUST-0000138292,2020-09-12 02:49:34,Credit Card,Success,586.01,EUR,ITA,Europe,,false,2020-09-12 02:49:34,brandi.carter038@dataops.example.com
,PAY-202009-00000001941,ORD-202009-0000003738,CUST-0000141329,2020-09-12 06:03:30,Buy Now Pay Later,Success,1726.98,INR,IND,Asia,,false,2020-09-12 06:03:30,alyssa.richards002@commerce.example.com
,PAY-202009-00000001942,ORD-202009-0000004124,CUST-0000136570,2020-09-20 09:10:52,Apple Pay,Failed,388.46,INR,IND,Asia,Invalid CVV,false,2020-09-20 09:10:52,tina.williams074@commerce.example.com
,PAY-202009-00000001943,ORD-202009-0000003493,CUST-0000141563,2020-09-12 22:17:45,Phonepe,Success,2899.26,USD,USA,North America,,false,2020-09-12 22:17:45,john.mullins109@commerce.example.com
,PAY-202009-00000001944,ORD-202009-0000002015,CUST-0000141669,2020-09-22 12:45:08,Gift Card,Success,1227.87,EUR,FRA,Europe,,false,2020-09-22 12:45:08,lance.williams029@platform.example.com
,PAY-202009-00000001945,ORD-202009-0000005491,CUST-0000134676,2020-09-14 19:54:06,Bank Transfer,Success,677.01,AED,ARE,Asia,,false,2020-09-14 19:54:06,david.cabrera119@dataops.example.com
,PAY-202009-00000001946,ORD-202009-0000000674,CUST-0000137444,2020-09-16 23:33:34,Apple Pay,Success,1835.73,EUR,FRA,Europe,,false,2020-09-16 23:33:34,michael.berger060@platform.example.com
,PAY-202009-00000001947,ORD-202009-0000003483,CUST-0000134958,2020-09-25 12:32:57,Credit Card,Success,2925.11,JPY,JPN,Asia,,false,2020-09-25 12:32:57,timothy.cameron104@commerce.example.com
,PAY-202009-00000001948,ORD-202009-0000005389,CUST-0000143415,2020-09-08 07:56:02,Credit Card,Success,1360.15,EUR,NLD,Europe,,false,2020-09-08 07:56:02,timothy.cameron104@commerce.example.com
,PAY-202009-00000001949,ORD-202009-0000003123,CUST-0000144519,2020-09-03 02:26:05,PayPal,Success,754.12,JPY,JPN,Asia,,false,2020-09-03 02:26:05,john.mullins109@commerce.example.com
,PAY-202009-00000001950,ORD-202009-0000001292,CUST-0000144577,2020-09-20 10:04:06,Paytm,Success,2645.49,CAD,CAN,North America,,false,2020-09-20 10:04:06,timothy.cannon081@analytics.example.com
,PAY-202009-00000001951,ORD-202009-0000003049,CUST-0000138550,2020-09-13 14:20:23,Google Pay,Success,1984.49,EUR,FRA,Europe,,false,2020-09-13 14:20:23,andrea.cummings039@platform.example.com
,PAY-202009-00000001952,ORD-202009-0000001114,CUST-0000135035,2020-09-13 23:30:45,Gift Card,Failed,2464.57,INR,IND,Asia,Network timeout,false,2020-09-13 23:30:45,michelle.sims041@analytics.example.com
,PAY-202009-00000001953,ORD-202009-0000003873,CUST-0000152431,2020-09-15 20:11:57,Google Pay,Success,1041.95,GBP,GBR,Europe,,false,2020-09-15 20:11:57,micheal.chen050@dataops.example.com
,PAY-202009-00000001954,ORD-202009-0000000388,CUST-0000153451,2020-09-19 21:20:18,Credit Card,Success,1230.88,GBP,GBR,Europe,,false,2020-09-19 21:20:18,michael.berger060@platform.example.com
,PAY-202009-00000001955,ORD-202009-0000002736,CUST-0000135920,2020-09-02 01:44:06,PayPal,Success,165.77,BRL,BRA,South America,,false,2020-09-02 01:44:06,stephen.daniels076@commerce.example.com
,PAY-202009-00000001956,ORD-202009-0000003097,CUST-0000153512,2020-09-16 04:19:31,PayPal,Failed,3017.93,EUR,ESP,Europe,Network timeout,false,2020-09-16 04:19:31,susan.rice083@commerce.example.com
,PAY-202009-00000001957,ORD-202009-0000000495,CUST-0000146555,2020-09-21 04:05:35,Phonepe,Success,1160.54,EUR,FRA,Europe,,false,2020-09-21 04:05:35,peter.martinez098@platform.example.com
,PAY-202009-00000001958,ORD-202009-0000003172,CUST-0000138674,2020-09-05 01:43:17,PayPal,Success,104.42,EUR,ESP,Europe,,false,2020-09-05 01:43:17,tina.williams074@commerce.example.com
,PAY-202009-00000001959,ORD-202009-0000005158,CUST-0000137697,2020-09-05 20:49:34,PayPal,Success,1612.11,JPY,JPN,Asia,,false,2020-09-05 20:49:34,john.mullins109@commerce.example.com
,PAY-202009-00000001960,ORD-202009-0000000235,CUST-0000153623,2020-09-19 22:41:55,Paytm,Success,2392.88,EUR,DEU,Europe,,false,2020-09-19 22:41:55,adam.gordon030@commerce.example.com
,PAY-202009-00000001961,ORD-202009-0000002250,CUST-0000152121,2020-09-19 02:29:30,Paytm,Success,717.6,CAD,CAN,North America,,false,2020-09-19 02:29:30,joseph.johnson049@dataops.example.com
,PAY-202009-00000001962,ORD-202009-0000000658,CUST-0000148856,2020-09-24 21:35:26,Phonepe,Success,199.13,BRL,BRA,South America,,false,2020-09-24 21:35:26,kelsey.taylor010@platform.example.com
,PAY-202009-00000001963,ORD-202009-0000002274,CUST-0000142437,2020-09-04 04:43:01,Debit Card,Success,3404.21,EUR,NLD,Europe,,false,2020-09-04 04:43:01,lance.williams029@platform.example.com
,PAY-202009-00000001964,ORD-202009-0000002428,CUST-0000150885,2020-09-21 16:19:54,Debit Card,Success,134.38,INR,IND,Asia,,false,2020-09-21 16:19:54,david.cabrera119@dataops.example.com
,PAY-202009-00000001965,ORD-202009-0000004563,CUST-0000144900,2020-09-15 21:36:05,Apple Pay,Success,2720.81,CAD,CAN,North America,,false,2020-09-15 21:36:05,eric.horton058@analytics.example.com
,PAY-202009-00000001966,ORD-202009-0000002321,CUST-0000139843,2020-09-20 04:22:17,Credit Card,Success,1798.74,INR,IND,Asia,,false,2020-09-20 04:22:17,jennifer.bauer068@analytics.example.com
,PAY-202009-00000001967,ORD-202009-0000002671,CUST-0000137495,2020-09-29 07:29:40,Apple Pay,Success,1853.98,USD,USA,North America,,false,2020-09-29 07:29:40,susan.rice083@commerce.example.com
,PAY-202009-00000001968,ORD-202009-0000003852,CUST-0000138615,2020-09-07 02:28:15,Apple Pay,Success,2740.66,EUR,NLD,Europe,,false,2020-09-07 02:28:15,jennifer.hudson020@analytics.example.com
,PAY-202009-00000001969,ORD-202009-0000001834,CUST-0000143565,2020-09-18 15:56:54,Credit Card,Success,2372.16,USD,USA,North America,,false,2020-09-18 15:56:54,brandon.yu006@analytics.example.com
,PAY-202009-00000001970,ORD-202009-0000001801,CUST-0000145846,2020-09-23 00:27:32,Debit Card,Success,147.48,EUR,DEU,Europe,,false,2020-09-23 00:27:32,ashley.marks069@commerce.example.com
,PAY-202009-00000001971,ORD-202009-0000003048,CUST-0000135175,2020-09-05 14:06:35,Debit Card,Success,2693.39,USD,USA,North America,,false,2020-09-05 14:06:35,eric.mullen052@dataops.example.com
,PAY-202009-00000001972,ORD-202009-0000005054,CUST-0000148231,2020-09-15 03:56:02,Bank Transfer,Pending,3366.65,MXN,MEX,North America,,false,2020-09-15 03:56:02,jeffery.miller012@commerce.example.com
,PAY-202009-00000001973,ORD-202009-0000001658,CUST-0000146250,2020-09-02 03:21:15,Paytm,Success,1115.8,SGD,SGP,Asia,,false,2020-09-02 03:21:15,kelsey.taylor010@platform.example.com
,PAY-202009-00000001974,ORD-202009-0000000901,CUST-0000140244,2020-09-28 09:55:13,Debit Card,Success,1859.5,BRL,BRA,South America,,false,2020-09-28 09:55:13,joseph.johnson049@dataops.example.com
,PAY-202009-00000001975,ORD-202009-0000002819,CUST-0000138589,2020-09-12 20:09:43,Debit Card,Success,564.66,MXN,MEX,North America,,false,2020-09-12 20:09:43,susan.rice083@commerce.example.com
,PAY-202009-00000001976,ORD-202009-0000005200,CUST-0000149874,2020-09-23 01:10:29,Paytm,Success,1282.56,GBP,GBR,Europe,,false,2020-09-23 01:10:29,eric.mullen052@dataops.example.com
,PAY-202009-00000001977,ORD-202009-0000001309,CUST-0000136404,2020-09-01 19:58:43,Debit Card,Failed,2265.24,EUR,DEU,Europe,Card declined,false,2020-09-01 19:58:43,kelsey.taylor010@platform.example.com
,PAY-202009-00000001978,ORD-202009-0000003187,CUST-0000148008,2020-09-06 01:09:53,Google Pay,Success,2829.96,EUR,ESP,Europe,,false,2020-09-06 01:09:53,micheal.chen050@dataops.example.com
,PAY-202009-00000001979,ORD-202009-0000000966,CUST-0000139365,2020-09-28 14:55:38,Gift Card,Success,2984.84,SGD,SGP,Asia,,false,2020-09-28 14:55:38,maria.ashley046@analytics.example.com
,PAY-202009-00000001980,ORD-202009-0000005786,CUST-0000145967,2020-09-16 23:52:07,Gift Card,Success,353.14,EUR,NLD,Europe,,false,2020-09-16 23:52:07,tina.williams074@commerce.example.com
,PAY-202009-00000001981,ORD-202009-0000002315,CUST-0000139906,2020-09-10 08:06:46,Debit Card,Success,3428.74,EUR,ITA,Europe,,false,2020-09-10 08:06:46,tina.williams074@commerce.example.com
,PAY-202009-00000001982,ORD-202009-0000005211,CUST-0000140223,2020-09-26 20:50:10,Gift Card,Success,816.77,BRL,BRA,South America,,false,2020-09-26 20:50:10,taylor.cunningham023@commerce.example.com
,PAY-202009-00000001983,ORD-202009-0000004546,CUST-0000153625,2020-09-24 23:04:29,Credit Card,Success,2231.18,EUR,ITA,Europe,,false,2020-09-24 23:04:29,michael.johnson061@platform.example.com
,PAY-202009-00000001984,ORD-202009-0000001679,CUST-0000144582,2020-09-23 09:16:07,Paytm,Success,3048.68,AED,ARE,Asia,,false,2020-09-23 09:16:07,peter.martinez098@platform.example.com
,PAY-202009-00000001985,ORD-202009-0000000824,CUST-0000143832,2020-09-23 12:53:43,PayPal,Success,67.95,AED,ARE,Asia,,false,2020-09-23 12:53:43,andrea.cummings039@platform.example.com
,PAY-202009-00000001986,ORD-202009-0000000764,CUST-0000135301,2020-09-04 15:13:46,Debit Card,Pending,3274.36,BRL,BRA,South America,,false,2020-09-04 15:13:46,eric.horton058@analytics.example.com
,PAY-202009-00000001987,ORD-202009-0000006314,CUST-0000145187,2020-09-08 19:50:08,Bank Transfer,Success,1178.64,EUR,ESP,Europe,,false,2020-09-08 19:50:08,brandon.yu006@analytics.example.com
,PAY-202009-00000001988,ORD-202009-0000002941,CUST-0000146304,2020-09-28 11:10:34,Credit Card,Success,2726.89,AUD,AUS,Oceania,,false,2020-09-28 11:10:34,eric.mullen052@dataops.example.com
,PAY-202009-00000001989,ORD-202009-0000002232,CUST-0000134896,2020-09-07 13:33:47,Bank Transfer,Success,2084.99,SGD,SGP,Asia,,false,2020-09-07 13:33:47,stephen.daniels076@commerce.example.com
,PAY-202009-00000001990,ORD-202009-0000000991,CUST-0000143715,2020-09-06 14:06:50,Paytm,Success,1902.01,EUR,NLD,Europe,,false,2020-09-06 14:06:50,alyssa.richards002@commerce.example.com
,PAY-202009-00000001991,ORD-202009-0000002846,CUST-0000143216,2020-09-13 16:26:50,Gift Card,Failed,583.11,INR,IND,Asia,Network timeout,false,2020-09-13 16:26:50,taylor.cunningham023@commerce.example.com
,PAY-202009-00000001992,ORD-202009-0000000821,CUST-0000140724,2020-09-08 03:10:13,Phonepe,Success,3374.7,AUD,AUS,Oceania,,false,2020-09-08 03:10:13,adam.gordon030@commerce.example.com
,PAY-202009-00000001993,ORD-202009-0000003120,CUST-0000148210,2020-09-30 00:03:53,Phonepe,Success,301.55,SGD,SGP,Asia,,false,2020-09-30 00:03:53,micheal.chen050@dataops.example.com
,PAY-202009-00000001994,ORD-202009-0000003893,CUST-0000151094,2020-09-24 13:00:19,Paytm,Success,3162.8,GBP,GBR,Europe,,false,2020-09-24 13:00:19,patrick.gonzalez035@dataops.example.com
,PAY-202009-00000001995,ORD-202009-0000006313,CUST-0000149489,2020-09-11 13:17:51,Phonepe,Success,833.49,EUR,DEU,Europe,,false,2020-09-11 13:17:51,stephen.daniels076@commerce.example.com
,PAY-202009-00000001996,ORD-202009-0000004861,CUST-0000147265,2020-09-22 08:47:45,Apple Pay,Success,3334.43,BRL,BRA,South America,,false,2020-09-22 08:47:45,stephen.clark001@analytics.example.com
,PAY-202009-00000001997,ORD-202009-0000001205,CUST-0000152435,2020-09-22 08:29:18,Phonepe,Success,1825.33,MXN,MEX,North America,,false,2020-09-22 08:29:18,brandon.yu006@analytics.example.com
,PAY-202009-00000001998,ORD-202009-0000001181,CUST-0000144120,2020-09-26 17:58:55,Bank Transfer,Success,1272.33,SGD,SGP,Asia,,false,2020-09-26 17:58:55,victor.palmer071@platform.example.com
,PAY-202009-00000001999,ORD-202009-0000002057,CUST-0000150973,2020-09-24 18:37:13,Apple Pay,Success,1676.35,MXN,MEX,North America,,false,2020-09-24 18:37:13,michael.berger060@platform.example.com
,PAY-202009-00000002000,ORD-202009-0000005610,CUST-0000148416,2020-09-11 16:53:35,Debit Card,Success,2137.2,EUR,ITA,Europe,,false,2020-09-11 16:53:35,ashley.marks069@commerce.example.com
,PAY-202009-00000002001,ORD-202009-0000001858,CUST-0000141283,2020-09-16 06:12:22,Phonepe,Success,1859.5,CAD,CAN,North America,,false,2020-09-16 06:12:22,alyssa.richards002@commerce.example.com
,PAY-202009-00000002002,ORD-202009-0000003250,CUST-0000146519,2020-09-30 19:31:54,PayPal,Success,92.79,AED,ARE,Asia,,false,2020-09-30 19:31:54,james.proctor094@dataops.example.com
,PAY-202009-00000002003,ORD-202009-0000003846,CUST-0000153576,2020-09-20 13:13:51,Google Pay,Success,209.02,SGD,SGP,Asia,,false,2020-09-20 13:13:51,brandi.carter038@dataops.example.com
,PAY-202009-00000002004,ORD-202009-0000004735,CUST-0000146127,2020-09-12 23:19:45,Buy Now Pay Later,Success,65.2,INR,IND,Asia,,false,2020-09-12 23:19:45,joseph.johnson049@dataops.example.com
,PAY-202009-00000002005,ORD-202009-0000003590,CUST-0000138562,2020-09-06 18:52:01,Gift Card,Success,1588.94,GBP,GBR,Europe,,false,2020-09-06 18:52:01,joseph.johnson049@dataops.example.com
,PAY-202009-00000002006,ORD-202009-0000004368,CUST-0000145965,2020-09-28 14:32:56,Buy Now Pay Later,Success,1403.82,MXN,MEX,North America,,false,2020-09-28 14:32:56,megan.cunningham013@commerce.example.com
,PAY-202009-00000002007,ORD-202009-0000004873,CUST-0000150392,2020-09-30 11:47:15,Phonepe,Success,1838.62,JPY,JPN,Asia,,false,2020-09-30 11:47:15,brandon.yu006@analytics.example.com
,PAY-202009-00000002008,ORD-202009-0000000737,CUST-0000144401,2020-09-29 22:30:08,Paytm,Success,3211.65,CAD,CAN,North America,,false,2020-09-29 22:30:08,eric.horton058@analytics.example.com
,PAY-202009-00000002009,ORD-202009-0000005306,CUST-0000134617,2020-09-20 05:20:27,Bank Transfer,Success,1719.79,AED,ARE,Asia,,false,2020-09-20 05:20:27,peter.martinez098@platform.example.com
,PAY-202009-00000002010,ORD-202009-0000003438,CUST-0000150657,2020-09-03 17:12:07,Apple Pay,Success,3489.3,SGD,SGP,Asia,,false,2020-09-03 17:12:07,jeffery.miller012@commerce.example.com
,PAY-202009-00000002011,ORD-202009-0000005761,CUST-0000150827,2020-09-09 17:42:51,Debit Card,Success,292.13,EUR,ITA,Europe,,false,2020-09-09 17:42:51,ashley.marks069@commerce.example.com
,PAY-202009-00000002012,ORD-202009-0000005578,CUST-0000147365,2020-09-28 04:06:24,Phonepe,Pending,1149.04,GBP,GBR,Europe,,false,2020-09-28 04:06:24,michael.berger060@platform.example.com
,PAY-202009-00000002013,ORD-202009-0000000837,CUST-0000153501,2020-09-01 14:57:06,Credit Card,Success,1333.71,SGD,SGP,Asia,,false,2020-09-01 14:57:06,stephen.daniels076@commerce.example.com
,PAY-202009-00000002014,ORD-202009-0000004913,CUST-0000144876,2020-09-29 06:19:01,Gift Card,Success,3319.97,AED,ARE,Asia,,false,2020-09-29 06:19:01,jennifer.hudson020@analytics.example.com
,PAY-202009-00000002015,ORD-202009-0000002614,CUST-0000143210,2020-09-10 12:04:36,PayPal,Success,512.92,BRL,BRA,South America,,false,2020-09-10 12:04:36,eric.mullen052@dataops.example.com
,PAY-202009-00000002016,ORD-202009-0000002989,CUST-0000136306,2020-09-02 22:39:06,Credit Card,Pending,666.9,EUR,ITA,Europe,,false,2020-09-02 22:39:06,jennifer.bauer068@analytics.example.com
,PAY-202009-00000002017,ORD-202009-0000002962,CUST-0000149800,2020-09-17 23:10:32,Google Pay,Success,2401.02,EUR,ITA,Europe,,false,2020-09-17 23:10:32,micheal.hall064@dataops.example.com
,PAY-202009-00000002018,ORD-202009-0000003870,CUST-0000148032,2020-09-13 18:20:50,Gift Card,Success,1439.65,EUR,ITA,Europe,,false,2020-09-13 18:20:50,micheal.hall064@dataops.example.com
,PAY-202009-00000002019,ORD-202009-0000004968,CUST-0000152806,2020-09-26 14:11:20,Phonepe,Success,1656.22,CAD,CAN,North America,,false,2020-09-26 14:11:20,jennifer.bauer068@analytics.example.com
,PAY-202009-00000002020,ORD-202009-0000005650,CUST-0000140372,2020-09-13 10:52:45,Bank Transfer,Success,822.07,CAD,CAN,North America,,false,2020-09-13 10:52:45,peter.martinez098@platform.example.com
,PAY-202009-00000002021,ORD-202009-0000001675,CUST-0000145332,2020-09-21 00:28:12,Buy Now Pay Later,Success,2539.31,AED,ARE,Asia,,false,2020-09-21 00:28:12,michelle.sims041@analytics.example.com
,PAY-202009-00000002022,ORD-202009-0000002715,CUST-0000146117,2020-09-15 07:20:49,Buy Now Pay Later,Success,1746.59,GBP,GBR,Europe,,false,2020-09-15 07:20:49,jeffery.miller012@commerce.example.com
,PAY-202009-00000002023,ORD-202009-0000002980,CUST-0000148329,2020-09-21 04:33:20,Buy Now Pay Later,Success,3420.49,EUR,NLD,Europe,,false,2020-09-21 04:33:20,jeffery.miller012@commerce.example.com
,PAY-202009-00000002024,ORD-202009-0000000396,CUST-0000139284,2020-09-20 01:55:38,Credit Card,Success,918.74,EUR,NLD,Europe,,false,2020-09-20 01:55:38,jennifer.hudson020@analytics.example.com
,PAY-202009-00000002025,ORD-202009-0000005058,CUST-0000136607,2020-09-03 09:58:47,Google Pay,Refunded,2681.04,MXN,MEX,North America,,true,2020-09-03 09:58:47,timothy.cannon081@analytics.example.com
,PAY-202009-00000002026,ORD-202009-0000004717,CUST-0000134561,2020-09-23 12:24:40,Credit Card,Success,1892.14,BRL,BRA,South America,,false,2020-09-23 12:24:40,brandi.carter038@dataops.example.com
,PAY-202009-00000002027,ORD-202009-0000000180,CUST-0000136920,2020-09-27 20:54:01,Google Pay,Success,2420.38,JPY,JPN,Asia,,false,2020-09-27 20:54:01,jennifer.bauer068@analytics.example.com
,PAY-202009-00000002028,ORD-202009-0000003527,CUST-0000147713,2020-09-30 22:28:52,Apple Pay,Success,2982.53,EUR,FRA,Europe,,false,2020-09-30 22:28:52,patrick.gonzalez035@dataops.example.com
,PAY-202009-00000002029,ORD-202009-0000003233,CUST-0000151438,2020-09-19 09:16:49,PayPal,Success,3392.01,AUD,AUS,Oceania,,false,2020-09-19 09:16:49,ryan.steele043@commerce.example.com
,PAY-202009-00000002030,ORD-202009-0000005329,CUST-0000136084,2020-09-25 03:25:00,Phonepe,Success,3461.21,SGD,SGP,Asia,,false,2020-09-25 03:25:00,timothy.cameron104@commerce.example.com
,PAY-202009-00000002031,ORD-202009-0000000807,CUST-0000145790,2020-09-13 23:06:45,PayPal,Success,3220.14,BRL,BRA,South America,,false,2020-09-13 23:06:45,michael.johnson061@platform.example.com
,PAY-202009-00000002032,ORD-202009-0000001595,CUST-0000139001,2020-09-22 20:12:21,Google Pay,Success,2392.23,MXN,MEX,North America,,false,2020-09-22 20:12:21,micheal.hall064@dataops.example.com
,PAY-202009-00000002033,ORD-202009-0000001912,CUST-0000134476,2020-09-16 01:08:11,Credit Card,Success,659.88,EUR,DEU,Europe,,false,2020-09-16 01:08:11,brandon.yu006@analytics.example.com
,PAY-202009-00000002034,ORD-202009-0000000621,CUST-0000143299,2020-09-15 00:22:20,Buy Now Pay Later,Success,1631.65,EUR,ITA,Europe,,false,2020-09-15 00:22:20,tina.williams074@commerce.example.com
,PAY-202009-00000002035,ORD-202009-0000003980,CUST-0000142676,2020-09-30 17:31:51,Google Pay,Success,890.07,JPY,JPN,Asia,,false,2020-09-30 17:31:51,alyssa.richards002@commerce.example.com
,PAY-202009-00000002036,ORD-202009-0000001676,CUST-0000145520,2020-09-16 14:07:25,Phonepe,Success,2386.21,MXN,MEX,North America,,false,2020-09-16 14:07:25,peter.martinez098@platform.example.com
,PAY-202009-00000002037,ORD-202009-0000005092,CUST-0000144661,2020-09-27 19:56:46,Google Pay,Success,2879.71,EUR,FRA,Europe,,false,2020-09-27 19:56:46,micheal.chen050@dataops.example.com
,PAY-202009-00000002038,ORD-202009-0000003584,CUST-0000145565,2020-09-23 18:21:01,Apple Pay,Success,3485.31,EUR,ITA,Europe,,false,2020-09-23 18:21:01,adam.gordon030@commerce.example.com
,PAY-202009-00000002039,ORD-202009-0000004382,CUST-0000137994,2020-09-09 21:56:16,PayPal,Success,3223.41,SGD,SGP,Asia,,false,2020-09-09 21:56:16,patrick.gonzalez035@dataops.example.com
,PAY-202009-00000002040,ORD-202009-0000001635,CUST-0000146843,2020-09-06 14:04:25,Buy Now Pay Later,Success,721.12,CAD,CAN,North America,,false,2020-09-06 14:04:25,john.mullins109@commerce.example.com
,PAY-202009-00000002041,ORD-202009-0000000909,CUST-0000144301,2020-09-13 06:26:26,Apple Pay,Success,2989.47,GBP,GBR,Europe,,false,2020-09-13 06:26:26,susan.rice083@commerce.example.com
,PAY-202009-00000002042,ORD-202009-0000006379,CUST-0000151825,2020-09-13 04:06:21,PayPal,Success,3328.84,INR,IND,Asia,,false,2020-09-13 04:06:21,lance.williams029@platform.example.com
,PAY-202009-00000002043,ORD-202009-0000000873,CUST-0000142554,2020-09-24 03:05:57,Debit Card,Success,1139.15,BRL,BRA,South America,,false,2020-09-24 03:05:57,michelle.bender024@analytics.example.com
,PAY-202009-00000002044,ORD-202009-0000005004,CUST-0000143517,2020-09-11 00:48:28,Phonepe,Success,2018.79,GBP,GBR,Europe,,false,2020-09-11 00:48:28,jennifer.bauer068@analytics.example.com
,PAY-202009-00000002045,ORD-202009-0000000465,CUST-0000153515,2020-09-09 23:49:29,Credit Card,Success,2197.64,EUR,FRA,Europe,,false,2020-09-09 23:49:29,megan.cunningham013@commerce.example.com
,PAY-202009-00000002046,ORD-202009-0000002071,CUST-0000145386,2020-09-12 15:39:22,Credit Card,Success,1870.86,SGD,SGP,Asia,,false,2020-09-12 15:39:22,timothy.cannon081@analytics.example.com
,PAY-202009-00000002047,ORD-202009-0000000498,CUST-0000136996,2020-09-05 02:50:33,PayPal,Pending,1088.05,EUR,ITA,Europe,,false,2020-09-05 02:50:33,eric.mullen052@dataops.example.com
,PAY-202009-00000002048,ORD-202009-0000001656,CUST-0000135695,2020-09-19 05:30:41,Buy Now Pay Later,Success,88.17,CAD,CAN,North America,,false,2020-09-19 05:30:41,patrick.gonzalez035@dataops.example.com
,PAY-202009-00000002049,ORD-202009-0000000299,CUST-0000138880,2020-09-11 16:02:18,PayPal,Success,488.45,CAD,CAN,North America,,false,2020-09-11 16:02:18,peter.martinez098@platform.example.com
,PAY-202009-00000002050,ORD-202009-0000001660,CUST-0000142464,2020-09-26 12:36:31,Bank Transfer,Success,1061.9,EUR,FRA,Europe,,false,2020-09-26 12:36:31,patrick.gonzalez035@dataops.example.com
,PAY-202009-00000002051,ORD-202009-0000003401,CUST-0000138054,2020-09-20 07:18:29,Phonepe,Success,1945.72,EUR,NLD,Europe,,false,2020-09-20 07:18:29,michelle.sims041@analytics.example.com
,PAY-202009-00000002052,ORD-202009-0000000502,CUST-0000143705,2020-09-07 19:16:05,Credit Card,Success,2075.65,INR,IND,Asia,,false,2020-09-07 19:16:05,micheal.chen050@dataops.example.com
,PAY-202009-00000002053,ORD-202009-0000000701,CUST-0000145016,2020-09-25 21:51:39,Bank Transfer,Success,2373.47,EUR,FRA,Europe,,false,2020-09-25 21:51:39,alyssa.richards002@commerce.example.com
,PAY-202009-00000002054,ORD-202009-0000004721,CUST-0000148890,2020-09-24 07:54:51,Gift Card,Success,907.48,EUR,ESP,Europe,,false,2020-09-24 07:54:51,michelle.sims041@analytics.example.com
,PAY-202009-00000002055,ORD-202009-0000002588,CUST-0000135567,2020-09-18 10:49:32,Buy Now Pay Later,Success,929.85,AUD,AUS,Oceania,,false,2020-09-18 10:49:32,eric.horton058@analytics.example.com
,PAY-202009-00000002056,ORD-202009-0000003270,CUST-0000153754,2020-09-11 16:59:09,Credit Card,Success,53.85,AED,ARE,Asia,,false,2020-09-11 16:59:09,maria.ashley046@analytics.example.com
,PAY-202009-00000002057,ORD-202009-0000004363,CUST-0000151539,2020-09-18 17:06:55,Google Pay,Success,2228.4,EUR,FRA,Europe,,false,2020-09-18 17:06:55,ryan.steele043@commerce.example.com
,PAY-202009-00000002058,ORD-202009-0000004286,CUST-0000139206,2020-09-26 22:35:51,Google Pay,Success,1889.44,MXN,MEX,North America,,false,2020-09-26 22:35:51,lance.williams029@platform.example.com
,PAY-202009-00000002059,ORD-202009-0000000656,CUST-0000145732,2020-09-10 19:27:36,Phonepe,Success,2323.53,EUR,FRA,Europe,,false,2020-09-10 19:27:36,david.cabrera119@dataops.example.com
,PAY-202009-00000002060,ORD-202009-0000006207,CUST-0000147576,2020-09-15 09:46:35,Debit Card,Success,1387.97,USD,USA,North America,,false,2020-09-15 09:46:35,lance.williams029@platform.example.com
,PAY-202009-00000002061,ORD-202009-0000004697,CUST-0000145050,2020-09-11 13:25:35,Bank Transfer,Success,2883.78,CAD,CAN,North America,,false,2020-09-11 13:25:35,michelle.sims041@analytics.example.com
,PAY-202009-00000002062,ORD-202009-0000005032,CUST-0000142654,2020-09-02 22:51:03,Buy Now Pay Later,Success,2757.22,AUD,AUS,Oceania,,false,2020-09-02 22:51:03,eric.horton058@analytics.example.com
,PAY-202009-00000002063,ORD-202009-0000001257,CUST-0000145042,2020-09-20 10:37:08,Google Pay,Success,1110.06,EUR,ITA,Europe,,false,2020-09-20 10:37:08,ashley.marks069@commerce.example.com
,PAY-202009-00000002064,ORD-202009-0000006304,CUST-0000153629,2020-09-22 01:16:51,Debit Card,Success,1510.62,JPY,JPN,Asia,,false,2020-09-22 01:16:51,tina.williams074@commerce.example.com
,PAY-202009-00000002065,ORD-202009-0000002123,CUST-0000146748,2020-09-20 03:17:30,Credit Card,Success,855.47,INR,IND,Asia,,false,2020-09-20 03:17:30,eric.mullen052@dataops.example.com
,PAY-202009-00000002066,ORD-202009-0000001156,CUST-0000152499,2020-09-26 14:11:05,Google Pay,Success,1640.15,AUD,AUS,Oceania,,false,2020-09-26 14:11:05,adam.gordon030@commerce.example.com
,PAY-202009-00000002067,ORD-202009-0000001430,CUST-0000149328,2020-09-19 03:28:06,Google Pay,Success,435.94,INR,IND,Asia,,false,2020-09-19 03:28:06,andrea.cummings039@platform.example.com
,PAY-202009-00000002068,ORD-202009-0000004837,CUST-0000137286,2020-09-22 20:58:32,Apple Pay,Success,2218.28,BRL,BRA,South America,,false,2020-09-22 20:58:32,stephen.daniels076@commerce.example.com
,PAY-202009-00000002069,ORD-202009-0000001686,CUST-0000148061,2020-09-19 01:05:16,Buy Now Pay Later,Success,3292.01,AUD,AUS,Oceania,,false,2020-09-19 01:05:16,micheal.chen050@dataops.example.com
,PAY-202009-00000002070,ORD-202009-0000003099,CUST-0000153507,2020-09-22 05:52:01,Paytm,Success,55.65,USD,USA,North America,,false,2020-09-22 05:52:01,david.cabrera119@dataops.example.com
,PAY-202009-00000002071,ORD-202009-0000002392,CUST-0000145013,2020-09-15 20:04:25,Google Pay,Success,1474.94,AED,ARE,Asia,,false,2020-09-15 20:04:25,michelle.sims041@analytics.example.com
,PAY-202009-00000002072,ORD-202009-0000000979,CUST-0000153293,2020-09-30 12:34:20,Buy Now Pay Later,Failed,1249.85,EUR,ITA,Europe,Card declined,false,2020-09-30 12:34:20,victor.palmer071@platform.example.com
,PAY-202009-00000002073,ORD-202009-0000003302,CUST-0000144277,2020-09-15 06:44:16,Apple Pay,Success,2080.5,AED,ARE,Asia,,false,2020-09-15 06:44:16,john.mullins109@commerce.example.com
,PAY-202009-00000002074,ORD-202009-0000000123,CUST-0000138844,2020-09-05 05:15:20,Debit Card,Success,1987.7,AED,ARE,Asia,,false,2020-09-05 05:15:20,jennifer.hudson020@analytics.example.com
,PAY-202009-00000002075,ORD-202009-0000006152,CUST-0000140390,2020-09-07 04:01:09,Paytm,Success,313.87,EUR,FRA,Europe,,false,2020-09-07 04:01:09,jeffery.miller012@commerce.example.com
,PAY-202009-00000002076,ORD-202009-0000005689,CUST-0000138147,2020-09-26 08:19:55,Buy Now Pay Later,Pending,2066.85,AUD,AUS,Oceania,,false,2020-09-26 08:19:55,megan.cunningham013@commerce.example.com
,PAY-202009-00000002077,ORD-202009-0000006214,CUST-0000150104,2020-09-28 00:03:09,Gift Card,Success,2266.7,AED,ARE,Asia,,false,2020-09-28 00:03:09,brandon.yu006@analytics.example.com
,PAY-202009-00000002078,ORD-202009-0000005889,CUST-0000144614,2020-09-23 21:46:23,Apple Pay,Success,2504.78,USD,USA,North America,,false,2020-09-23 21:46:23,jeffery.miller012@commerce.example.com
,PAY-202009-00000002079,ORD-202009-0000005142,CUST-0000143596,2020-09-09 00:21:30,Credit Card,Success,1941.71,JPY,JPN,Asia,,false,2020-09-09 00:21:30,michelle.bender024@analytics.example.com
,PAY-202009-00000002080,ORD-202009-0000005231,CUST-0000144882,2020-09-10 07:18:03,Google Pay,Success,2391.55,EUR,NLD,Europe,,false,2020-09-10 07:18:03,jennifer.hudson020@analytics.example.com
,PAY-202009-00000002081,ORD-202009-0000002480,CUST-0000149139,2020-09-14 06:57:40,Buy Now Pay Later,Success,2428.21,CAD,CAN,North America,,false,2020-09-14 06:57:40,michelle.sims041@analytics.example.com
,PAY-202009-00000002082,ORD-202009-0000004514,CUST-0000136949,2020-09-23 23:02:20,Phonepe,Success,1521.53,USD,USA,North America,,false,2020-09-23 23:02:20,eric.horton058@analytics.example.com
,PAY-202009-00000002083,ORD-202009-0000001606,CUST-0000143556,2020-09-13 09:31:58,Google Pay,Success,1716.93,EUR,ITA,Europe,,false,2020-09-13 09:31:58,eric.horton058@analytics.example.com
,PAY-202009-00000002084,ORD-202009-0000006522,CUST-0000147066,2020-09-01 19:15:32,PayPal,Pending,688.21,EUR,ITA,Europe,,false,2020-09-01 19:15:32,michael.berger060@platform.example.com
,PAY-202009-00000002085,ORD-202009-0000001131,CUST-0000146271,2020-09-17 01:27:20,Buy Now Pay Later,Success,2755.57,INR,IND,Asia,,false,2020-09-17 01:27:20,james.proctor094@dataops.example.com
,PAY-202009-00000002086,ORD-202009-0000000312,CUST-0000149448,2020-09-03 10:15:52,PayPal,Success,2604.89,EUR,DEU,Europe,,false,2020-09-03 10:15:52,ashley.marks069@commerce.example.com
,PAY-202009-00000002087,ORD-202009-0000003863,CUST-0000142161,2020-09-04 07:43:06,Credit Card,Success,2161.92,BRL,BRA,South America,,false,2020-09-04 07:43:06,david.cabrera119@dataops.example.com
,PAY-202009-00000002088,ORD-202009-0000001097,CUST-0000152962,2020-09-18 18:47:54,Paytm,Success,2498.43,AUD,AUS,Oceania,,false,2020-09-18 18:47:54,alyssa.richards002@commerce.example.com
,PAY-202009-00000002089,ORD-202009-0000002881,CUST-0000142935,2020-09-18 00:35:34,Gift Card,Success,2682.2,MXN,MEX,North America,,false,2020-09-18 00:35:34,patrick.gonzalez035@dataops.example.com
,PAY-202009-00000002090,ORD-202009-0000004986,CUST-0000145494,2020-09-24 14:04:38,Credit Card,Success,1149.09,GBP,GBR,Europe,,false,2020-09-24 14:04:38,stephen.daniels076@commerce.example.com
,PAY-202009-00000002091,ORD-202009-0000002230,CUST-0000140456,2020-09-30 05:27:09,Debit Card,Success,3464.14,EUR,ESP,Europe,,false,2020-09-30 05:27:09,jennifer.hudson020@analytics.example.com
,PAY-202009-00000002092,ORD-202009-0000003732,CUST-0000134504,2020-09-21 18:10:55,Google Pay,Success,2515.35,GBP,GBR,Europe,,false,2020-09-21 18:10:55,jeffery.miller012@commerce.example.com
,PAY-202009-00000002093,ORD-202009-0000003274,CUST-0000135052,2020-09-18 04:56:55,Paytm,Success,3083.43,EUR,NLD,Europe,,false,2020-09-18 04:56:55,eric.horton058@analytics.example.com
,PAY-202009-00000002094,ORD-202009-0000001274,CUST-0000144944,2020-09-23 06:56:11,Google Pay,Success,1826.58,USD,USA,North America,,false,2020-09-23 06:56:11,jennifer.bauer068@analytics.example.com
,PAY-202009-00000002095,ORD-202009-0000001107,CUST-0000140211,2020-09-23 01:33:56,Google Pay,Failed,1803.38,EUR,ITA,Europe,Network timeout,false,2020-09-23 01:33:56,eric.horton058@analytics.example.com
,PAY-202009-00000002096,ORD-202009-0000002163,CUST-0000147809,2020-09-04 11:58:07,Buy Now Pay Later,Success,212.85,BRL,BRA,South America,,false,2020-09-04 11:58:07,michael.johnson061@platform.example.com
,PAY-202009-00000002097,ORD-202009-0000005835,CUST-0000142517,2020-09-13 08:42:24,Debit Card,Success,2519.0,GBP,GBR,Europe,,false,2020-09-13 08:42:24,james.proctor094@dataops.example.com
,PAY-202009-00000002098,ORD-202009-0000001802,CUST-0000138798,2020-09-12 00:47:16,Buy Now Pay Later,Success,1715.67,EUR,NLD,Europe,,false,2020-09-12 00:47:16,kelsey.taylor010@platform.example.com
,PAY-202009-00000002099,ORD-202009-0000000455,CUST-0000137468,2020-09-13 08:00:53,Apple Pay,Success,12.55,EUR,NLD,Europe,,false,2020-09-13 08:00:53,micheal.chen050@dataops.example.com
,PAY-202009-00000002100,ORD-202009-0000006041,CUST-0000147310,2020-09-01 13:20:21,PayPal,Success,497.28,AUD,AUS,Oceania,,false,2020-09-01 13:20:21,joseph.johnson049@dataops.example.com
,PAY-202009-00000002101,ORD-202009-0000002853,CUST-0000143397,2020-09-15 01:04:39,Buy Now Pay Later,Success,864.71,AUD,AUS,Oceania,,false,2020-09-15 01:04:39,jennifer.bauer068@analytics.example.com
,PAY-202009-00000002102,ORD-202009-0000002103,CUST-0000149584,2020-09-24 23:12:23,Credit Card,Success,252.87,SGD,SGP,Asia,,false,2020-09-24 23:12:23,patrick.gonzalez035@dataops.example.com
,PAY-202009-00000002103,ORD-202009-0000002594,CUST-0000135488,2020-09-15 11:06:04,Buy Now Pay Later,Success,799.53,EUR,NLD,Europe,,false,2020-09-15 11:06:04,jeffery.miller012@commerce.example.com
,PAY-202009-00000002104,ORD-202009-0000002027,CUST-0000141488,2020-09-07 09:48:03,Google Pay,Success,162.29,MXN,MEX,North America,,false,2020-09-07 09:48:03,micheal.chen050@dataops.example.com
,PAY-202009-00000002105,ORD-202009-0000003525,CUST-0000136765,2020-09-05 05:18:36,Gift Card,Success,401.0,EUR,NLD,Europe,,false,2020-09-05 05:18:36,michael.berger060@platform.example.com
,PAY-202009-00000002106,ORD-202009-0000003858,CUST-0000142966,2020-09-10 01:49:48,Buy Now Pay Later,Success,110.72,GBP,GBR,Europe,,false,2020-09-10 01:49:48,brandon.yu006@analytics.example.com
,PAY-202009-00000002107,ORD-202009-0000003760,CUST-0000146784,2020-09-02 18:35:42,Paytm,Success,1452.89,USD,USA,North America,,false,2020-09-02 18:35:42,peter.martinez098@platform.example.com
,PAY-202009-00000002108,ORD-202009-0000001148,CUST-0000152672,2020-09-28 03:11:19,Paytm,Success,269.3,SGD,SGP,Asia,,false,2020-09-28 03:11:19,kelsey.taylor010@platform.example.com
,PAY-202009-00000002109,ORD-202009-0000006159,CUST-0000149932,2020-09-08 22:20:27,Gift Card,Success,626.97,JPY,JPN,Asia,,false,2020-09-08 22:20:27,brandi.carter038@dataops.example.com
,PAY-202009-00000002110,ORD-202009-0000002024,CUST-0000141968,2020-09-23 09:17:49,Google Pay,Success,824.71,USD,USA,North America,,false,2020-09-23 09:17:49,tina.williams074@commerce.example.com
,PAY-202009-00000002111,ORD-202009-0000004098,CUST-0000142764,2020-09-18 08:04:35,Paytm,Success,2322.07,GBP,GBR,Europe,,false,2020-09-18 08:04:35,kelsey.taylor010@platform.example.com
,PAY-202009-00000002112,ORD-202009-0000004840,CUST-0000149498,2020-09-29 21:21:58,Debit Card,Success,1398.77,INR,IND,Asia,,false,2020-09-29 21:21:58,timothy.cameron104@commerce.example.com
,PAY-202009-00000002113,ORD-202009-0000000405,CUST-0000146502,2020-09-23 06:21:11,Debit Card,Success,1817.87,EUR,ITA,Europe,,false,2020-09-23 06:21:11,jennifer.hudson020@analytics.example.com
,PAY-202009-00000002114,ORD-202009-0000003401,CUST-0000147577,2020-09-23 00:11:15,Credit Card,Success,2166.09,GBP,GBR,Europe,,false,2020-09-23 00:11:15,patrick.gonzalez035@dataops.example.com
,PAY-202009-00000002115,ORD-202009-0000002315,CUST-0000136146,2020-09-26 16:01:39,Paytm,Success,3170.9,USD,USA,North America,,false,2020-09-26 16:01:39,jennifer.bauer068@analytics.example.com
,PAY-202009-00000002116,ORD-202009-0000000863,CUST-0000152588,2020-09-14 17:16:34,Buy Now Pay Later,Success,1372.84,INR,IND,Asia,,false,2020-09-14 17:16:34,tina.williams074@commerce.example.com
,PAY-202009-00000002117,ORD-202009-0000002066,CUST-0000150649,2020-09-30 14:41:49,Gift Card,Success,2156.99,GBP,GBR,Europe,,false,2020-09-30 14:41:49,timothy.cameron104@commerce.example.com
,PAY-202009-00000002118,ORD-202009-0000002918,CUST-0000147710,2020-09-11 02:46:02,Bank Transfer,Success,1946.08,USD,USA,North America,,false,2020-09-11 02:46:02,jeffery.miller012@commerce.example.com
,PAY-202009-00000002119,ORD-202009-0000000909,CUST-0000140835,2020-09-24 12:41:13,Buy Now Pay Later,Success,1775.37,INR,IND,Asia,,false,2020-09-24 12:41:13,stephen.clark001@analytics.example.com
,PAY-202009-00000002120,ORD-202009-0000001104,CUST-0000141863,2020-09-30 21:04:47,Buy Now Pay Later,Success,1598.52,MXN,MEX,North America,,false,2020-09-30 21:04:47,michelle.bender024@analytics.example.com
,PAY-202009-00000002121,ORD-202009-0000002096,CUST-0000141126,2020-09-10 12:47:25,Gift Card,Success,2451.69,SGD,SGP,Asia,,false,2020-09-10 12:47:25,patrick.gonzalez035@dataops.example.com
,PAY-202009-00000002122,ORD-202009-0000001804,CUST-0000137945,2020-09-22 15:05:21,Apple Pay,Refunded,609.25,AUD,AUS,Oceania,,true,2020-09-22 15:05:21,brandi.carter038@dataops.example.com
,PAY-202009-00000002123,ORD-202009-0000000457,CUST-0000135762,2020-09-19 23:11:08,Phonepe,Success,2512.76,USD,USA,North America,,false,2020-09-19 23:11:08,eric.mullen052@dataops.example.com
,PAY-202009-00000002124,ORD-202009-0000004539,CUST-0000146696,2020-09-05 21:01:14,Debit Card,Success,3211.24,AUD,AUS,Oceania,,false,2020-09-05 21:01:14,michelle.sims041@analytics.example.com
,PAY-202009-00000002125,ORD-202009-0000006168,CUST-0000147316,2020-09-25 16:16:32,Apple Pay,Success,2707.13,EUR,DEU,Europe,,false,2020-09-25 16:16:32,michael.johnson061@platform.example.com
,PAY-202009-00000002126,ORD-202009-0000004832,CUST-0000134532,2020-09-24 21:47:19,Credit Card,Success,1880.0,SGD,SGP,Asia,,false,2020-09-24 21:47:19,jeffery.miller012@commerce.example.com
,PAY-202009-00000002127,ORD-202009-0000001401,CUST-0000139006,2020-09-11 17:12:57,Apple Pay,Success,45.4,EUR,DEU,Europe,,false,2020-09-11 17:12:57,kelsey.taylor010@platform.example.com
,PAY-202009-00000002128,ORD-202009-0000005779,CUST-0000150459,2020-09-17 23:16:54,Paytm,Failed,2941.75,AED,ARE,Asia,Network timeout,false,2020-09-17 23:16:54,jeffery.miller012@commerce.example.com
,PAY-202009-00000002129,ORD-202009-0000000699,CUST-0000136522,2020-09-08 10:26:11,PayPal,Success,1388.6,INR,IND,Asia,,false,2020-09-08 10:26:11,taylor.cunningham023@commerce.example.com
,PAY-202009-00000002130,ORD-202009-0000001017,CUST-0000142035,2020-09-25 06:39:20,Debit Card,Success,2484.82,SGD,SGP,Asia,,false,2020-09-25 06:39:20,eric.horton058@analytics.example.com
,PAY-202009-00000002131,ORD-202009-0000005004,CUST-0000138536,2020-09-03 03:37:20,Phonepe,Success,885.25,SGD,SGP,Asia,,false,2020-09-03 03:37:20,tina.williams074@commerce.example.com
,PAY-202009-00000002132,ORD-202009-0000001632,CUST-0000134998,2020-09-07 15:06:15,PayPal,Success,1145.62,USD,USA,North America,,false,2020-09-07 15:06:15,victor.palmer071@platform.example.com
,PAY-202009-00000002133,ORD-202009-0000004775,CUST-0000146467,2020-09-09 22:16:49,Gift Card,Success,2919.16,EUR,NLD,Europe,,false,2020-09-09 22:16:49,brandi.carter038@dataops.example.com
,PAY-202009-00000002134,ORD-202009-0000002053,CUST-0000137411,2020-09-23 11:51:01,Debit Card,Success,2702.19,JPY,JPN,Asia,,false,2020-09-23 11:51:01,micheal.chen050@dataops.example.com
,PAY-202009-00000002135,ORD-202009-0000006382,CUST-0000138792,2020-09-21 18:35:29,Credit Card,Success,649.72,EUR,FRA,Europe,,false,2020-09-21 18:35:29,joseph.johnson049@dataops.example.com
,PAY-202009-00000002136,ORD-202009-0000004376,CUST-0000143275,2020-09-29 04:55:28,Bank Transfer,Success,3083.1,BRL,BRA,South America,,false,2020-09-29 04:55:28,brandon.yu006@analytics.example.com
,PAY-202009-00000002137,ORD-202009-0000004387,CUST-0000145536,2020-09-17 04:50:15,Gift Card,Success,481.0,BRL,BRA,South America,,false,2020-09-17 04:50:15,michael.johnson061@platform.example.com
,PAY-202009-00000002138,ORD-202009-0000002422,CUST-0000135071,2020-09-17 03:48:13,PayPal,Success,1520.45,EUR,FRA,Europe,,false,2020-09-17 03:48:13,taylor.cunningham023@commerce.example.com
,PAY-202009-00000002139,ORD-202009-0000006517,CUST-0000144776,2020-09-14 14:29:03,Buy Now Pay Later,Success,1886.7,JPY,JPN,Asia,,false,2020-09-14 14:29:03,taylor.cunningham023@commerce.example.com
,PAY-202009-00000002140,ORD-202009-0000003487,CUST-0000149009,2020-09-29 16:49:37,Bank Transfer,Success,3169.86,JPY,JPN,Asia,,false,2020-09-29 16:49:37,megan.cunningham013@commerce.example.com
,PAY-202009-00000002141,ORD-202009-0000000608,CUST-0000146486,2020-09-19 12:33:22,Debit Card,Success,2990.24,SGD,SGP,Asia,,false,2020-09-19 12:33:22,ashley.marks069@commerce.example.com
,PAY-202009-00000002142,ORD-202009-0000001715,CUST-0000139034,2020-09-21 21:34:14,Google Pay,Success,1197.36,EUR,FRA,Europe,,false,2020-09-21 21:34:14,eric.horton058@analytics.example.com
,PAY-202009-00000002143,ORD-202009-0000003795,CUST-0000144678,2020-09-13 01:47:35,Phonepe,Success,2561.88,AUD,AUS,Oceania,,false,2020-09-13 01:47:35,david.cabrera119@dataops.example.com
,PAY-202009-00000002144,ORD-202009-0000004086,CUST-0000142728,2020-09-23 09:08:12,Google Pay,Success,132.53,EUR,ESP,Europe,,false,2020-09-23 09:08:12,michelle.sims041@analytics.example.com
,PAY-202009-00000002145,ORD-202009-0000005725,CUST-0000136244,2020-09-27 23:44:00,Buy Now Pay Later,Success,3047.48,EUR,DEU,Europe,,false,2020-09-27 23:44:00,maria.ashley046@analytics.example.com
,PAY-202009-00000002146,ORD-202009-0000003936,CUST-0000143512,2020-09-27 22:55:39,Buy Now Pay Later,Success,3271.27,GBP,GBR,Europe,,false,2020-09-27 22:55:39,ashley.marks069@commerce.example.com
,PAY-202009-00000002147,ORD-202009-0000003687,CUST-0000142852,2020-09-04 03:58:05,Debit Card,Success,290.0,SGD,SGP,Asia,,false,2020-09-04 03:58:05,joseph.johnson049@dataops.example.com
,PAY-202009-00000002148,ORD-202009-0000000470,CUST-0000144669,2020-09-05 16:42:34,Paytm,Success,1533.31,AUD,AUS,Oceania,,false,2020-09-05 16:42:34,victor.palmer071@platform.example.com
,PAY-202009-00000002149,ORD-202009-0000001574,CUST-0000138800,2020-09-20 12:48:32,Buy Now Pay Later,Success,1621.45,EUR,DEU,Europe,,false,2020-09-20 12:48:32,michael.johnson061@platform.example.com
,PAY-202009-00000002150,ORD-202009-0000003903,CUST-0000151978,2020-09-09 01:58:41,Credit Card,Success,2213.42,AUD,AUS,Oceania,,false,2020-09-09 01:58:41,alyssa.richards002@commerce.example.com
,PAY-202009-00000002151,ORD-202009-0000004904,CUST-0000147563,2020-09-13 22:39:54,Bank Transfer,Success,686.42,AED,ARE,Asia,,false,2020-09-13 22:39:54,tina.williams074@commerce.example.com
,PAY-202009-00000002152,ORD-202009-0000003142,CUST-0000141070,2020-09-13 02:06:53,Paytm,Success,1261.15,JPY,JPN,Asia,,false,2020-09-13 02:06:53,michael.berger060@platform.example.com
,PAY-202009-00000002153,ORD-202009-0000001942,CUST-0000146662,2020-09-13 15:17:58,Apple Pay,Success,910.54,EUR,ESP,Europe,,false,2020-09-13 15:17:58,james.proctor094@dataops.example.com
,PAY-202009-00000002154,ORD-202009-0000001711,CUST-0000138132,2020-09-14 01:04:50,Credit Card,Success,574.43,EUR,NLD,Europe,,false,2020-09-14 01:04:50,taylor.cunningham023@commerce.example.com
,PAY-202009-00000002155,ORD-202009-0000001860,CUST-0000149056,2020-09-03 05:13:14,Phonepe,Success,2024.35,CAD,CAN,North America,,false,2020-09-03 05:13:14,patrick.gonzalez035@dataops.example.com
,PAY-202009-00000002156,ORD-202009-0000004310,CUST-0000138378,2020-09-19 07:04:47,Phonepe,Failed,562.97,EUR,NLD,Europe,Card declined,false,2020-09-19 07:04:47,jeffery.miller012@commerce.example.com
,PAY-202009-00000002157,ORD-202009-0000006141,CUST-0000151019,2020-09-27 11:30:46,Google Pay,Refunded,3288.93,EUR,ESP,Europe,,true,2020-09-27 11:30:46,megan.cunningham013@commerce.example.com
,PAY-202009-00000002158,ORD-202009-0000002902,CUST-0000142390,2020-09-19 07:45:54,Debit Card,Success,359.84,MXN,MEX,North America,,false,2020-09-19 07:45:54,brandi.carter038@dataops.example.com
,PAY-202009-00000002159,ORD-202009-0000003503,CUST-0000142880,2020-09-29 09:32:00,Google Pay,Success,2712.46,EUR,NLD,Europe,,false,2020-09-29 09:32:00,alyssa.richards002@commerce.example.com
,PAY-202009-00000002160,ORD-202009-0000005965,CUST-0000138593,2020-09-19 20:59:17,Apple Pay,Success,2085.54,EUR,FRA,Europe,,false,2020-09-19 20:59:17,joseph.johnson049@dataops.example.com
,PAY-202009-00000002161,ORD-202009-0000004376,CUST-0000134431,2020-09-13 05:16:01,PayPal,Success,791.87,GBP,GBR,Europe,,false,2020-09-13 05:16:01,micheal.hall064@dataops.example.com
,PAY-202009-00000002162,ORD-202009-0000000039,CUST-0000149431,2020-09-12 20:55:02,Debit Card,Success,2281.76,JPY,JPN,Asia,,false,2020-09-12 20:55:02,michelle.bender024@analytics.example.com
,PAY-202009-00000002163,ORD-202009-0000003786,CUST-0000138833,2020-09-20 06:34:05,PayPal,Success,2917.24,EUR,FRA,Europe,,false,2020-09-20 06:34:05,david.cabrera119@dataops.example.com
,PAY-202009-00000002164,ORD-202009-0000004993,CUST-0000140700,2020-09-09 16:54:15,Debit Card,Success,1162.6,EUR,FRA,Europe,,false,2020-09-09 16:54:15,peter.martinez098@platform.example.com
,PAY-202009-00000002165,ORD-202009-0000001789,CUST-0000144022,2020-09-30 22:29:07,PayPal,Success,126.06,EUR,ESP,Europe,,false,2020-09-30 22:29:07,kelsey.taylor010@platform.example.com
,PAY-202009-00000002166,ORD-202009-0000003335,CUST-0000150933,2020-09-21 15:57:23,Bank Transfer,Success,2300.44,GBP,GBR,Europe,,false,2020-09-21 15:57:23,brandi.carter038@dataops.example.com
,PAY-202009-00000002167,ORD-202009-0000003923,CUST-0000153078,2020-09-02 01:22:37,Phonepe,Success,2590.37,CAD,CAN,North America,,false,2020-09-02 01:22:37,susan.rice083@commerce.example.com
,PAY-202009-00000002168,ORD-202009-0000003897,CUST-0000144608,2020-09-03 19:22:55,Debit Card,Success,551.02,EUR,DEU,Europe,,false,2020-09-03 19:22:55,timothy.cameron104@commerce.example.com
,PAY-202009-00000002169,ORD-202009-0000002366,CUST-0000135684,2020-09-01 12:41:32,Buy Now Pay Later,Success,2997.82,AED,ARE,Asia,,false,2020-09-01 12:41:32,megan.cunningham013@commerce.example.com
,PAY-202009-00000002170,ORD-202009-0000002543,CUST-0000150282,2020-09-21 21:41:26,Google Pay,Failed,357.74,EUR,ITA,Europe,Insufficient funds,false,2020-09-21 21:41:26,taylor.cunningham023@commerce.example.com
,PAY-202009-00000002171,ORD-202009-0000002445,CUST-0000147567,2020-09-09 11:51:25,Debit Card,Success,1133.18,EUR,NLD,Europe,,false,2020-09-09 11:51:25,maria.ashley046@analytics.example.com
,PAY-202009-00000002172,ORD-202009-0000002056,CUST-0000144499,2020-09-27 02:21:32,Bank Transfer,Success,3357.68,USD,USA,North America,,false,2020-09-27 02:21:32,megan.cunningham013@commerce.example.com
,PAY-202009-00000002173,ORD-202009-0000002136,CUST-0000150232,2020-09-26 08:42:58,Buy Now Pay Later,Refunded,96.97,GBP,GBR,Europe,,true,2020-09-26 08:42:58,patrick.gonzalez035@dataops.example.com
,PAY-202009-00000002174,ORD-202009-0000002572,CUST-0000144514,2020-09-02 18:13:07,Google Pay,Success,1567.33,BRL,BRA,South America,,false,2020-09-02 18:13:07,brandon.yu006@analytics.example.com
,PAY-202009-00000002175,ORD-202009-0000000182,CUST-0000153530,2020-09-13 07:55:53,Buy Now Pay Later,Success,2138.77,AED,ARE,Asia,,false,2020-09-13 07:55:53,james.proctor094@dataops.example.com
,PAY-202009-00000002176,ORD-202009-0000005503,CUST-0000148530,2020-09-13 14:30:11,Phonepe,Success,2618.89,AED,ARE,Asia,,false,2020-09-13 14:30:11,jeffery.miller012@commerce.example.com
,PAY-202009-00000002177,ORD-202009-0000006354,CUST-0000149940,2020-09-29 18:23:20,Gift Card,Success,2053.7,AUD,AUS,Oceania,,false,2020-09-29 18:23:20,stephen.daniels076@commerce.example.com
,PAY-202009-00000002178,ORD-202009-0000001613,CUST-0000145391,2020-09-10 15:02:52,Paytm,Success,1104.52,BRL,BRA,South America,,false,2020-09-10 15:02:52,alyssa.richards002@commerce.example.com
,PAY-202009-00000002179,ORD-202009-0000006262,CUST-0000140276,2020-09-23 19:16:56,Paytm,Success,958.31,GBP,GBR,Europe,,false,2020-09-23 19:16:56,lance.williams029@platform.example.com
,PAY-202009-00000002180,ORD-202009-0000004605,CUST-0000151660,2020-09-09 06:57:37,Phonepe,Success,1397.16,CAD,CAN,North America,,false,2020-09-09 06:57:37,michael.johnson061@platform.example.com
,PAY-202009-00000002181,ORD-202009-0000004791,CUST-0000135182,2020-09-25 12:43:15,Gift Card,Success,1282.48,BRL,BRA,South America,,false,2020-09-25 12:43:15,susan.rice083@commerce.example.com
,PAY-202009-00000002182,ORD-202009-0000002710,CUST-0000147647,2020-09-20 19:05:17,Bank Transfer,Success,736.3,AED,ARE,Asia,,false,2020-09-20 19:05:17,peter.martinez098@platform.example.com
,PAY-202009-00000002183,ORD-202009-0000000812,CUST-0000142612,2020-09-10 02:45:22,Gift Card,Success,1469.19,JPY,JPN,Asia,,false,2020-09-10 02:45:22,maria.ashley046@analytics.example.com
,PAY-202009-00000002184,ORD-202009-0000001103,CUST-0000151540,2020-09-23 05:59:15,Credit Card,Success,788.26,AUD,AUS,Oceania,,false,2020-09-23 05:59:15,jennifer.bauer068@analytics.example.com
,PAY-202009-00000002185,ORD-202009-0000005430,CUST-0000140924,2020-09-15 02:46:07,Credit Card,Success,471.61,JPY,JPN,Asia,,false,2020-09-15 02:46:07,john.mullins109@commerce.example.com
,PAY-202009-00000002186,ORD-202009-0000002309,CUST-0000135579,2020-09-14 08:56:30,Google Pay,Success,353.15,EUR,ITA,Europe,,false,2020-09-14 08:56:30,alyssa.richards002@commerce.example.com
,PAY-202009-00000002187,ORD-202009-0000002118,CUST-0000145646,2020-09-18 12:11:34,PayPal,Success,243.91,USD,USA,North America,,false,2020-09-18 12:11:34,jeffery.miller012@commerce.example.com
,PAY-202009-00000002188,ORD-202009-0000000543,CUST-0000138259,2020-09-18 23:45:35,Credit Card,Success,1026.39,SGD,SGP,Asia,,false,2020-09-18 23:45:35,lance.williams029@platform.example.com
,PAY-202009-00000002189,ORD-202009-0000000770,CUST-0000145274,2020-09-02 22:25:54,Phonepe,Success,1822.57,USD,USA,North America,,false,2020-09-02 22:25:54,james.proctor094@dataops.example.com
,PAY-202009-00000002190,ORD-202009-0000004648,CUST-0000150218,2020-09-18 04:11:10,Google Pay,Success,3166.36,GBP,GBR,Europe,,false,2020-09-18 04:11:10,maria.ashley046@analytics.example.com
,PAY-202009-00000002191,ORD-202009-0000006117,CUST-0000139056,2020-09-06 21:40:37,PayPal,Success,54.89,BRL,BRA,South America,,false,2020-09-06 21:40:37,james.proctor094@dataops.example.com
,PAY-202009-00000002192,ORD-202009-0000006426,CUST-0000145874,2020-09-07 07:38:59,Phonepe,Failed,1203.64,EUR,ITA,Europe,Card declined,false,2020-09-07 07:38:59,lance.williams029@platform.example.com
,PAY-202009-00000002193,ORD-202009-0000006284,CUST-0000138761,2020-09-19 02:20:43,Apple Pay,Success,3478.75,SGD,SGP,Asia,,false,2020-09-19 02:20:43,micheal.hall064@dataops.example.com
,PAY-202009-00000002194,ORD-202009-0000001293,CUST-0000147524,2020-09-01 09:35:48,PayPal,Success,625.09,INR,IND,Asia,,false,2020-09-01 09:35:48,alyssa.richards002@commerce.example.com
,PAY-202009-00000002195,ORD-202009-0000004972,CUST-0000143021,2020-09-14 15:40:34,Paytm,Success,2458.63,INR,IND,Asia,,false,2020-09-14 15:40:34,david.cabrera119@dataops.example.com
,PAY-202009-00000002196,ORD-202009-0000006521,CUST-0000143931,2020-09-19 14:46:55,Buy Now Pay Later,Success,1304.86,AUD,AUS,Oceania,,false,2020-09-19 14:46:55,ryan.steele043@commerce.example.com
,PAY-202009-00000002197,ORD-202009-0000004533,CUST-0000151562,2020-09-04 12:50:29,Debit Card,Success,1318.89,EUR,DEU,Europe,,false,2020-09-04 12:50:29,ryan.steele043@commerce.example.com
,PAY-202009-00000002198,ORD-202009-0000003869,CUST-0000135792,2020-09-10 10:47:32,Credit Card,Success,2926.33,GBP,GBR,Europe,,false,2020-09-10 10:47:32,tina.williams074@commerce.example.com
,PAY-202009-00000002199,ORD-202009-0000005269,CUST-0000135464,2020-09-12 19:37:00,Credit Card,Success,2052.85,JPY,JPN,Asia,,false,2020-09-12 19:37:00,joseph.johnson049@dataops.example.com
,PAY-202009-00000002200,ORD-202009-0000002907,CUST-0000137546,2020-09-17 07:21:01,Gift Card,Success,1415.0,AED,ARE,Asia,,false,2020-09-17 07:21:01,jeffery.miller012@commerce.example.com
,PAY-202009-00000002201,ORD-202009-0000002136,CUST-0000138058,2020-09-17 01:12:47,Credit Card,Success,2502.92,SGD,SGP,Asia,,false,2020-09-17 01:12:47,maria.ashley046@analytics.example.com
,PAY-202009-00000002202,ORD-202009-0000004607,CUST-0000145426,2020-09-09 20:22:53,Google Pay,Success,1888.93,CAD,CAN,North America,,false,2020-09-09 20:22:53,eric.horton058@analytics.example.com
,PAY-202009-00000002203,ORD-202009-0000005077,CUST-0000146445,2020-09-30 00:19:48,PayPal,Success,2451.62,JPY,JPN,Asia,,false,2020-09-30 00:19:48,eric.mullen052@dataops.example.com
,PAY-202009-00000002204,ORD-202009-0000002997,CUST-0000138931,2020-09-28 14:28:55,Phonepe,Success,142.51,EUR,ITA,Europe,,false,2020-09-28 14:28:55,andrea.cummings039@platform.example.com
,PAY-202009-00000002205,ORD-202009-0000000602,CUST-0000147445,2020-09-16 12:06:38,Gift Card,Success,708.05,EUR,ITA,Europe,,false,2020-09-16 12:06:38,stephen.clark001@analytics.example.com
,PAY-202009-00000002206,ORD-202009-0000005199,CUST-0000150742,2020-09-14 04:24:03,PayPal,Success,1556.16,GBP,GBR,Europe,,false,2020-09-14 04:24:03,brandon.yu006@analytics.example.com
,PAY-202009-00000002207,ORD-202009-0000000432,CUST-0000140276,2020-09-30 12:31:04,Phonepe,Success,1881.57,BRL,BRA,South America,,false,2020-09-30 12:31:04,eric.mullen052@dataops.example.com
,PAY-202009-00000002208,ORD-202009-0000003535,CUST-0000135451,2020-09-02 19:27:31,Phonepe,Success,86.4,JPY,JPN,Asia,,false,2020-09-02 19:27:31,susan.rice083@commerce.example.com
,PAY-202009-00000002209,ORD-202009-0000004068,CUST-0000150935,2020-09-28 03:32:56,Debit Card,Success,2852.86,GBP,GBR,Europe,,false,2020-09-28 03:32:56,michael.berger060@platform.example.com
,PAY-202009-00000002210,ORD-202009-0000002282,CUST-0000145668,2020-09-02 18:45:51,Buy Now Pay Later,Success,1722.99,EUR,FRA,Europe,,false,2020-09-02 18:45:51,jennifer.bauer068@analytics.example.com
,PAY-202009-00000002211,ORD-202009-0000003266,CUST-0000142383,2020-09-20 12:11:52,Phonepe,Success,1946.22,JPY,JPN,Asia,,false,2020-09-20 12:11:52,john.mullins109@commerce.example.com
,PAY-202009-00000002212,ORD-202009-0000006009,CUST-0000149533,2020-09-04 11:51:24,Bank Transfer,Success,1476.63,USD,USA,North America,,false,2020-09-04 11:51:24,james.proctor094@dataops.example.com
,PAY-202009-00000002213,ORD-202009-0000005527,CUST-0000153292,2020-09-12 15:33:01,Bank Transfer,Success,1280.56,EUR,FRA,Europe,,false,2020-09-12 15:33:01,brandon.yu006@analytics.example.com
,PAY-202009-00000002214,ORD-202009-0000000741,CUST-0000141165,2020-09-09 02:53:17,Apple Pay,Pending,1123.39,CAD,CAN,North America,,false,2020-09-09 02:53:17,kelsey.taylor010@platform.example.com
,PAY-202009-00000002215,ORD-202009-0000006216,CUST-0000144873,2020-09-07 17:30:34,Buy Now Pay Later,Success,1182.25,EUR,ESP,Europe,,false,2020-09-07 17:30:34,lance.williams029@platform.example.com
,PAY-202009-00000002216,ORD-202009-0000002772,CUST-0000146604,2020-09-23 02:19:34,Google Pay,Success,1059.53,AED,ARE,Asia,,false,2020-09-23 02:19:34,jennifer.bauer068@analytics.example.com
,PAY-202009-00000002217,ORD-202009-0000000525,CUST-0000144042,2020-09-12 13:23:42,Gift Card,Success,2253.5,INR,IND,Asia,,false,2020-09-12 13:23:42,andrea.cummings039@platform.example.com
,PAY-202009-00000002218,ORD-202009-0000003020,CUST-0000137489,2020-09-05 21:13:08,Gift Card,Success,243.73,EUR,ESP,Europe,,false,2020-09-05 21:13:08,stephen.clark001@analytics.example.com
,PAY-202009-00000002219,ORD-202009-0000000697,CUST-0000144897,2020-09-22 18:54:35,Bank Transfer,Success,1592.7,AUD,AUS,Oceania,,false,2020-09-22 18:54:35,adam.gordon030@commerce.example.com
,PAY-202009-00000002220,ORD-202009-0000005522,CUST-0000144174,2020-09-18 03:31:28,Google Pay,Pending,3035.47,EUR,FRA,Europe,,false,2020-09-18 03:31:28,david.cabrera119@dataops.example.com
,PAY-202009-00000002221,ORD-202009-0000002217,CUST-0000135682,2020-09-18 10:19:44,Bank Transfer,Success,3015.32,CAD,CAN,North America,,false,2020-09-18 10:19:44,ryan.steele043@commerce.example.com
,PAY-202009-00000002222,ORD-202009-0000002029,CUST-0000150384,2020-09-29 09:50:27,Paytm,Success,2905.89,INR,IND,Asia,,false,2020-09-29 09:50:27,michelle.bender024@analytics.example.com
,PAY-202009-00000002223,ORD-202009-0000006467,CUST-0000145428,2020-09-30 02:26:52,PayPal,Success,176.9,MXN,MEX,North America,,false,2020-09-30 02:26:52,susan.rice083@commerce.example.com
,PAY-202009-00000002224,ORD-202009-0000003886,CUST-0000141556,2020-09-15 17:36:11,PayPal,Success,3355.51,EUR,NLD,Europe,,false,2020-09-15 17:36:11,eric.horton058@analytics.example.com
,PAY-202009-00000002225,ORD-202009-0000000480,CUST-0000143889,2020-09-17 21:28:08,Paytm,Success,2164.27,CAD,CAN,North America,,false,2020-09-17 21:28:08,michael.berger060@platform.example.com
,PAY-202009-00000002226,ORD-202009-0000005859,CUST-0000152666,2020-09-06 18:24:05,Credit Card,Success,809.42,USD,USA,North America,,false,2020-09-06 18:24:05,david.cabrera119@dataops.example.com
,PAY-202009-00000002227,ORD-202009-0000005653,CUST-0000152576,2020-09-19 20:27:02,Debit Card,Success,676.33,AED,ARE,Asia,,false,2020-09-19 20:27:02,victor.palmer071@platform.example.com
,PAY-202009-00000002228,ORD-202009-0000005821,CUST-0000140302,2020-09-14 14:38:05,Google Pay,Success,2146.62,EUR,NLD,Europe,,false,2020-09-14 14:38:05,victor.palmer071@platform.example.com
,PAY-202009-00000002229,ORD-202009-0000002835,CUST-0000144577,2020-09-01 10:37:09,Bank Transfer,Success,3338.89,JPY,JPN,Asia,,false,2020-09-01 10:37:09,ashley.marks069@commerce.example.com
,PAY-202009-00000002230,ORD-202009-0000000084,CUST-0000153685,2020-09-02 19:54:12,Credit Card,Success,3361.66,EUR,ESP,Europe,,false,2020-09-02 19:54:12,victor.palmer071@platform.example.com
,PAY-202009-00000002231,ORD-202009-0000001640,CUST-0000140069,2020-09-29 04:20:05,Gift Card,Success,446.77,USD,USA,North America,,false,2020-09-29 04:20:05,lance.williams029@platform.example.com
,PAY-202009-00000002232,ORD-202009-0000000362,CUST-0000139004,2020-09-16 09:20:58,Bank Transfer,Success,1397.22,BRL,BRA,South America,,false,2020-09-16 09:20:58,brandon.yu006@analytics.example.com
,PAY-202009-00000002233,ORD-202009-0000002330,CUST-0000137775,2020-09-15 02:55:37,Bank Transfer,Success,137.39,EUR,ITA,Europe,,false,2020-09-15 02:55:37,taylor.cunningham023@commerce.example.com
,PAY-202009-00000002234,ORD-202009-0000006456,CUST-0000140597,2020-09-29 22:25:32,Bank Transfer,Pending,1431.47,BRL,BRA,South America,,false,2020-09-29 22:25:32,david.cabrera119@dataops.example.com
,PAY-202009-00000002235,ORD-202009-0000002042,CUST-0000142871,2020-09-21 20:33:37,Credit Card,Success,2059.59,CAD,CAN,North America,,false,2020-09-21 20:33:37,patrick.gonzalez035@dataops.example.com
,PAY-202009-00000002236,ORD-202009-0000003051,CUST-0000135135,2020-09-28 02:18:19,Debit Card,Success,1821.34,GBP,GBR,Europe,,false,2020-09-28 02:18:19,ashley.marks069@commerce.example.com
,PAY-202009-00000002237,ORD-202009-0000000747,CUST-0000142453,2020-09-08 04:50:23,Phonepe,Success,1003.62,EUR,ITA,Europe,,false,2020-09-08 04:50:23,ashley.marks069@commerce.example.com
,PAY-202009-00000002238,ORD-202009-0000004157,CUST-0000145210,2020-09-22 13:33:16,Phonepe,Success,1772.34,EUR,ITA,Europe,,false,2020-09-22 13:33:16,patrick.gonzalez035@dataops.example.com
,PAY-202009-00000002239,ORD-202009-0000001778,CUST-0000146029,2020-09-23 23:24:01,Debit Card,Success,2282.73,EUR,ITA,Europe,,false,2020-09-23 23:24:01,alyssa.richards002@commerce.example.com
,PAY-202009-00000002240,ORD-202009-0000004606,CUST-0000153962,2020-09-20 21:50:51,Apple Pay,Success,3133.15,INR,IND,Asia,,false,2020-09-20 21:50:51,micheal.chen050@dataops.example.com
,PAY-202009-00000002241,ORD-202009-0000004715,CUST-0000150059,2020-09-04 10:41:35,Apple Pay,Success,3215.94,EUR,ESP,Europe,,false,2020-09-04 10:41:35,peter.martinez098@platform.example.com
,PAY-202009-00000002242,ORD-202009-0000002382,CUST-0000150211,2020-09-06 01:15:49,Apple Pay,Success,1345.48,USD,USA,North America,,false,2020-09-06 01:15:49,david.cabrera119@dataops.example.com
,PAY-202009-00000002243,ORD-202009-0000003316,CUST-0000139347,2020-09-05 16:59:53,Credit Card,Success,2441.93,EUR,ESP,Europe,,false,2020-09-05 16:59:53,michael.johnson061@platform.example.com
,PAY-202009-00000002244,ORD-202009-0000003238,CUST-0000144897,2020-09-02 06:06:48,Credit Card,Success,1324.76,JPY,JPN,Asia,,false,2020-09-02 06:06:48,micheal.chen050@dataops.example.com
,PAY-202009-00000002245,ORD-202009-0000004611,CUST-0000142026,2020-09-21 06:06:19,Bank Transfer,Success,3435.09,AED,ARE,Asia,,false,2020-09-21 06:06:19,kelsey.taylor010@platform.example.com
,PAY-202009-00000002246,ORD-202009-0000004639,CUST-0000145048,2020-09-01 17:51:17,Google Pay,Success,2491.82,AED,ARE,Asia,,false,2020-09-01 17:51:17,andrea.cummings039@platform.example.com
,PAY-202009-00000002247,ORD-202009-0000003480,CUST-0000151169,2020-09-20 16:34:38,Credit Card,Success,2421.59,BRL,BRA,South America,,false,2020-09-20 16:34:38,micheal.chen050@dataops.example.com
,PAY-202009-00000002248,ORD-202009-0000001492,CUST-0000142553,2020-09-12 20:50:19,Phonepe,Success,1879.5,AUD,AUS,Oceania,,false,2020-09-12 20:50:19,brandon.yu006@analytics.example.com
,PAY-202009-00000002249,ORD-202009-0000002577,CUST-0000134430,2020-09-29 18:11:38,Google Pay,Success,2430.36,CAD,CAN,North America,,false,2020-09-29 18:11:38,andrea.cummings039@platform.example.com
,PAY-202009-00000002250,ORD-202009-0000003865,CUST-0000153438,2020-09-13 09:13:23,Gift Card,Success,419.2,MXN,MEX,North America,,false,2020-09-13 09:13:23,lance.williams029@platform.example.com
,PAY-202009-00000002251,ORD-202009-0000002036,CUST-0000146154,2020-09-23 04:40:11,Paytm,Success,2391.84,EUR,FRA,Europe,,false,2020-09-23 04:40:11,lance.williams029@platform.example.com
,PAY-202009-00000002252,ORD-202009-0000002267,CUST-0000153689,2020-09-18 12:37:09,Credit Card,Success,1871.87,EUR,DEU,Europe,,false,2020-09-18 12:37:09,john.mullins109@commerce.example.com
,PAY-202009-00000002253,ORD-202009-0000003056,CUST-0000149424,2020-09-21 10:07:37,Apple Pay,Success,2135.41,EUR,DEU,Europe,,false,2020-09-21 10:07:37,john.mullins109@commerce.example.com
,PAY-202009-00000002254,ORD-202009-0000004739,CUST-0000139680,2020-09-01 01:45:04,PayPal,Success,1116.57,BRL,BRA,South America,,false,2020-09-01 01:45:04,susan.rice083@commerce.example.com
,PAY-202009-00000002255,ORD-202009-0000004405,CUST-0000152062,2020-09-06 14:13:22,Phonepe,Success,2721.32,USD,USA,North America,,false,2020-09-06 14:13:22,micheal.hall064@dataops.example.com
,PAY-202009-00000002256,ORD-202009-0000004812,CUST-0000141007,2020-09-07 17:37:23,Bank Transfer,Success,3209.99,EUR,NLD,Europe,,false,2020-09-07 17:37:23,maria.ashley046@analytics.example.com
,PAY-202009-00000002257,ORD-202009-0000000254,CUST-0000134906,2020-09-17 23:59:42,Credit Card,Success,2865.68,CAD,CAN,North America,,false,2020-09-17 23:59:42,jennifer.hudson020@analytics.example.com
,PAY-202009-00000002258,ORD-202009-0000005240,CUST-0000137170,2020-09-05 21:20:23,Google Pay,Success,3496.91,INR,IND,Asia,,false,2020-09-05 21:20:23,brandon.yu006@analytics.example.com
,PAY-202009-00000002259,ORD-202009-0000000299,CUST-0000151892,2020-09-28 02:36:50,Debit Card,Success,2476.07,EUR,DEU,Europe,,false,2020-09-28 02:36:50,adam.gordon030@commerce.example.com
,PAY-202009-00000002260,ORD-202009-0000005529,CUST-0000151929,2020-09-27 01:13:57,Google Pay,Success,1123.63,EUR,NLD,Europe,,false,2020-09-27 01:13:57,adam.gordon030@commerce.example.com
,PAY-202009-00000002261,ORD-202009-0000005632,CUST-0000148896,2020-09-09 04:28:58,Google Pay,Success,3424.85,MXN,MEX,North America,,false,2020-09-09 04:28:58,ashley.marks069@commerce.example.com
,PAY-202009-00000002262,ORD-202009-0000001400,CUST-0000147071,2020-09-08 21:37:37,Credit Card,Success,2194.09,EUR,ITA,Europe,,false,2020-09-08 21:37:37,timothy.cannon081@analytics.example.com
,PAY-202009-00000002263,ORD-202009-0000000817,CUST-0000147109,2020-09-07 14:19:21,Google Pay,Success,1573.06,JPY,JPN,Asia,,false,2020-09-07 14:19:21,jeffery.miller012@commerce.example.com
,PAY-202009-00000002264,ORD-202009-0000000356,CUST-0000149629,2020-09-06 09:23:15,Gift Card,Success,2728.91,EUR,DEU,Europe,,false,2020-09-06 09:23:15,alyssa.richards002@commerce.example.com
,PAY-202009-00000002265,ORD-202009-0000004470,CUST-0000149943,2020-09-12 09:00:58,Phonepe,Success,1013.39,AUD,AUS,Oceania,,false,2020-09-12 09:00:58,john.mullins109@commerce.example.com
,PAY-202009-00000002266,ORD-202009-0000002681,CUST-0000146627,2020-09-27 11:14:59,Gift Card,Success,2695.02,AED,ARE,Asia,,false,2020-09-27 11:14:59,stephen.daniels076@commerce.example.com
,PAY-202009-00000002267,ORD-202009-0000006196,CUST-0000138288,2020-09-17 03:47:24,Phonepe,Success,1373.18,SGD,SGP,Asia,,false,2020-09-17 03:47:24,david.cabrera119@dataops.example.com
,PAY-202009-00000002268,ORD-202009-0000004187,CUST-0000142788,2020-09-17 02:46:05,Buy Now Pay Later,Success,163.88,EUR,NLD,Europe,,false,2020-09-17 02:46:05,michelle.sims041@analytics.example.com
,PAY-202009-00000002269,ORD-202009-0000000395,CUST-0000138399,2020-09-07 22:45:11,Bank Transfer,Success,1707.16,SGD,SGP,Asia,,false,2020-09-07 22:45:11,timothy.cameron104@commerce.example.com
,PAY-202009-00000002270,ORD-202009-0000002243,CUST-0000152143,2020-09-15 00:26:14,Apple Pay,Failed,1376.95,INR,IND,Asia,Network timeout,false,2020-09-15 00:26:14,lance.williams029@platform.example.com
,PAY-202009-00000002271,ORD-202009-0000005737,CUST-0000142697,2020-09-04 16:20:16,PayPal,Success,2374.5,EUR,ITA,Europe,,false,2020-09-04 16:20:16,megan.cunningham013@commerce.example.com
,PAY-202009-00000002272,ORD-202009-0000000435,CUST-0000140743,2020-09-21 18:15:32,Buy Now Pay Later,Failed,2050.77,EUR,FRA,Europe,Fraud check failed,false,2020-09-21 18:15:32,john.mullins109@commerce.example.com
,PAY-202009-00000002273,ORD-202009-0000001378,CUST-0000144698,2020-09-29 15:22:33,Bank Transfer,Success,3153.04,EUR,NLD,Europe,,false,2020-09-29 15:22:33,taylor.cunningham023@commerce.example.com
,PAY-202009-00000002274,ORD-202009-0000001142,CUST-0000150380,2020-09-25 16:10:24,Phonepe,Success,1147.63,BRL,BRA,South America,,false,2020-09-25 16:10:24,ashley.marks069@commerce.example.com
,PAY-202009-00000002275,ORD-202009-0000006455,CUST-0000140696,2020-09-15 22:53:23,Phonepe,Success,2599.57,INR,IND,Asia,,false,2020-09-15 22:53:23,jeffery.miller012@commerce.example.com
,PAY-202009-00000002276,ORD-202009-0000001459,CUST-0000146429,2020-09-16 18:34:47,Google Pay,Success,713.5,SGD,SGP,Asia,,false,2020-09-16 18:34:47,taylor.cunningham023@commerce.example.com
,PAY-202009-00000002277,ORD-202009-0000004799,CUST-0000150484,2020-09-10 05:55:04,Credit Card,Success,1436.31,USD,USA,North America,,false,2020-09-10 05:55:04,maria.ashley046@analytics.example.com
,PAY-202009-00000002278,ORD-202009-0000005917,CUST-0000136121,2020-09-28 18:12:34,Paytm,Success,1981.92,EUR,ITA,Europe,,false,2020-09-28 18:12:34,alyssa.richards002@commerce.example.com
,PAY-202009-00000002279,ORD-202009-0000003129,CUST-0000140540,2020-09-03 22:44:26,Debit Card,Success,1921.83,AUD,AUS,Oceania,,false,2020-09-03 22:44:26,alyssa.richards002@commerce.example.com
,PAY-202009-00000002280,ORD-202009-0000005580,CUST-0000145452,2020-09-16 07:23:05,Phonepe,Success,2563.6,EUR,NLD,Europe,,false,2020-09-16 07:23:05,adam.gordon030@commerce.example.com
,PAY-202009-00000002281,ORD-202009-0000004646,CUST-0000142757,2020-09-01 02:21:44,Debit Card,Success,2809.98,INR,IND,Asia,,false,2020-09-01 02:21:44,jennifer.bauer068@analytics.example.com
,PAY-202009-00000002282,ORD-202009-0000001959,CUST-0000139902,2020-09-15 13:35:50,Gift Card,Success,2492.71,GBP,GBR,Europe,,false,2020-09-15 13:35:50,michael.johnson061@platform.example.com
,PAY-202009-00000002283,ORD-202009-0000000955,CUST-0000139678,2020-09-30 01:04:34,Credit Card,Success,774.05,EUR,ITA,Europe,,false,2020-09-30 01:04:34,patrick.gonzalez035@dataops.example.com
,PAY-202009-00000002284,ORD-202009-0000002896,CUST-0000144076,2020-09-28 19:04:06,Apple Pay,Success,2473.55,JPY,JPN,Asia,,false,2020-09-28 19:04:06,timothy.cannon081@analytics.example.com
,PAY-202009-00000002285,ORD-202009-0000004485,CUST-0000152338,2020-09-27 19:05:30,Google Pay,Success,1758.1,MXN,MEX,North America,,false,2020-09-27 19:05:30,stephen.daniels076@commerce.example.com
,PAY-202009-00000002286,ORD-202009-0000002375,CUST-0000150664,2020-09-12 20:27:50,Bank Transfer,Success,3287.19,AUD,AUS,Oceania,,false,2020-09-12 20:27:50,susan.rice083@commerce.example.com
,PAY-202009-00000002287,ORD-202009-0000004633,CUST-0000137617,2020-09-02 19:26:33,Debit Card,Success,1940.91,AUD,AUS,Oceania,,false,2020-09-02 19:26:33,stephen.daniels076@commerce.example.com
,PAY-202009-00000002288,ORD-202009-0000003491,CUST-0000151535,2020-09-09 07:28:17,Apple Pay,Success,1860.16,USD,USA,North America,,false,2020-09-09 07:28:17,timothy.cameron104@commerce.example.com
,PAY-202009-00000002289,ORD-202009-0000000014,CUST-0000135453,2020-09-16 06:00:06,PayPal,Success,737.6,AUD,AUS,Oceania,,false,2020-09-16 06:00:06,alyssa.richards002@commerce.example.com
,PAY-202009-00000002290,ORD-202009-0000003239,CUST-0000144017,2020-09-21 14:46:40,Debit Card,Failed,2765.47,AED,ARE,Asia,Network timeout,false,2020-09-21 14:46:40,michelle.bender024@analytics.example.com
,PAY-202009-00000002291,ORD-202009-0000000049,CUST-0000135704,2020-09-25 22:36:00,Apple Pay,Success,580.62,AED,ARE,Asia,,false,2020-09-25 22:36:00,jennifer.hudson020@analytics.example.com
,PAY-202009-00000002292,ORD-202009-0000000920,CUST-0000139114,2020-09-21 12:39:50,Credit Card,Success,1961.28,MXN,MEX,North America,,false,2020-09-21 12:39:50,stephen.clark001@analytics.example.com
,PAY-202009-00000002293,ORD-202009-0000000461,CUST-0000146645,2020-09-14 06:04:07,PayPal,Success,2775.75,EUR,FRA,Europe,,false,2020-09-14 06:04:07,lance.williams029@platform.example.com
,PAY-202009-00000002294,ORD-202009-0000004357,CUST-0000136975,2020-09-29 08:31:57,Debit Card,Success,2423.37,AUD,AUS,Oceania,,false,2020-09-29 08:31:57,alyssa.richards002@commerce.example.com
,PAY-202009-00000002295,ORD-202009-0000004977,CUST-0000148605,2020-09-21 15:01:17,Bank Transfer,Success,3104.51,EUR,ITA,Europe,,false,2020-09-21 15:01:17,brandon.yu006@analytics.example.com
,PAY-202009-00000002296,ORD-202009-0000002817,CUST-0000138735,2020-09-24 00:28:54,Gift Card,Success,235.9,MXN,MEX,North America,,false,2020-09-24 00:28:54,james.proctor094@dataops.example.com
,PAY-202009-00000002297,ORD-202009-0000003198,CUST-0000141237,2020-09-15 09:13:14,Gift Card,Success,1387.12,SGD,SGP,Asia,,false,2020-09-15 09:13:14,david.cabrera119@dataops.example.com
,PAY-202009-00000002298,ORD-202009-0000006298,CUST-0000147232,2020-09-07 01:07:24,Credit Card,Success,1729.83,JPY,JPN,Asia,,false,2020-09-07 01:07:24,james.proctor094@dataops.example.com
,PAY-202009-00000002299,ORD-202009-0000004101,CUST-0000151305,2020-09-20 21:22:58,Bank Transfer,Success,49.94,BRL,BRA,South America,,false,2020-09-20 21:22:58,ashley.marks069@commerce.example.com
,PAY-202009-00000002300,ORD-202009-0000001483,CUST-0000135928,2020-09-30 19:32:13,Google Pay,Success,31.92,GBP,GBR,Europe,,false,2020-09-30 19:32:13,brandi.carter038@dataops.example.com
,PAY-202009-00000002301,ORD-202009-0000005997,CUST-0000137248,2020-09-04 11:59:14,Debit Card,Success,1130.53,EUR,ITA,Europe,,false,2020-09-04 11:59:14,michelle.bender024@analytics.example.com
,PAY-202009-00000002302,ORD-202009-0000005813,CUST-0000143391,2020-09-25 19:29:31,Gift Card,Success,1116.62,CAD,CAN,North America,,false,2020-09-25 19:29:31,ashley.marks069@commerce.example.com
,PAY-202009-00000002303,ORD-202009-0000001674,CUST-0000140744,2020-09-17 18:04:54,Paytm,Success,2275.03,EUR,ESP,Europe,,false,2020-09-17 18:04:54,andrea.cummings039@platform.example.com
,PAY-202009-00000002304,ORD-202009-0000002180,CUST-0000140119,2020-09-25 19:43:49,Paytm,Success,1917.83,JPY,JPN,Asia,,false,2020-09-25 19:43:49,michelle.sims041@analytics.example.com
,PAY-202009-00000002305,ORD-202009-0000003424,CUST-0000146698,2020-09-04 05:39:31,Phonepe,Success,1454.66,BRL,BRA,South America,,false,2020-09-04 05:39:31,joseph.johnson049@dataops.example.com
,PAY-202009-00000002306,ORD-202009-0000005168,CUST-0000149816,2020-09-21 18:13:53,PayPal,Success,3343.8,CAD,CAN,North America,,false,2020-09-21 18:13:53,timothy.cameron104@commerce.example.com
,PAY-202009-00000002307,ORD-202009-0000006554,CUST-0000136320,2020-09-30 12:23:17,Credit Card,Success,2190.08,SGD,SGP,Asia,,false,2020-09-30 12:23:17,adam.gordon030@commerce.example.com
,PAY-202009-00000002308,ORD-202009-0000000376,CUST-0000149571,2020-09-15 18:17:50,Apple Pay,Success,1363.51,EUR,FRA,Europe,,false,2020-09-15 18:17:50,jeffery.miller012@commerce.example.com
,PAY-202009-00000002309,ORD-202009-0000004616,CUST-0000137508,2020-09-11 14:48:56,Paytm,Success,1946.28,EUR,ITA,Europe,,false,2020-09-11 14:48:56,adam.gordon030@commerce.example.com
,PAY-202009-00000002310,ORD-202009-0000002484,CUST-0000151557,2020-09-19 18:25:14,Credit Card,Failed,3046.05,EUR,NLD,Europe,Invalid CVV,false,2020-09-19 18:25:14,michelle.bender024@analytics.example.com
,PAY-202009-00000002311,ORD-202009-0000002213,CUST-0000137686,2020-09-05 04:53:41,Phonepe,Failed,1690.35,MXN,MEX,North America,Insufficient funds,false,2020-09-05 04:53:41,timothy.cannon081@analytics.example.com
,PAY-202009-00000002312,ORD-202009-0000002991,CUST-0000148098,2020-09-12 18:24:43,Buy Now Pay Later,Success,3322.47,GBP,GBR,Europe,,false,2020-09-12 18:24:43,john.mullins109@commerce.example.com
,PAY-202009-00000002313,ORD-202009-0000005342,CUST-0000138144,2020-09-08 14:02:50,PayPal,Success,3373.91,AUD,AUS,Oceania,,false,2020-09-08 14:02:50,eric.horton058@analytics.example.com
,PAY-202009-00000002314,ORD-202009-0000003759,CUST-0000152207,2020-09-27 17:14:06,Paytm,Success,1577.23,USD,USA,North America,,false,2020-09-27 17:14:06,maria.ashley046@analytics.example.com
,PAY-202009-00000002315,ORD-202009-0000005707,CUST-0000142130,2020-09-12 05:28:47,Bank Transfer,Success,20.14,EUR,DEU,Europe,,false,2020-09-12 05:28:47,peter.martinez098@platform.example.com
,PAY-202009-00000002316,ORD-202009-0000002220,CUST-0000141282,2020-09-29 12:39:56,Apple Pay,Success,1984.64,USD,USA,North America,,false,2020-09-29 12:39:56,timothy.cannon081@analytics.example.com
,PAY-202009-00000002317,ORD-202009-0000001708,CUST-0000138104,2020-09-25 15:02:39,Apple Pay,Failed,1594.01,INR,IND,Asia,Invalid CVV,false,2020-09-25 15:02:39,david.cabrera119@dataops.example.com
,PAY-202009-00000002318,ORD-202009-0000000081,CUST-0000136987,2020-09-13 08:04:15,Buy Now Pay Later,Success,274.59,USD,USA,North America,,false,2020-09-13 08:04:15,micheal.hall064@dataops.example.com
,PAY-202009-00000002319,ORD-202009-0000000303,CUST-0000135185,2020-09-20 12:58:53,Google Pay,Success,819.97,EUR,ITA,Europe,,false,2020-09-20 12:58:53,alyssa.richards002@commerce.example.com
,PAY-202009-00000002320,ORD-202009-0000000472,CUST-0000135429,2020-09-22 18:49:10,Bank Transfer,Success,1404.72,EUR,DEU,Europe,,false,2020-09-22 18:49:10,micheal.chen050@dataops.example.com
,PAY-202009-00000002321,ORD-202009-0000005947,CUST-0000152043,2020-09-17 15:03:43,Gift Card,Success,59.69,INR,IND,Asia,,false,2020-09-17 15:03:43,maria.ashley046@analytics.example.com
,PAY-202009-00000002322,ORD-202009-0000000220,CUST-0000148331,2020-09-22 05:52:21,Phonepe,Success,2699.51,EUR,NLD,Europe,,false,2020-09-22 05:52:21,stephen.daniels076@commerce.example.com
,PAY-202009-00000002323,ORD-202009-0000001300,CUST-0000141222,2020-09-23 18:08:16,Gift Card,Pending,2632.7,MXN,MEX,North America,,false,2020-09-23 18:08:16,micheal.chen050@dataops.example.com
,PAY-202009-00000002324,ORD-202009-0000004870,CUST-0000140131,2020-09-22 09:28:27,Buy Now Pay Later,Success,2407.87,EUR,ITA,Europe,,false,2020-09-22 09:28:27,lance.williams029@platform.example.com
,PAY-202009-00000002325,ORD-202009-0000006119,CUST-0000154003,2020-09-23 23:22:42,Google Pay,Pending,2236.92,MXN,MEX,North America,,false,2020-09-23 23:22:42,taylor.cunningham023@commerce.example.com
,PAY-202009-00000002326,ORD-202009-0000005721,CUST-0000142011,2020-09-09 00:58:31,Bank Transfer,Success,1895.78,EUR,ITA,Europe,,false,2020-09-09 00:58:31,adam.gordon030@commerce.example.com
,PAY-202009-00000002327,ORD-202009-0000004628,CUST-0000145827,2020-09-20 08:33:16,Google Pay,Success,690.65,EUR,ITA,Europe,,false,2020-09-20 08:33:16,adam.gordon030@commerce.example.com
,PAY-202009-00000002328,ORD-202009-0000003427,CUST-0000139863,2020-09-14 16:44:08,Phonepe,Success,1894.74,EUR,DEU,Europe,,false,2020-09-14 16:44:08,timothy.cannon081@analytics.example.com
,PAY-202009-00000002329,ORD-202009-0000000019,CUST-0000138585,2020-09-07 19:18:35,Buy Now Pay Later,Success,1874.7,EUR,ITA,Europe,,false,2020-09-07 19:18:35,timothy.cameron104@commerce.example.com
,PAY-202009-00000002330,ORD-202009-0000004171,CUST-0000139638,2020-09-16 03:44:01,Paytm,Success,1301.36,MXN,MEX,North America,,false,2020-09-16 03:44:01,jennifer.bauer068@analytics.example.com
,PAY-202009-00000002331,ORD-202009-0000001219,CUST-0000153418,2020-09-20 11:09:29,Phonepe,Success,1341.24,AUD,AUS,Oceania,,false,2020-09-20 11:09:29,joseph.johnson049@dataops.example.com
,PAY-202009-00000002332,ORD-202009-0000000975,CUST-0000140516,2020-09-13 11:44:06,Apple Pay,Success,1402.04,AUD,AUS,Oceania,,false,2020-09-13 11:44:06,michelle.sims041@analytics.example.com
,PAY-202009-00000002333,ORD-202009-0000003915,CUST-0000149726,2020-09-02 18:38:35,Google Pay,Success,1677.45,JPY,JPN,Asia,,false,2020-09-02 18:38:35,peter.martinez098@platform.example.com
,PAY-202009-00000002334,ORD-202009-0000003194,CUST-0000146821,2020-09-07 13:47:04,Bank Transfer,Success,15.36,JPY,JPN,Asia,,false,2020-09-07 13:47:04,michael.berger060@platform.example.com
,PAY-202009-00000002335,ORD-202009-0000006297,CUST-0000145521,2020-09-08 08:12:51,Buy Now Pay Later,Success,3297.87,EUR,NLD,Europe,,false,2020-09-08 08:12:51,patrick.gonzalez035@dataops.example.com
,PAY-202009-00000002336,ORD-202009-0000001431,CUST-0000152950,2020-09-19 01:38:14,Apple Pay,Success,370.8,JPY,JPN,Asia,,false,2020-09-19 01:38:14,michelle.bender024@analytics.example.com
,PAY-202009-00000002337,ORD-202009-0000002491,CUST-0000136064,2020-09-16 08:55:01,Paytm,Success,1612.03,EUR,FRA,Europe,,false,2020-09-16 08:55:01,micheal.hall064@dataops.example.com
,PAY-202009-00000002338,ORD-202009-0000001610,CUST-0000140337,2020-09-25 05:00:11,Bank Transfer,Success,3071.3,JPY,JPN,Asia,,false,2020-09-25 05:00:11,kelsey.taylor010@platform.example.com
,PAY-202009-00000002339,ORD-202009-0000001735,CUST-0000150535,2020-09-19 18:28:31,Credit Card,Success,658.33,EUR,ITA,Europe,,false,2020-09-19 18:28:31,michelle.bender024@analytics.example.com
,PAY-202009-00000002340,ORD-202009-0000002552,CUST-0000152489,2020-09-04 19:19:47,Google Pay,Success,405.67,SGD,SGP,Asia,,false,2020-09-04 19:19:47,kelsey.taylor010@platform.example.com
,PAY-202009-00000002341,ORD-202009-0000006451,CUST-0000149818,2020-09-02 16:59:36,Gift Card,Success,2658.88,GBP,GBR,Europe,,false,2020-09-02 16:59:36,david.cabrera119@dataops.example.com
,PAY-202009-00000002342,ORD-202009-0000000832,CUST-0000137046,2020-09-06 12:56:44,PayPal,Success,2559.18,CAD,CAN,North America,,false,2020-09-06 12:56:44,james.proctor094@dataops.example.com
,PAY-202009-00000002343,ORD-202009-0000005030,CUST-0000135428,2020-09-18 04:46:24,Apple Pay,Success,595.55,EUR,DEU,Europe,,false,2020-09-18 04:46:24,michael.berger060@platform.example.com
,PAY-202009-00000002344,ORD-202009-0000002529,CUST-0000147479,2020-09-12 14:48:24,Google Pay,Success,3447.13,AUD,AUS,Oceania,,false,2020-09-12 14:48:24,taylor.cunningham023@commerce.example.com
,PAY-202009-00000002345,ORD-202009-0000003727,CUST-0000149403,2020-09-25 00:07:15,PayPal,Success,321.1,MXN,MEX,North America,,false,2020-09-25 00:07:15,alyssa.richards002@commerce.example.com
,PAY-202009-00000002346,ORD-202009-0000005854,CUST-0000143786,2020-09-29 10:24:04,Credit Card,Success,2093.84,SGD,SGP,Asia,,false,2020-09-29 10:24:04,brandon.yu006@analytics.example.com
,PAY-202009-00000002347,ORD-202009-0000001112,CUST-0000144036,2020-09-14 13:57:44,Bank Transfer,Success,2626.01,EUR,ITA,Europe,,false,2020-09-14 13:57:44,susan.rice083@commerce.example.com
,PAY-202009-00000002348,ORD-202009-0000004187,CUST-0000138742,2020-09-01 18:31:43,Debit Card,Success,2612.3,EUR,DEU,Europe,,false,2020-09-01 18:31:43,michael.berger060@platform.example.com
,PAY-202009-00000002349,ORD-202009-0000005275,CUST-0000142857,2020-09-28 14:05:00,Paytm,Success,2446.42,EUR,FRA,Europe,,false,2020-09-28 14:05:00,michelle.bender024@analytics.example.com
,PAY-202009-00000002350,ORD-202009-0000001750,CUST-0000152588,2020-09-08 08:44:19,Paytm,Success,651.82,MXN,MEX,North America,,false,2020-09-08 08:44:19,timothy.cannon081@analytics.example.com
,PAY-202009-00000002351,ORD-202009-0000006093,CUST-0000138065,2020-09-11 07:05:42,Phonepe,Success,2513.84,EUR,NLD,Europe,,false,2020-09-11 07:05:42,eric.mullen052@dataops.example.com
,PAY-202009-00000002352,ORD-202009-0000004953,CUST-0000138976,2020-09-24 16:26:54,PayPal,Success,2818.05,EUR,DEU,Europe,,false,2020-09-24 16:26:54,michael.berger060@platform.example.com
,PAY-202009-00000002353,ORD-202009-0000000892,CUST-0000153570,2020-09-24 00:52:45,Credit Card,Success,2335.98,AED,ARE,Asia,,false,2020-09-24 00:52:45,victor.palmer071@platform.example.com
,PAY-202009-00000002354,ORD-202009-0000002140,CUST-0000151116,2020-09-18 01:26:03,Apple Pay,Success,1737.83,EUR,NLD,Europe,,false,2020-09-18 01:26:03,kelsey.taylor010@platform.example.com
,PAY-202009-00000002355,ORD-202009-0000000630,CUST-0000153602,2020-09-16 17:36:42,Debit Card,Success,859.14,USD,USA,North America,,false,2020-09-16 17:36:42,micheal.hall064@dataops.example.com
,PAY-202009-00000002356,ORD-202009-0000000812,CUST-0000136652,2020-09-19 07:39:09,Google Pay,Success,140.89,EUR,DEU,Europe,,false,2020-09-19 07:39:09,jennifer.bauer068@analytics.example.com
,PAY-202009-00000002357,ORD-202009-0000004079,CUST-0000151280,2020-09-05 18:27:03,Buy Now Pay Later,Success,2661.74,CAD,CAN,North America,,false,2020-09-05 18:27:03,maria.ashley046@analytics.example.com
,PAY-202009-00000002358,ORD-202009-0000000789,CUST-0000145205,2020-09-30 22:09:58,Debit Card,Success,831.54,AED,ARE,Asia,,false,2020-09-30 22:09:58,ashley.marks069@commerce.example.com
,PAY-202009-00000002359,ORD-202009-0000004497,CUST-0000135976,2020-09-02 12:23:43,Buy Now Pay Later,Success,1263.06,USD,USA,North America,,false,2020-09-02 12:23:43,taylor.cunningham023@commerce.example.com
,PAY-202009-00000002360,ORD-202009-0000005455,CUST-0000137836,2020-09-25 18:51:48,Phonepe,Success,777.43,INR,IND,Asia,,false,2020-09-25 18:51:48,david.cabrera119@dataops.example.com
,PAY-202009-00000002361,ORD-202009-0000001088,CUST-0000142204,2020-09-06 02:35:44,Gift Card,Success,367.0,AED,ARE,Asia,,false,2020-09-06 02:35:44,megan.cunningham013@commerce.example.com
,PAY-202009-00000002362,ORD-202009-0000003706,CUST-0000142267,2020-09-12 04:20:01,Apple Pay,Success,2525.48,EUR,ITA,Europe,,false,2020-09-12 04:20:01,brandon.yu006@analytics.example.com
,PAY-202009-00000002363,ORD-202009-0000006158,CUST-0000151059,2020-09-04 17:05:01,Phonepe,Success,93.84,MXN,MEX,North America,,false,2020-09-04 17:05:01,jennifer.bauer068@analytics.example.com
,PAY-202009-00000002364,ORD-202009-0000004624,CUST-0000141546,2020-09-02 11:20:45,Paytm,Success,1643.31,MXN,MEX,North America,,false,2020-09-02 11:20:45,victor.palmer071@platform.example.com
,PAY-202009-00000002365,ORD-202009-0000003011,CUST-0000149175,2020-09-03 15:48:18,Apple Pay,Failed,1305.19,EUR,ESP,Europe,Insufficient funds,false,2020-09-03 15:48:18,peter.martinez098@platform.example.com
,PAY-202009-00000002366,ORD-202009-0000005064,CUST-0000136716,2020-09-17 17:48:31,Buy Now Pay Later,Success,2429.41,SGD,SGP,Asia,,false,2020-09-17 17:48:31,alyssa.richards002@commerce.example.com
,PAY-202009-00000002367,ORD-202009-0000005872,CUST-0000150481,2020-09-30 13:33:59,Google Pay,Success,2093.44,MXN,MEX,North America,,false,2020-09-30 13:33:59,david.cabrera119@dataops.example.com
,PAY-202009-00000002368,ORD-202009-0000000827,CUST-0000137695,2020-09-08 15:02:13,PayPal,Success,660.4,BRL,BRA,South America,,false,2020-09-08 15:02:13,brandi.carter038@dataops.example.com
,PAY-202009-00000002369,ORD-202009-0000004807,CUST-0000140243,2020-09-09 19:59:41,Credit Card,Success,1800.94,EUR,ITA,Europe,,false,2020-09-09 19:59:41,adam.gordon030@commerce.example.com
,PAY-202009-00000002370,ORD-202009-0000000107,CUST-0000135441,2020-09-04 17:10:30,PayPal,Success,278.95,AED,ARE,Asia,,false,2020-09-04 17:10:30,megan.cunningham013@commerce.example.com
,PAY-202009-00000002371,ORD-202009-0000000356,CUST-0000135923,2020-09-26 08:51:48,Apple Pay,Success,853.44,AUD,AUS,Oceania,,false,2020-09-26 08:51:48,eric.horton058@analytics.example.com
,PAY-202009-00000002372,ORD-202009-0000004769,CUST-0000136609,2020-09-15 03:56:14,Paytm,Success,1848.21,AUD,AUS,Oceania,,false,2020-09-15 03:56:14,andrea.cummings039@platform.example.com
,PAY-202009-00000002373,ORD-202009-0000006146,CUST-0000136403,2020-09-03 14:16:33,Buy Now Pay Later,Success,1652.74,AED,ARE,Asia,,false,2020-09-03 14:16:33,james.proctor094@dataops.example.com
,PAY-202009-00000002374,ORD-202009-0000002659,CUST-0000143025,2020-09-09 02:11:12,PayPal,Success,1853.82,EUR,ESP,Europe,,false,2020-09-09 02:11:12,kelsey.taylor010@platform.example.com
,PAY-202009-00000002375,ORD-202009-0000004788,CUST-0000139762,2020-09-14 11:30:35,Google Pay,Success,3096.7,SGD,SGP,Asia,,false,2020-09-14 11:30:35,alyssa.richards002@commerce.example.com
,PAY-202009-00000002376,ORD-202009-0000004723,CUST-0000135382,2020-09-29 03:44:31,Gift Card,Success,1315.76,EUR,ESP,Europe,,false,2020-09-29 03:44:31,ashley.marks069@commerce.example.com
,PAY-202009-00000002377,ORD-202009-0000002108,CUST-0000136210,2020-09-10 14:20:56,Apple Pay,Success,870.42,USD,USA,North America,,false,2020-09-10 14:20:56,tina.williams074@commerce.example.com
,PAY-202009-00000002378,ORD-202009-0000005066,CUST-0000135675,2020-09-30 04:14:39,Phonepe,Success,2718.0,GBP,GBR,Europe,,false,2020-09-30 04:14:39,eric.mullen052@dataops.example.com
,PAY-202009-00000002379,ORD-202009-0000000221,CUST-0000154062,2020-09-06 15:16:16,PayPal,Success,2812.93,EUR,NLD,Europe,,false,2020-09-06 15:16:16,ryan.steele043@commerce.example.com
,PAY-202009-00000002380,ORD-202009-0000005883,CUST-0000141638,2020-09-26 05:14:17,Bank Transfer,Pending,2055.69,AED,ARE,Asia,,false,2020-09-26 05:14:17,lance.williams029@platform.example.com
,PAY-202009-00000002381,ORD-202009-0000004421,CUST-0000135537,2020-09-23 17:21:23,Paytm,Pending,2266.67,SGD,SGP,Asia,,false,2020-09-23 17:21:23,timothy.cannon081@analytics.example.com
,PAY-202009-00000002382,ORD-202009-0000001709,CUST-0000142096,2020-09-11 19:11:37,Apple Pay,Failed,2708.48,AED,ARE,Asia,Insufficient funds,false,2020-09-11 19:11:37,eric.mullen052@dataops.example.com
,PAY-202009-00000002383,ORD-202009-0000004322,CUST-0000141444,2020-09-28 04:55:54,Buy Now Pay Later,Success,2221.06,AUD,AUS,Oceania,,false,2020-09-28 04:55:54,ryan.steele043@commerce.example.com
,PAY-202009-00000002384,ORD-202009-0000006262,CUST-0000142182,2020-09-16 15:06:59,Gift Card,Success,2270.83,USD,USA,North America,,false,2020-09-16 15:06:59,jennifer.bauer068@analytics.example.com
,PAY-202009-00000002385,ORD-202009-0000001576,CUST-0000141606,2020-09-08 18:18:22,Buy Now Pay Later,Success,1510.91,USD,USA,North America,,false,2020-09-08 18:18:22,micheal.hall064@dataops.example.com
,PAY-202009-00000002386,ORD-202009-0000000114,CUST-0000146625,2020-09-21 00:38:57,Paytm,Success,740.61,GBP,GBR,Europe,,false,2020-09-21 00:38:57,eric.horton058@analytics.example.com
,PAY-202009-00000002387,ORD-202009-0000004640,CUST-0000148169,2020-09-24 16:45:15,Buy Now Pay Later,Success,661.37,EUR,NLD,Europe,,false,2020-09-24 16:45:15,andrea.cummings039@platform.example.com
,PAY-202009-00000002388,ORD-202009-0000002337,CUST-0000144637,2020-09-08 23:15:48,Apple Pay,Success,2458.45,EUR,FRA,Europe,,false,2020-09-08 23:15:48,stephen.daniels076@commerce.example.com
,PAY-202009-00000002389,ORD-202009-0000003451,CUST-0000146794,2020-09-12 03:33:27,Credit Card,Success,2524.38,EUR,FRA,Europe,,false,2020-09-12 03:33:27,michelle.sims041@analytics.example.com
,PAY-202009-00000002390,ORD-202009-0000003310,CUST-0000148203,2020-09-23 10:28:09,Bank Transfer,Success,1844.78,AED,ARE,Asia,,false,2020-09-23 10:28:09,megan.cunningham013@commerce.example.com
,PAY-202009-00000002391,ORD-202009-0000000519,CUST-0000134832,2020-09-06 17:33:11,Phonepe,Success,583.27,AUD,AUS,Oceania,,false,2020-09-06 17:33:11,eric.mullen052@dataops.example.com
,PAY-202009-00000002392,ORD-202009-0000000735,CUST-0000145384,2020-09-04 11:08:45,Debit Card,Success,1846.09,USD,USA,North America,,false,2020-09-04 11:08:45,timothy.cameron104@commerce.example.com
,PAY-202009-00000002393,ORD-202009-0000000814,CUST-0000147725,2020-09-19 10:27:54,Credit Card,Success,2196.94,EUR,ESP,Europe,,false,2020-09-19 10:27:54,ashley.marks069@commerce.example.com
,PAY-202009-00000002394,ORD-202009-0000004079,CUST-0000153055,2020-09-27 06:32:09,Gift Card,Success,873.67,EUR,FRA,Europe,,false,2020-09-27 06:32:09,michael.berger060@platform.example.com
,PAY-202009-00000002395,ORD-202009-0000003695,CUST-0000146006,2020-09-02 07:04:43,Debit Card,Success,392.68,EUR,ITA,Europe,,false,2020-09-02 07:04:43,brandi.carter038@dataops.example.com
,PAY-202009-00000002396,ORD-202009-0000001844,CUST-0000134987,2020-09-13 14:26:47,Apple Pay,Success,2289.34,EUR,ITA,Europe,,false,2020-09-13 14:26:47,victor.palmer071@platform.example.com
,PAY-202009-00000002397,ORD-202009-0000003132,CUST-0000141360,2020-09-15 00:50:19,Phonepe,Success,606.09,GBP,GBR,Europe,,false,2020-09-15 00:50:19,michael.berger060@platform.example.com
,PAY-202009-00000002398,ORD-202009-0000005864,CUST-0000143131,2020-09-15 04:03:58,PayPal,Success,2631.85,EUR,ESP,Europe,,false,2020-09-15 04:03:58,megan.cunningham013@commerce.example.com
,PAY-202009-00000002399,ORD-202009-0000000610,CUST-0000146973,2020-09-23 14:57:06,PayPal,Success,2628.6,INR,IND,Asia,,false,2020-09-23 14:57:06,michelle.bender024@analytics.example.com
,PAY-202009-00000002400,ORD-202009-0000003719,CUST-0000149249,2020-09-28 12:02:12,Paytm,Success,2384.29,EUR,NLD,Europe,,false,2020-09-28 12:02:12,micheal.hall064@dataops.example.com
,PAY-202009-00000002401,ORD-202009-0000001884,CUST-0000138197,2020-09-19 20:52:23,Credit Card,Success,1549.87,MXN,MEX,North America,,false,2020-09-19 20:52:23,stephen.clark001@analytics.example.com
,PAY-202009-00000002402,ORD-202009-0000002528,CUST-0000137612,2020-09-09 22:40:29,Credit Card,Success,2544.66,EUR,DEU,Europe,,false,2020-09-09 22:40:29,stephen.clark001@analytics.example.com
,PAY-202009-00000002403,ORD-202009-0000003172,CUST-0000142110,2020-09-06 12:13:00,Credit Card,Success,1056.73,AUD,AUS,Oceania,,false,2020-09-06 12:13:00,maria.ashley046@analytics.example.com
,PAY-202009-00000002404,ORD-202009-0000005329,CUST-0000151805,2020-09-09 17:31:38,Buy Now Pay Later,Success,3330.72,USD,USA,North America,,false,2020-09-09 17:31:38,timothy.cameron104@commerce.example.com
,PAY-202009-00000002405,ORD-202009-0000006096,CUST-0000143897,2020-09-08 03:39:24,Buy Now Pay Later,Success,3316.48,AED,ARE,Asia,,false,2020-09-08 03:39:24,michelle.sims041@analytics.example.com
,PAY-202009-00000002406,ORD-202009-0000005197,CUST-0000143355,2020-09-18 14:26:40,Buy Now Pay Later,Success,532.7,INR,IND,Asia,,false,2020-09-18 14:26:40,brandon.yu006@analytics.example.com
,PAY-202009-00000002407,ORD-202009-0000006372,CUST-0000145324,2020-09-26 11:06:11,Debit Card,Success,2933.19,JPY,JPN,Asia,,false,2020-09-26 11:06:11,michael.johnson061@platform.example.com
,PAY-202009-00000002408,ORD-202009-0000001435,CUST-0000147794,2020-09-08 16:50:35,Phonepe,Success,2265.87,INR,IND,Asia,,false,2020-09-08 16:50:35,alyssa.richards002@commerce.example.com
,PAY-202009-00000002409,ORD-202009-0000001547,CUST-0000148571,2020-09-28 06:10:56,Bank Transfer,Success,1860.32,EUR,ITA,Europe,,false,2020-09-28 06:10:56,michael.johnson061@platform.example.com
,PAY-202009-00000002410,ORD-202009-0000000106,CUST-0000136778,2020-09-08 05:25:40,Bank Transfer,Success,2005.82,MXN,MEX,North America,,false,2020-09-08 05:25:40,kelsey.taylor010@platform.example.com
,PAY-202009-00000002411,ORD-202009-0000003577,CUST-0000136141,2020-09-24 08:11:48,Gift Card,Success,261.64,MXN,MEX,North America,,false,2020-09-24 08:11:48,alyssa.richards002@commerce.example.com
,PAY-202009-00000002412,ORD-202009-0000000979,CUST-0000139942,2020-09-23 03:21:02,Buy Now Pay Later,Success,1651.01,AUD,AUS,Oceania,,false,2020-09-23 03:21:02,stephen.clark001@analytics.example.com
,PAY-202009-00000002413,ORD-202009-0000004342,CUST-0000146848,2020-09-29 00:22:01,Credit Card,Success,365.68,EUR,FRA,Europe,,false,2020-09-29 00:22:01,michelle.sims041@analytics.example.com
,PAY-202009-00000002414,ORD-202009-0000003157,CUST-0000139206,2020-09-05 15:07:22,Gift Card,Success,3414.02,SGD,SGP,Asia,,false,2020-09-05 15:07:22,micheal.hall064@dataops.example.com
,PAY-202009-00000002415,ORD-202009-0000004590,CUST-0000148337,2020-09-16 20:24:57,Google Pay,Success,742.58,CAD,CAN,North America,,false,2020-09-16 20:24:57,michelle.sims041@analytics.example.com
,PAY-202009-00000002416,ORD-202009-0000000824,CUST-0000151228,2020-09-26 01:10:29,Buy Now Pay Later,Success,2635.9,EUR,NLD,Europe,,false,2020-09-26 01:10:29,timothy.cameron104@commerce.example.com
,PAY-202009-00000002417,ORD-202009-0000002770,CUST-0000140937,2020-09-12 05:52:13,Gift Card,Success,2584.09,BRL,BRA,South America,,false,2020-09-12 05:52:13,joseph.johnson049@dataops.example.com
,PAY-202009-00000002418,ORD-202009-0000004763,CUST-0000136964,2020-09-09 12:32:52,Apple Pay,Success,2737.14,EUR,NLD,Europe,,false,2020-09-09 12:32:52,micheal.hall064@dataops.example.com
,PAY-202009-00000002419,ORD-202009-0000001654,CUST-0000149045,2020-09-19 18:49:12,Phonepe,Failed,1105.95,EUR,FRA,Europe,Fraud check failed,false,2020-09-19 18:49:12,michelle.sims041@analytics.example.com
,PAY-202009-00000002420,ORD-202009-0000001229,CUST-0000141776,2020-09-07 14:02:10,Debit Card,Success,2843.19,EUR,NLD,Europe,,false,2020-09-07 14:02:10,susan.rice083@commerce.example.com
,PAY-202009-00000002421,ORD-202009-0000004435,CUST-0000136524,2020-09-06 20:00:07,Phonepe,Success,1006.71,CAD,CAN,North America,,false,2020-09-06 20:00:07,taylor.cunningham023@commerce.example.com
,PAY-202009-00000002422,ORD-202009-0000000299,CUST-0000152434,2020-09-10 05:36:18,Apple Pay,Success,2436.23,INR,IND,Asia,,false,2020-09-10 05:36:18,micheal.hall064@dataops.example.com
,PAY-202009-00000002423,ORD-202009-0000005721,CUST-0000142441,2020-09-10 13:32:55,Phonepe,Success,1481.22,EUR,NLD,Europe,,false,2020-09-10 13:32:55,victor.palmer071@platform.example.com
,PAY-202009-00000002424,ORD-202009-0000002438,CUST-0000153636,2020-09-28 09:49:14,Phonepe,Success,3435.37,EUR,NLD,Europe,,false,2020-09-28 09:49:14,david.cabrera119@dataops.example.com
,PAY-202009-00000002425,ORD-202009-0000005094,CUST-0000147655,2020-09-24 23:45:03,Debit Card,Success,1598.42,EUR,DEU,Europe,,false,2020-09-24 23:45:03,ryan.steele043@commerce.example.com
,PAY-202009-00000002426,ORD-202009-0000006042,CUST-0000141617,2020-09-13 03:04:28,Credit Card,Success,2460.7,GBP,GBR,Europe,,false,2020-09-13 03:04:28,stephen.daniels076@commerce.example.com
,PAY-202009-00000002427,ORD-202009-0000002003,CUST-0000146351,2020-09-02 14:15:20,Paytm,Success,1479.18,GBP,GBR,Europe,,false,2020-09-02 14:15:20,eric.horton058@analytics.example.com
,PAY-202009-00000002428,ORD-202009-0000005303,CUST-0000137932,2020-09-10 00:55:15,PayPal,Success,906.77,AUD,AUS,Oceania,,false,2020-09-10 00:55:15,brandon.yu006@analytics.example.com
,PAY-202009-00000002429,ORD-202009-0000006193,CUST-0000147232,2020-09-21 00:51:23,Phonepe,Success,410.47,EUR,FRA,Europe,,false,2020-09-21 00:51:23,stephen.daniels076@commerce.example.com
,PAY-202009-00000002430,ORD-202009-0000000758,CUST-0000136908,2020-09-20 10:00:53,Debit Card,Success,1945.7,EUR,ESP,Europe,,false,2020-09-20 10:00:53,taylor.cunningham023@commerce.example.com
,PAY-202009-00000002431,ORD-202009-0000000671,CUST-0000139914,2020-09-16 17:27:34,Paytm,Success,1393.37,EUR,DEU,Europe,,false,2020-09-16 17:27:34,micheal.chen050@dataops.example.com
,PAY-202009-00000002432,ORD-202009-0000000874,CUST-0000150125,2020-09-05 00:00:06,Google Pay,Success,1140.03,GBP,GBR,Europe,,false,2020-09-05 00:00:06,ryan.steele043@commerce.example.com
,PAY-202009-00000002433,ORD-202009-0000005651,CUST-0000142061,2020-09-27 16:27:53,Apple Pay,Success,1028.1,EUR,DEU,Europe,,false,2020-09-27 16:27:53,ryan.steele043@commerce.example.com
,PAY-202009-00000002434,ORD-202009-0000003354,CUST-0000152705,2020-09-13 19:38:34,PayPal,Success,1165.91,SGD,SGP,Asia,,false,2020-09-13 19:38:34,michael.johnson061@platform.example.com
,PAY-202009-00000002435,ORD-202009-0000006177,CUST-0000135072,2020-09-30 15:58:53,Buy Now Pay Later,Success,2581.54,BRL,BRA,South America,,false,2020-09-30 15:58:53,michelle.bender024@analytics.example.com
,PAY-202009-00000002436,ORD-202009-0000004131,CUST-0000142355,2020-09-08 19:51:27,Credit Card,Success,2985.41,JPY,JPN,Asia,,false,2020-09-08 19:51:27,taylor.cunningham023@commerce.example.com
,PAY-202009-00000002437,ORD-202009-0000005624,CUST-0000147263,2020-09-24 05:57:35,Buy Now Pay Later,Success,737.78,CAD,CAN,North America,,false,2020-09-24 05:57:35,adam.gordon030@commerce.example.com
,PAY-202009-00000002438,ORD-202009-0000006270,CUST-0000139153,2020-09-01 18:37:26,PayPal,Success,254.13,EUR,FRA,Europe,,false,2020-09-01 18:37:26,jennifer.bauer068@analytics.example.com
,PAY-202009-00000002439,ORD-202009-0000003498,CUST-0000135836,2020-09-25 12:19:41,Gift Card,Success,3190.46,EUR,ITA,Europe,,false,2020-09-25 12:19:41,brandon.yu006@analytics.example.com
,PAY-202009-00000002440,ORD-202009-0000003054,CUST-0000134595,2020-09-03 19:19:35,Apple Pay,Success,2490.04,EUR,ESP,Europe,,false,2020-09-03 19:19:35,micheal.hall064@dataops.example.com
,PAY-202009-00000002441,ORD-202009-0000005077,CUST-0000141874,2020-09-04 05:55:49,Bank Transfer,Success,1170.1,MXN,MEX,North America,,false,2020-09-04 05:55:49,brandi.carter038@dataops.example.com
,PAY-202009-00000002442,ORD-202009-0000004645,CUST-0000142865,2020-09-12 04:29:08,Phonepe,Success,977.12,CAD,CAN,North America,,false,2020-09-12 04:29:08,ashley.marks069@commerce.example.com
,PAY-202009-00000002443,ORD-202009-0000006556,CUST-0000135373,2020-09-02 21:50:17,Gift Card,Success,776.5,EUR,FRA,Europe,,false,2020-09-02 21:50:17,ryan.steele043@commerce.example.com
,PAY-202009-00000002444,ORD-202009-0000002288,CUST-0000147768,2020-09-04 15:48:31,Bank Transfer,Success,1879.1,SGD,SGP,Asia,,false,2020-09-04 15:48:31,brandi.carter038@dataops.example.com
,PAY-202009-00000002445,ORD-202009-0000005880,CUST-0000136906,2020-09-09 02:34:17,Phonepe,Success,646.7,EUR,NLD,Europe,,false,2020-09-09 02:34:17,alyssa.richards002@commerce.example.com
,PAY-202009-00000002446,ORD-202009-0000002472,CUST-0000146337,2020-09-29 22:24:22,Bank Transfer,Success,866.93,EUR,NLD,Europe,,false,2020-09-29 22:24:22,michelle.sims041@analytics.example.com
,PAY-202009-00000002447,ORD-202009-0000006451,CUST-0000139905,2020-09-18 04:18:44,Apple Pay,Success,2795.13,MXN,MEX,North America,,false,2020-09-18 04:18:44,jennifer.bauer068@analytics.example.com
,PAY-202009-00000002448,ORD-202009-0000003161,CUST-0000135372,2020-09-14 17:01:40,Gift Card,Success,585.73,AED,ARE,Asia,,false,2020-09-14 17:01:40,michelle.sims041@analytics.example.com
,PAY-202009-00000002449,ORD-202009-0000003996,CUST-0000153708,2020-09-25 03:29:33,Credit Card,Success,186.02,BRL,BRA,South America,,false,2020-09-25 03:29:33,maria.ashley046@analytics.example.com
,PAY-202009-00000002450,ORD-202009-0000005830,CUST-0000152579,2020-09-30 18:32:03,Bank Transfer,Success,1155.49,MXN,MEX,North America,,false,2020-09-30 18:32:03,adam.gordon030@commerce.example.com
,PAY-202009-00000002451,ORD-202009-0000003932,CUST-0000148252,2020-09-29 16:53:07,PayPal,Success,1869.1,BRL,BRA,South America,,false,2020-09-29 16:53:07,michael.berger060@platform.example.com
,PAY-202009-00000002452,ORD-202009-0000003176,CUST-0000143747,2020-09-26 09:38:48,Buy Now Pay Later,Success,1238.63,EUR,ITA,Europe,,false,2020-09-26 09:38:48,taylor.cunningham023@commerce.example.com
,PAY-202009-00000002453,ORD-202009-0000004775,CUST-0000142976,2020-09-22 03:25:29,Gift Card,Success,1675.54,AUD,AUS,Oceania,,false,2020-09-22 03:25:29,micheal.chen050@dataops.example.com
,PAY-202009-00000002454,ORD-202009-0000000007,CUST-0000153647,2020-09-28 14:34:25,Google Pay,Success,2186.71,INR,IND,Asia,,false,2020-09-28 14:34:25,david.cabrera119@dataops.example.com
,PAY-202009-00000002455,ORD-202009-0000004709,CUST-0000148559,2020-09-21 00:12:41,Buy Now Pay Later,Success,685.48,BRL,BRA,South America,,false,2020-09-21 00:12:41,taylor.cunningham023@commerce.example.com
,PAY-202009-00000002456,ORD-202009-0000005951,CUST-0000139765,2020-09-30 02:25:13,Bank Transfer,Success,1901.39,EUR,ESP,Europe,,false,2020-09-30 02:25:13,jennifer.hudson020@analytics.example.com
,PAY-202009-00000002457,ORD-202009-0000003448,CUST-0000144138,2020-09-14 08:01:21,Gift Card,Success,1121.86,CAD,CAN,North America,,false,2020-09-14 08:01:21,victor.palmer071@platform.example.com
,PAY-202009-00000002458,ORD-202009-0000003593,CUST-0000153571,2020-09-20 19:33:23,Paytm,Refunded,3224.82,INR,IND,Asia,,true,2020-09-20 19:33:23,brandi.carter038@dataops.example.com
,PAY-202009-00000002459,ORD-202009-0000001630,CUST-0000149837,2020-09-05 10:23:30,Debit Card,Success,2051.32,EUR,NLD,Europe,,false,2020-09-05 10:23:30,maria.ashley046@analytics.example.com
,PAY-202009-00000002460,ORD-202009-0000004349,CUST-0000134937,2020-09-07 08:47:11,Bank Transfer,Success,1890.41,GBP,GBR,Europe,,false,2020-09-07 08:47:11,victor.palmer071@platform.example.com
,PAY-202009-00000002461,ORD-202009-0000003720,CUST-0000140958,2020-09-13 14:30:09,Credit Card,Success,137.54,JPY,JPN,Asia,,false,2020-09-13 14:30:09,michael.johnson061@platform.example.com
,PAY-202009-00000002462,ORD-202009-0000002881,CUST-0000148664,2020-09-01 11:45:59,Phonepe,Success,2104.44,GBP,GBR,Europe,,false,2020-09-01 11:45:59,victor.palmer071@platform.example.com
,PAY-202009-00000002463,ORD-202009-0000002900,CUST-0000150603,2020-09-15 00:06:17,Apple Pay,Success,1820.56,JPY,JPN,Asia,,false,2020-09-15 00:06:17,eric.mullen052@dataops.example.com
,PAY-202009-00000002464,ORD-202009-0000002391,CUST-0000152669,2020-09-20 03:30:28,Debit Card,Success,1781.19,BRL,BRA,South America,,false,2020-09-20 03:30:28,stephen.clark001@analytics.example.com
,PAY-202009-00000002465,ORD-202009-0000000947,CUST-0000152683,2020-09-28 16:47:30,Apple Pay,Success,524.54,USD,USA,North America,,false,2020-09-28 16:47:30,eric.mullen052@dataops.example.com
,PAY-202009-00000002466,ORD-202009-0000004723,CUST-0000145491,2020-09-05 11:15:51,Bank Transfer,Success,1541.28,AUD,AUS,Oceania,,false,2020-09-05 11:15:51,jeffery.miller012@commerce.example.com
,PAY-202009-00000002467,ORD-202009-0000003427,CUST-0000139509,2020-09-13 09:06:03,Gift Card,Success,632.34,EUR,DEU,Europe,,false,2020-09-13 09:06:03,lance.williams029@platform.example.com
,PAY-202009-00000002468,ORD-202009-0000003948,CUST-0000135931,2020-09-11 20:12:58,Credit Card,Success,1295.84,MXN,MEX,North America,,false,2020-09-11 20:12:58,lance.williams029@platform.example.com
,PAY-202009-00000002469,ORD-202009-0000006411,CUST-0000136420,2020-09-19 03:01:05,Google Pay,Success,919.59,EUR,FRA,Europe,,false,2020-09-19 03:01:05,adam.gordon030@commerce.example.com
,PAY-202009-00000002470,ORD-202009-0000001911,CUST-0000145799,2020-09-29 07:58:21,Debit Card,Pending,1176.18,INR,IND,Asia,,false,2020-09-29 07:58:21,michelle.sims041@analytics.example.com
,PAY-202009-00000002471,ORD-202009-0000004402,CUST-0000152924,2020-09-03 13:19:03,Debit Card,Success,30.82,SGD,SGP,Asia,,false,2020-09-03 13:19:03,megan.cunningham013@commerce.example.com
,PAY-202009-00000002472,ORD-202009-0000003549,CUST-0000146594,2020-09-10 05:10:26,Gift Card,Success,455.06,CAD,CAN,North America,,false,2020-09-10 05:10:26,kelsey.taylor010@platform.example.com
,PAY-202009-00000002473,ORD-202009-0000000081,CUST-0000152969,2020-09-21 06:20:41,Credit Card,Failed,2499.22,JPY,JPN,Asia,Fraud check failed,false,2020-09-21 06:20:41,brandon.yu006@analytics.example.com
,PAY-202009-00000002474,ORD-202009-0000000451,CUST-0000140411,2020-09-24 21:08:25,Gift Card,Success,465.06,MXN,MEX,North America,,false,2020-09-24 21:08:25,ashley.marks069@commerce.example.com
,PAY-202009-00000002475,ORD-202009-0000000937,CUST-0000152808,2020-09-28 03:17:24,Credit Card,Success,738.69,EUR,NLD,Europe,,false,2020-09-28 03:17:24,john.mullins109@commerce.example.com
,PAY-202009-00000002476,ORD-202009-0000002489,CUST-0000143749,2020-09-24 15:04:25,Paytm,Success,3269.65,AED,ARE,Asia,,false,2020-09-24 15:04:25,andrea.cummings039@platform.example.com
,PAY-202009-00000002477,ORD-202009-0000006216,CUST-0000139276,2020-09-11 22:54:41,Paytm,Success,967.86,AED,ARE,Asia,,false,2020-09-11 22:54:41,stephen.daniels076@commerce.example.com
,PAY-202009-00000002478,ORD-202009-0000000887,CUST-0000141464,2020-09-21 06:49:07,Buy Now Pay Later,Success,1127.11,AUD,AUS,Oceania,,false,2020-09-21 06:49:07,joseph.johnson049@dataops.example.com
,PAY-202009-00000002479,ORD-202009-0000000744,CUST-0000135625,2020-09-10 14:00:42,Credit Card,Success,1540.71,GBP,GBR,Europe,,false,2020-09-10 14:00:42,adam.gordon030@commerce.example.com
,PAY-202009-00000002480,ORD-202009-0000001826,CUST-0000134852,2020-09-27 10:11:55,Gift Card,Success,1032.97,BRL,BRA,South America,,false,2020-09-27 10:11:55,brandon.yu006@analytics.example.com
,PAY-202009-00000002481,ORD-202009-0000004530,CUST-0000138640,2020-09-24 13:28:40,Phonepe,Success,2445.62,EUR,FRA,Europe,,false,2020-09-24 13:28:40,jennifer.hudson020@analytics.example.com
,PAY-202009-00000002482,ORD-202009-0000002727,CUST-0000148061,2020-09-22 22:27:23,Credit Card,Success,913.73,EUR,NLD,Europe,,false,2020-09-22 22:27:23,peter.martinez098@platform.example.com
,PAY-202009-00000002483,ORD-202009-0000001383,CUST-0000152085,2020-09-06 09:27:18,Apple Pay,Success,2374.7,EUR,FRA,Europe,,false,2020-09-06 09:27:18,james.proctor094@dataops.example.com
,PAY-202009-00000002484,ORD-202009-0000006061,CUST-0000142891,2020-09-30 17:07:59,Debit Card,Success,3234.03,INR,IND,Asia,,false,2020-09-30 17:07:59,megan.cunningham013@commerce.example.com
,PAY-202009-00000002485,ORD-202009-0000001982,CUST-0000147593,2020-09-10 12:52:57,Google Pay,Success,628.72,CAD,CAN,North America,,false,2020-09-10 12:52:57,jeffery.miller012@commerce.example.com
,PAY-202009-00000002486,ORD-202009-0000003450,CUST-0000136252,2020-09-18 02:16:55,Debit Card,Success,1481.99,USD,USA,North America,,false,2020-09-18 02:16:55,michael.johnson061@platform.example.com
,PAY-202009-00000002487,ORD-202009-0000000342,CUST-0000142893,2020-09-20 14:54:17,Gift Card,Success,1685.39,JPY,JPN,Asia,,false,2020-09-20 14:54:17,taylor.cunningham023@commerce.example.com
,PAY-202009-00000002488,ORD-202009-0000005636,CUST-0000145248,2020-09-29 02:51:20,Credit Card,Success,1965.47,JPY,JPN,Asia,,false,2020-09-29 02:51:20,micheal.hall064@dataops.example.com
,PAY-202009-00000002489,ORD-202009-0000006402,CUST-0000148879,2020-09-16 18:30:58,Buy Now Pay Later,Success,2890.46,AUD,AUS,Oceania,,false,2020-09-16 18:30:58,ryan.steele043@commerce.example.com
,PAY-202009-00000002490,ORD-202009-0000006228,CUST-0000153636,2020-09-30 05:15:19,Gift Card,Success,3039.67,USD,USA,North America,,false,2020-09-30 05:15:19,stephen.daniels076@commerce.example.com
,PAY-202009-00000002491,ORD-202009-0000003038,CUST-0000139315,2020-09-10 12:31:38,Apple Pay,Success,1429.55,CAD,CAN,North America,,false,2020-09-10 12:31:38,joseph.johnson049@dataops.example.com
,PAY-202009-00000002492,ORD-202009-0000005062,CUST-0000137101,2020-09-23 14:58:30,Phonepe,Success,2553.04,MXN,MEX,North America,,false,2020-09-23 14:58:30,john.mullins109@commerce.example.com
,PAY-202009-00000002493,ORD-202009-0000006336,CUST-0000151695,2020-09-23 10:05:19,Apple Pay,Success,3488.05,AED,ARE,Asia,,false,2020-09-23 10:05:19,michael.berger060@platform.example.com
,PAY-202009-00000002494,ORD-202009-0000005577,CUST-0000151794,2020-09-19 21:49:55,Bank Transfer,Success,1810.49,USD,USA,North America,,false,2020-09-19 21:49:55,stephen.daniels076@commerce.example.com
,PAY-202009-00000002495,ORD-202009-0000005244,CUST-0000144339,2020-09-20 19:51:49,Gift Card,Failed,2207.17,EUR,ITA,Europe,Invalid CVV,false,2020-09-20 19:51:49,timothy.cannon081@analytics.example.com
,PAY-202009-00000002496,ORD-202009-0000006019,CUST-0000148510,2020-09-02 14:20:01,Bank Transfer,Success,704.26,GBP,GBR,Europe,,false,2020-09-02 14:20:01,micheal.hall064@dataops.example.com
,PAY-202009-00000002497,ORD-202009-0000000102,CUST-0000137879,2020-09-12 22:10:25,PayPal,Success,1250.6,AED,ARE,Asia,,false,2020-09-12 22:10:25,michelle.bender024@analytics.example.com
,PAY-202009-00000002498,ORD-202009-0000004139,CUST-0000139501,2020-09-25 18:53:41,Buy Now Pay Later,Success,1092.1,AUD,AUS,Oceania,,false,2020-09-25 18:53:41,megan.cunningham013@commerce.example.com
,PAY-202009-00000002499,ORD-202009-0000001628,CUST-0000136323,2020-09-22 04:11:09,Bank Transfer,Success,1293.11,USD,USA,North America,,false,2020-09-22 04:11:09,john.mullins109@commerce.example.com
,PAY-202009-00000002500,ORD-202009-0000005873,CUST-0000142337,2020-09-21 02:32:21,Buy Now Pay Later,Success,416.32,SGD,SGP,Asia,,false,2020-09-21 02:32:21,michael.berger060@platform.example.com
,PAY-202009-00000002501,ORD-202009-0000003969,CUST-0000138108,2020-09-28 20:43:03,Credit Card,Success,853.9,SGD,SGP,Asia,,false,2020-09-28 20:43:03,eric.mullen052@dataops.example.com
,PAY-202009-00000002502,ORD-202009-0000003790,CUST-0000150165,2020-09-08 04:00:05,PayPal,Success,1968.65,SGD,SGP,Asia,,false,2020-09-08 04:00:05,tina.williams074@commerce.example.com
,PAY-202009-00000002503,ORD-202009-0000001772,CUST-0000140639,2020-09-06 10:48:28,Credit Card,Success,3072.13,BRL,BRA,South America,,false,2020-09-06 10:48:28,maria.ashley046@analytics.example.com
,PAY-202009-00000002504,ORD-202009-0000005455,CUST-0000150336,2020-09-05 21:31:25,Gift Card,Success,1370.8,EUR,NLD,Europe,,false,2020-09-05 21:31:25,james.proctor094@dataops.example.com
,PAY-202009-00000002505,ORD-202009-0000002764,CUST-0000140920,2020-09-12 11:16:01,Debit Card,Success,1152.62,AED,ARE,Asia,,false,2020-09-12 11:16:01,michelle.bender024@analytics.example.com
,PAY-202009-00000002506,ORD-202009-0000005633,CUST-0000136618,2020-09-10 10:42:21,Bank Transfer,Success,1790.45,EUR,NLD,Europe,,false,2020-09-10 10:42:21,jennifer.bauer068@analytics.example.com
,PAY-202009-00000002507,ORD-202009-0000003431,CUST-0000142454,2020-09-05 03:08:07,Credit Card,Success,2396.48,GBP,GBR,Europe,,false,2020-09-05 03:08:07,brandi.carter038@dataops.example.com
,PAY-202009-00000002508,ORD-202009-0000004173,CUST-0000147739,2020-09-17 18:48:28,Google Pay,Success,2165.95,INR,IND,Asia,,false,2020-09-17 18:48:28,peter.martinez098@platform.example.com
,PAY-202009-00000002509,ORD-202009-0000005395,CUST-0000142618,2020-09-17 05:49:19,PayPal,Success,508.43,BRL,BRA,South America,,false,2020-09-17 05:49:19,kelsey.taylor010@platform.example.com
,PAY-202009-00000002510,ORD-202009-0000004478,CUST-0000137670,2020-09-04 04:48:59,Debit Card,Success,1338.86,GBP,GBR,Europe,,false,2020-09-04 04:48:59,megan.cunningham013@commerce.example.com
,PAY-202009-00000002511,ORD-202009-0000003448,CUST-0000148677,2020-09-04 11:35:24,Phonepe,Success,3140.75,GBP,GBR,Europe,,false,2020-09-04 11:35:24,michelle.sims041@analytics.example.com
,PAY-202009-00000002512,ORD-202009-0000005843,CUST-0000136674,2020-09-06 18:06:01,PayPal,Success,3116.01,INR,IND,Asia,,false,2020-09-06 18:06:01,eric.horton058@analytics.example.com
,PAY-202009-00000002513,ORD-202009-0000004359,CUST-0000142603,2020-09-11 21:24:32,Credit Card,Refunded,381.92,EUR,ESP,Europe,,true,2020-09-11 21:24:32,michelle.bender024@analytics.example.com
,PAY-202009-00000002514,ORD-202009-0000001467,CUST-0000135336,2020-09-30 23:36:11,Bank Transfer,Success,187.78,GBP,GBR,Europe,,false,2020-09-30 23:36:11,joseph.johnson049@dataops.example.com
,PAY-202009-00000002515,ORD-202009-0000003636,CUST-0000148901,2020-09-23 20:43:44,Bank Transfer,Success,2143.98,EUR,FRA,Europe,,false,2020-09-23 20:43:44,patrick.gonzalez035@dataops.example.com
,PAY-202009-00000002516,ORD-202009-0000006351,CUST-0000138623,2020-09-27 02:50:18,Google Pay,Success,2402.89,EUR,ESP,Europe,,false,2020-09-27 02:50:18,eric.mullen052@dataops.example.com
,PAY-202009-00000002517,ORD-202009-0000000302,CUST-0000143137,2020-09-10 15:05:19,Phonepe,Success,1217.32,AUD,AUS,Oceania,,false,2020-09-10 15:05:19,tina.williams074@commerce.example.com
,PAY-202009-00000002518,ORD-202009-0000002820,CUST-0000134674,2020-09-29 11:03:44,Phonepe,Pending,1650.31,BRL,BRA,South America,,false,2020-09-29 11:03:44,tina.williams074@commerce.example.com
,PAY-202009-00000002519,ORD-202009-0000002410,CUST-0000143754,2020-09-02 11:39:50,Gift Card,Success,1728.44,BRL,BRA,South America,,false,2020-09-02 11:39:50,maria.ashley046@analytics.example.com
,PAY-202009-00000002520,ORD-202009-0000003670,CUST-0000152154,2020-09-10 13:46:56,Credit Card,Success,3024.6,USD,USA,North America,,false,2020-09-10 13:46:56,stephen.clark001@analytics.example.com
,PAY-202009-00000002521,ORD-202009-0000002000,CUST-0000150864,2020-09-19 05:53:39,PayPal,Success,268.05,MXN,MEX,North America,,false,2020-09-19 05:53:39,maria.ashley046@analytics.example.com
,PAY-202009-00000002522,ORD-202009-0000005044,CUST-0000146130,2020-09-07 05:54:24,PayPal,Success,838.83,EUR,DEU,Europe,,false,2020-09-07 05:54:24,tina.williams074@commerce.example.com
,PAY-202009-00000002523,ORD-202009-0000002861,CUST-0000144937,2020-09-02 01:34:31,Paytm,Success,2222.84,EUR,ESP,Europe,,false,2020-09-02 01:34:31,ashley.marks069@commerce.example.com
,PAY-202009-00000002524,ORD-202009-0000004886,CUST-0000137846,2020-09-22 09:30:06,Google Pay,Success,2141.13,BRL,BRA,South America,,false,2020-09-22 09:30:06,andrea.cummings039@platform.example.com
,PAY-202009-00000002525,ORD-202009-0000003524,CUST-0000145860,2020-09-27 10:02:26,Bank Transfer,Success,2713.8,GBP,GBR,Europe,,false,2020-09-27 10:02:26,jennifer.hudson020@analytics.example.com
,PAY-202009-00000002526,ORD-202009-0000004960,CUST-0000153305,2020-09-19 19:20:29,Google Pay,Success,597.05,EUR,ITA,Europe,,false,2020-09-19 19:20:29,brandon.yu006@analytics.example.com
,PAY-202009-00000002527,ORD-202009-0000001807,CUST-0000143162,2020-09-25 14:04:47,Gift Card,Failed,1565.32,GBP,GBR,Europe,Network timeout,false,2020-09-25 14:04:47,jennifer.bauer068@analytics.example.com
,PAY-202009-00000002528,ORD-202009-0000001433,CUST-0000149033,2020-09-08 16:12:07,Google Pay,Success,250.91,EUR,ESP,Europe,,false,2020-09-08 16:12:07,micheal.hall064@dataops.example.com
,PAY-202009-00000002529,ORD-202009-0000001716,CUST-0000138078,2020-09-02 06:56:59,Google Pay,Success,428.8,AED,ARE,Asia,,false,2020-09-02 06:56:59,maria.ashley046@analytics.example.com
,PAY-202009-00000002530,ORD-202009-0000003669,CUST-0000141964,2020-09-30 00:23:46,PayPal,Success,730.2,EUR,ITA,Europe,,false,2020-09-30 00:23:46,timothy.cannon081@analytics.example.com
,PAY-202009-00000002531,ORD-202009-0000001892,CUST-0000140877,2020-09-13 07:07:45,PayPal,Success,3478.48,MXN,MEX,North America,,false,2020-09-13 07:07:45,stephen.clark001@analytics.example.com
,PAY-202009-00000002532,ORD-202009-0000003207,CUST-0000141677,2020-09-06 20:26:32,Paytm,Success,3255.59,GBP,GBR,Europe,,false,2020-09-06 20:26:32,joseph.johnson049@dataops.example.com
,PAY-202009-00000002533,ORD-202009-0000002288,CUST-0000139887,2020-09-26 03:57:23,Paytm,Pending,3365.68,EUR,NLD,Europe,,false,2020-09-26 03:57:23,john.mullins109@commerce.example.com
,PAY-202009-00000002534,ORD-202009-0000004019,CUST-0000143837,2020-09-02 01:06:57,Debit Card,Success,2735.48,EUR,DEU,Europe,,false,2020-09-02 01:06:57,adam.gordon030@commerce.example.com
,PAY-202009-00000002535,ORD-202009-0000004748,CUST-0000146531,2020-09-24 16:57:46,PayPal,Success,234.35,MXN,MEX,North America,,false,2020-09-24 16:57:46,james.proctor094@dataops.example.com
,PAY-202009-00000002536,ORD-202009-0000000360,CUST-0000144742,2020-09-09 02:13:06,PayPal,Success,2055.73,MXN,MEX,North America,,false,2020-09-09 02:13:06,stephen.clark001@analytics.example.com
,PAY-202009-00000002537,ORD-202009-0000006521,CUST-0000151403,2020-09-06 10:30:39,Debit Card,Success,979.78,BRL,BRA,South America,,false,2020-09-06 10:30:39,jeffery.miller012@commerce.example.com
,PAY-202009-00000002538,ORD-202009-0000002116,CUST-0000147205,2020-09-10 09:54:38,Bank Transfer,Success,2862.62,EUR,NLD,Europe,,false,2020-09-10 09:54:38,micheal.chen050@dataops.example.com
,PAY-202009-00000002539,ORD-202009-0000005821,CUST-0000140569,2020-09-16 08:40:32,Gift Card,Success,2054.92,EUR,ITA,Europe,,false,2020-09-16 08:40:32,michelle.bender024@analytics.example.com
,PAY-202009-00000002540,ORD-202009-0000005658,CUST-0000141659,2020-09-25 16:27:14,Phonepe,Success,1811.79,AED,ARE,Asia,,false,2020-09-25 16:27:14,ryan.steele043@commerce.example.com
,PAY-202009-00000002541,ORD-202009-0000004634,CUST-0000140611,2020-09-18 19:42:04,Apple Pay,Success,1259.15,AUD,AUS,Oceania,,false,2020-09-18 19:42:04,michael.berger060@platform.example.com
,PAY-202009-00000002542,ORD-202009-0000004781,CUST-0000137608,2020-09-15 02:37:11,PayPal,Success,1939.76,CAD,CAN,North America,,false,2020-09-15 02:37:11,david.cabrera119@dataops.example.com
,PAY-202009-00000002543,ORD-202009-0000005307,CUST-0000149389,2020-09-29 22:48:42,Google Pay,Success,2229.52,CAD,CAN,North America,,false,2020-09-29 22:48:42,timothy.cannon081@analytics.example.com
,PAY-202009-00000002544,ORD-202009-0000002216,CUST-0000140165,2020-09-18 16:11:28,Bank Transfer,Success,2799.11,EUR,ESP,Europe,,false,2020-09-18 16:11:28,eric.mullen052@dataops.example.com
,PAY-202009-00000002545,ORD-202009-0000003708,CUST-0000141571,2020-09-29 06:18:30,Google Pay,Success,284.14,AED,ARE,Asia,,false,2020-09-29 06:18:30,tina.williams074@commerce.example.com
,PAY-202009-00000002546,ORD-202009-0000003198,CUST-0000138870,2020-09-15 10:45:54,PayPal,Success,1419.82,EUR,ITA,Europe,,false,2020-09-15 10:45:54,andrea.cummings039@platform.example.com
,PAY-202009-00000002547,ORD-202009-0000005087,CUST-0000138783,2020-09-25 14:37:06,Phonepe,Success,579.16,EUR,DEU,Europe,,false,2020-09-25 14:37:06,david.cabrera119@dataops.example.com
,PAY-202009-00000002548,ORD-202009-0000004641,CUST-0000145390,2020-09-15 06:25:08,Debit Card,Success,337.77,JPY,JPN,Asia,,false,2020-09-15 06:25:08,peter.martinez098@platform.example.com
,PAY-202009-00000002549,ORD-202009-0000001408,CUST-0000144279,2020-09-29 17:19:52,Apple Pay,Success,1321.28,EUR,FRA,Europe,,false,2020-09-29 17:19:52,peter.martinez098@platform.example.com
,PAY-202009-00000002550,ORD-202009-0000001918,CUST-0000153142,2020-09-25 18:31:43,Buy Now Pay Later,Success,904.9,EUR,ESP,Europe,,false,2020-09-25 18:31:43,andrea.cummings039@platform.example.com
,PAY-202009-00000002551,ORD-202009-0000001891,CUST-0000145670,2020-09-28 21:44:35,Buy Now Pay Later,Success,1408.21,GBP,GBR,Europe,,false,2020-09-28 21:44:35,michael.johnson061@platform.example.com
,PAY-202009-00000002552,ORD-202009-0000002106,CUST-0000135695,2020-09-16 03:52:12,Apple Pay,Success,1329.83,EUR,FRA,Europe,,false,2020-09-16 03:52:12,stephen.clark001@analytics.example.com
,PAY-202009-00000002553,ORD-202009-0000003932,CUST-0000150793,2020-09-13 07:22:03,PayPal,Success,2887.87,GBP,GBR,Europe,,false,2020-09-13 07:22:03,stephen.daniels076@commerce.example.com
,PAY-202009-00000002554,ORD-202009-0000005932,CUST-0000150661,2020-09-03 03:20:48,Bank Transfer,Success,686.8,EUR,FRA,Europe,,false,2020-09-03 03:20:48,lance.williams029@platform.example.com
,PAY-202009-00000002555,ORD-202009-0000004993,CUST-0000147868,2020-09-01 18:33:09,Gift Card,Success,3453.32,INR,IND,Asia,,false,2020-09-01 18:33:09,michael.johnson061@platform.example.com
,PAY-202009-00000002556,ORD-202009-0000002638,CUST-0000142474,2020-09-09 17:54:36,Phonepe,Success,2576.05,JPY,JPN,Asia,,false,2020-09-09 17:54:36,jeffery.miller012@commerce.example.com
,PAY-202009-00000002557,ORD-202009-0000004182,CUST-0000136549,2020-09-26 03:29:16,Bank Transfer,Success,2274.21,JPY,JPN,Asia,,false,2020-09-26 03:29:16,john.mullins109@commerce.example.com
,PAY-202009-00000002558,ORD-202009-0000000216,CUST-0000149900,2020-09-07 07:18:50,Credit Card,Success,92.92,EUR,DEU,Europe,,false,2020-09-07 07:18:50,patrick.gonzalez035@dataops.example.com
,PAY-202009-00000002559,ORD-202009-0000001900,CUST-0000149538,2020-09-19 12:44:05,Buy Now Pay Later,Success,2973.43,AED,ARE,Asia,,false,2020-09-19 12:44:05,eric.mullen052@dataops.example.com
,PAY-202009-00000002560,ORD-202009-0000002026,CUST-0000147931,2020-09-06 09:27:36,Gift Card,Success,1413.51,EUR,FRA,Europe,,false,2020-09-06 09:27:36,michael.berger060@platform.example.com
,PAY-202009-00000002561,ORD-202009-0000001411,CUST-0000134500,2020-09-03 14:03:57,Gift Card,Success,1188.39,CAD,CAN,North America,,false,2020-09-03 14:03:57,adam.gordon030@commerce.example.com
,PAY-202009-00000002562,ORD-202009-0000005997,CUST-0000143626,2020-09-16 20:53:05,Google Pay,Success,954.69,AED,ARE,Asia,,false,2020-09-16 20:53:05,tina.williams074@commerce.example.com
,PAY-202009-00000002563,ORD-202009-0000000593,CUST-0000138181,2020-09-16 16:55:11,Bank Transfer,Success,82.95,AED,ARE,Asia,,false,2020-09-16 16:55:11,maria.ashley046@analytics.example.com
,PAY-202009-00000002564,ORD-202009-0000006043,CUST-0000146670,2020-09-25 20:55:25,Gift Card,Success,1085.57,SGD,SGP,Asia,,false,2020-09-25 20:55:25,adam.gordon030@commerce.example.com
,PAY-202009-00000002565,ORD-202009-0000004817,CUST-0000149182,2020-09-14 04:02:40,PayPal,Success,2566.53,EUR,ITA,Europe,,false,2020-09-14 04:02:40,patrick.gonzalez035@dataops.example.com
,PAY-202009-00000002566,ORD-202009-0000005866,CUST-0000146650,2020-09-03 20:55:49,Debit Card,Success,732.14,JPY,JPN,Asia,,false,2020-09-03 20:55:49,adam.gordon030@commerce.example.com
,PAY-202009-00000002567,ORD-202009-0000000034,CUST-0000137103,2020-09-20 06:06:23,Google Pay,Success,3236.06,MXN,MEX,North America,,false,2020-09-20 06:06:23,jennifer.hudson020@analytics.example.com
,PAY-202009-00000002568,ORD-202009-0000001939,CUST-0000148044,2020-09-19 19:03:46,Buy Now Pay Later,Success,2172.04,EUR,NLD,Europe,,false,2020-09-19 19:03:46,lance.williams029@platform.example.com
,PAY-202009-00000002569,ORD-202009-0000001160,CUST-0000138978,2020-09-25 02:32:38,Debit Card,Success,3145.79,EUR,FRA,Europe,,false,2020-09-25 02:32:38,micheal.chen050@dataops.example.com
,PAY-202009-00000002570,ORD-202009-0000001303,CUST-0000148651,2020-09-22 15:37:21,Bank Transfer,Success,1212.39,EUR,ESP,Europe,,false,2020-09-22 15:37:21,timothy.cannon081@analytics.example.com
,PAY-202009-00000002571,ORD-202009-0000004915,CUST-0000153705,2020-09-28 20:42:47,Paytm,Success,1842.96,MXN,MEX,North America,,false,2020-09-28 20:42:47,kelsey.taylor010@platform.example.com
,PAY-202009-00000002572,ORD-202009-0000003510,CUST-0000135110,2020-09-05 11:40:30,Phonepe,Success,1252.51,EUR,ITA,Europe,,false,2020-09-05 11:40:30,michelle.bender024@analytics.example.com
,PAY-202009-00000002573,ORD-202009-0000002742,CUST-0000137377,2020-09-17 05:09:56,Bank Transfer,Success,2372.77,GBP,GBR,Europe,,false,2020-09-17 05:09:56,lance.williams029@platform.example.com
,PAY-202009-00000002574,ORD-202009-0000002822,CUST-0000146644,2020-09-09 03:29:08,Gift Card,Success,3125.61,JPY,JPN,Asia,,false,2020-09-09 03:29:08,john.mullins109@commerce.example.com
,PAY-202009-00000002575,ORD-202009-0000000925,CUST-0000141012,2020-09-21 01:18:50,Gift Card,Refunded,3474.61,EUR,NLD,Europe,,true,2020-09-21 01:18:50,eric.horton058@analytics.example.com
,PAY-202009-00000002576,ORD-202009-0000005920,CUST-0000140638,2020-09-12 08:36:05,Paytm,Success,2302.09,AED,ARE,Asia,,false,2020-09-12 08:36:05,kelsey.taylor010@platform.example.com
,PAY-202009-00000002577,ORD-202009-0000005775,CUST-0000137837,2020-09-25 22:58:28,Bank Transfer,Pending,2638.92,EUR,NLD,Europe,,false,2020-09-25 22:58:28,maria.ashley046@analytics.example.com
,PAY-202009-00000002578,ORD-202009-0000000890,CUST-0000148233,2020-09-03 13:21:46,Phonepe,Success,3433.2,MXN,MEX,North America,,false,2020-09-03 13:21:46,victor.palmer071@platform.example.com
,PAY-202009-00000002579,ORD-202009-0000006065,CUST-0000139700,2020-09-21 23:41:19,Credit Card,Success,2035.29,EUR,ITA,Europe,,false,2020-09-21 23:41:19,taylor.cunningham023@commerce.example.com
,PAY-202009-00000002580,ORD-202009-0000001610,CUST-0000154029,2020-09-26 14:37:00,PayPal,Success,2014.8,BRL,BRA,South America,,false,2020-09-26 14:37:00,david.cabrera119@dataops.example.com
,PAY-202009-00000002581,ORD-202009-0000000958,CUST-0000148708,2020-09-21 02:42:20,Credit Card,Failed,926.92,MXN,MEX,North America,Insufficient funds,false,2020-09-21 02:42:20,michelle.bender024@analytics.example.com
,PAY-202009-00000002582,ORD-202009-0000004458,CUST-0000138366,2020-09-18 17:23:08,PayPal,Success,2996.14,AED,ARE,Asia,,false,2020-09-18 17:23:08,timothy.cameron104@commerce.example.com
,PAY-202009-00000002583,ORD-202009-0000004136,CUST-0000136372,2020-09-12 00:40:58,Google Pay,Success,1521.1,EUR,NLD,Europe,,false,2020-09-12 00:40:58,david.cabrera119@dataops.example.com
,PAY-202009-00000002584,ORD-202009-0000004151,CUST-0000151433,2020-09-14 08:23:49,Phonepe,Success,493.44,EUR,ESP,Europe,,false,2020-09-14 08:23:49,kelsey.taylor010@platform.example.com
,PAY-202009-00000002585,ORD-202009-0000002738,CUST-0000152757,2020-09-08 02:58:53,Credit Card,Success,522.83,AUD,AUS,Oceania,,false,2020-09-08 02:58:53,eric.horton058@analytics.example.com
,PAY-202009-00000002586,ORD-202009-0000005743,CUST-0000145678,2020-09-21 06:55:36,Debit Card,Success,2342.81,EUR,DEU,Europe,,false,2020-09-21 06:55:36,james.proctor094@dataops.example.com
,PAY-202009-00000002587,ORD-202009-0000002963,CUST-0000136009,2020-09-27 01:26:57,Google Pay,Success,389.79,INR,IND,Asia,,false,2020-09-27 01:26:57,michael.berger060@platform.example.com
,PAY-202009-00000002588,ORD-202009-0000003322,CUST-0000152848,2020-09-10 04:27:29,Apple Pay,Success,380.86,EUR,ESP,Europe,,false,2020-09-10 04:27:29,michael.berger060@platform.example.com
,PAY-202009-00000002589,ORD-202009-0000003651,CUST-0000135800,2020-09-24 16:23:54,Buy Now Pay Later,Success,1399.84,EUR,ITA,Europe,,false,2020-09-24 16:23:54,ryan.steele043@commerce.example.com
,PAY-202009-00000002590,ORD-202009-0000003314,CUST-0000152365,2020-09-25 17:17:52,Gift Card,Success,1938.39,EUR,NLD,Europe,,false,2020-09-25 17:17:52,ryan.steele043@commerce.example.com
,PAY-202009-00000002591,ORD-202009-0000004647,CUST-0000139690,2020-09-03 04:48:24,PayPal,Success,94.77,AED,ARE,Asia,,false,2020-09-03 04:48:24,michelle.sims041@analytics.example.com
,PAY-202009-00000002592,ORD-202009-0000002706,CUST-0000153940,2020-09-06 05:34:10,Paytm,Success,965.89,SGD,SGP,Asia,,false,2020-09-06 05:34:10,stephen.daniels076@commerce.example.com
,PAY-202009-00000002593,ORD-202009-0000000987,CUST-0000152045,2020-09-08 23:00:10,Gift Card,Success,3242.33,USD,USA,North America,,false,2020-09-08 23:00:10,micheal.hall064@dataops.example.com
,PAY-202009-00000002594,ORD-202009-0000002724,CUST-0000140697,2020-09-24 14:08:50,PayPal,Success,406.61,EUR,FRA,Europe,,false,2020-09-24 14:08:50,victor.palmer071@platform.example.com
,PAY-202009-00000002595,ORD-202009-0000005683,CUST-0000139713,2020-09-12 20:12:30,Debit Card,Success,2486.38,AUD,AUS,Oceania,,false,2020-09-12 20:12:30,eric.mullen052@dataops.example.com
,PAY-202009-00000002596,ORD-202009-0000006470,CUST-0000148496,2020-09-04 03:22:09,Gift Card,Success,2597.28,SGD,SGP,Asia,,false,2020-09-04 03:22:09,james.proctor094@dataops.example.com
,PAY-202009-00000002597,ORD-202009-0000005273,CUST-0000152866,2020-09-22 13:07:18,Phonepe,Success,1998.68,AED,ARE,Asia,,false,2020-09-22 13:07:18,jennifer.hudson020@analytics.example.com
,PAY-202009-00000002598,ORD-202009-0000002562,CUST-0000148597,2020-09-01 16:20:34,Phonepe,Success,2941.29,BRL,BRA,South America,,false,2020-09-01 16:20:34,victor.palmer071@platform.example.com
,PAY-202009-00000002599,ORD-202009-0000005436,CUST-0000150068,2020-09-04 00:41:30,Phonepe,Success,3112.85,AED,ARE,Asia,,false,2020-09-04 00:41:30,adam.gordon030@commerce.example.com
,PAY-202009-00000002600,ORD-202009-0000002501,CUST-0000145758,2020-09-18 05:38:26,Phonepe,Success,1389.22,EUR,NLD,Europe,,false,2020-09-18 05:38:26,peter.martinez098@platform.example.com
,PAY-202009-00000002601,ORD-202009-0000001761,CUST-0000152269,2020-09-23 16:02:07,Bank Transfer,Success,3285.32,CAD,CAN,North America,,false,2020-09-23 16:02:07,taylor.cunningham023@commerce.example.com
,PAY-202009-00000002602,ORD-202009-0000002322,CUST-0000154022,2020-09-13 18:38:03,Paytm,Success,1621.78,CAD,CAN,North America,,false,2020-09-13 18:38:03,david.cabrera119@dataops.example.com
,PAY-202009-00000002603,ORD-202009-0000003989,CUST-0000141563,2020-09-18 01:02:40,Bank Transfer,Success,381.1,EUR,NLD,Europe,,false,2020-09-18 01:02:40,alyssa.richards002@commerce.example.com
,PAY-202009-00000002604,ORD-202009-0000001460,CUST-0000151524,2020-09-15 07:08:03,Apple Pay,Success,1231.64,EUR,FRA,Europe,,false,2020-09-15 07:08:03,taylor.cunningham023@commerce.example.com
,PAY-202009-00000002605,ORD-202009-0000001051,CUST-0000148418,2020-09-21 15:35:52,Bank Transfer,Success,561.59,EUR,FRA,Europe,,false,2020-09-21 15:35:52,maria.ashley046@analytics.example.com
,PAY-202009-00000002606,ORD-202009-0000000212,CUST-0000140187,2020-09-21 11:46:01,Google Pay,Success,2688.53,EUR,NLD,Europe,,false,2020-09-21 11:46:01,ashley.marks069@commerce.example.com
,PAY-202009-00000002607,ORD-202009-0000002525,CUST-0000143185,2020-09-24 05:18:49,Bank Transfer,Success,3054.37,EUR,FRA,Europe,,false,2020-09-24 05:18:49,kelsey.taylor010@platform.example.com
,PAY-202009-00000002608,ORD-202009-0000006034,CUST-0000141735,2020-09-13 20:47:20,Paytm,Success,2737.74,CAD,CAN,North America,,false,2020-09-13 20:47:20,tina.williams074@commerce.example.com
,PAY-202009-00000002609,ORD-202009-0000004515,CUST-0000140259,2020-09-22 06:10:24,Debit Card,Success,3288.94,CAD,CAN,North America,,false,2020-09-22 06:10:24,jennifer.bauer068@analytics.example.com
,PAY-202009-00000002610,ORD-202009-0000003818,CUST-0000145637,2020-09-25 12:41:42,Debit Card,Success,1053.52,AED,ARE,Asia,,false,2020-09-25 12:41:42,stephen.daniels076@commerce.example.com
,PAY-202009-00000002611,ORD-202009-0000004167,CUST-0000144862,2020-09-28 18:56:05,Debit Card,Success,1002.81,EUR,DEU,Europe,,false,2020-09-28 18:56:05,ryan.steele043@commerce.example.com
,PAY-202009-00000002612,ORD-202009-0000006533,CUST-0000148590,2020-09-09 10:27:52,Apple Pay,Success,2337.22,BRL,BRA,South America,,false,2020-09-09 10:27:52,lance.williams029@platform.example.com
,PAY-202009-00000002613,ORD-202009-0000000257,CUST-0000146652,2020-09-24 09:38:38,Gift Card,Success,1216.24,EUR,FRA,Europe,,false,2020-09-24 09:38:38,tina.williams074@commerce.example.com
,PAY-202009-00000002614,ORD-202009-0000005859,CUST-0000143972,2020-09-29 03:15:48,Buy Now Pay Later,Success,268.41,EUR,ESP,Europe,,false,2020-09-29 03:15:48,john.mullins109@commerce.example.com
,PAY-202009-00000002615,ORD-202009-0000003366,CUST-0000143521,2020-09-24 01:05:13,Phonepe,Failed,774.54,AED,ARE,Asia,Network timeout,false,2020-09-24 01:05:13,jeffery.miller012@commerce.example.com
,PAY-202009-00000002616,ORD-202009-0000004716,CUST-0000139118,2020-09-04 19:25:19,Bank Transfer,Success,2385.12,AUD,AUS,Oceania,,false,2020-09-04 19:25:19,maria.ashley046@analytics.example.com
,PAY-202009-00000002617,ORD-202009-0000004825,CUST-0000153452,2020-09-03 16:18:45,PayPal,Success,3002.94,MXN,MEX,North America,,false,2020-09-03 16:18:45,ashley.marks069@commerce.example.com
,PAY-202009-00000002618,ORD-202009-0000002180,CUST-0000139111,2020-09-15 02:42:02,PayPal,Success,1171.3,GBP,GBR,Europe,,false,2020-09-15 02:42:02,lance.williams029@platform.example.com
,PAY-202009-00000002619,ORD-202009-0000000564,CUST-0000150186,2020-09-11 10:07:02,Apple Pay,Success,3452.23,JPY,JPN,Asia,,false,2020-09-11 10:07:02,tina.williams074@commerce.example.com
,PAY-202009-00000002620,ORD-202009-0000006087,CUST-0000147297,2020-09-15 01:03:50,Google Pay,Success,788.25,EUR,DEU,Europe,,false,2020-09-15 01:03:50,brandon.yu006@analytics.example.com
,PAY-202009-00000002621,ORD-202009-0000003153,CUST-0000146679,2020-09-13 11:51:55,Phonepe,Success,2017.61,EUR,ESP,Europe,,false,2020-09-13 11:51:55,victor.palmer071@platform.example.com
,PAY-202009-00000002622,ORD-202009-0000005314,CUST-0000147917,2020-09-22 15:59:34,Google Pay,Failed,1376.54,SGD,SGP,Asia,Card declined,false,2020-09-22 15:59:34,alyssa.richards002@commerce.example.com
,PAY-202009-00000002623,ORD-202009-0000002833,CUST-0000140421,2020-09-14 04:42:45,Paytm,Refunded,2431.51,CAD,CAN,North America,,true,2020-09-14 04:42:45,jennifer.bauer068@analytics.example.com
,PAY-202009-00000002624,ORD-202009-0000006243,CUST-0000145097,2020-09-25 12:56:56,Gift Card,Success,792.23,AUD,AUS,Oceania,,false,2020-09-25 12:56:56,ashley.marks069@commerce.example.com
,PAY-202009-00000002625,ORD-202009-0000005651,CUST-0000148179,2020-09-08 20:34:04,Credit Card,Success,347.51,CAD,CAN,North America,,false,2020-09-08 20:34:04,james.proctor094@dataops.example.com
,PAY-202009-00000002626,ORD-202009-0000000636,CUST-0000145471,2020-09-02 19:17:38,Phonepe,Success,1444.18,EUR,NLD,Europe,,false,2020-09-02 19:17:38,stephen.daniels076@commerce.example.com
,PAY-202009-00000002627,ORD-202009-0000005105,CUST-0000142684,2020-09-17 01:50:20,Buy Now Pay Later,Success,3124.05,BRL,BRA,South America,,false,2020-09-17 01:50:20,peter.martinez098@platform.example.com
,PAY-202009-00000002628,ORD-202009-0000003814,CUST-0000138172,2020-09-30 10:35:56,Phonepe,Success,3007.96,EUR,ESP,Europe,,false,2020-09-30 10:35:56,eric.mullen052@dataops.example.com
,PAY-202009-00000002629,ORD-202009-0000001926,CUST-0000144921,2020-09-14 16:51:19,Debit Card,Success,1294.63,EUR,DEU,Europe,,false,2020-09-14 16:51:19,alyssa.richards002@commerce.example.com
,PAY-202009-00000002630,ORD-202009-0000004204,CUST-0000149284,2020-09-06 08:04:59,Google Pay,Success,2385.43,INR,IND,Asia,,false,2020-09-06 08:04:59,stephen.daniels076@commerce.example.com
,PAY-202009-00000002631,ORD-202009-0000002653,CUST-0000153637,2020-09-30 21:03:09,Gift Card,Success,1435.62,BRL,BRA,South America,,false,2020-09-30 21:03:09,eric.mullen052@dataops.example.com
,PAY-202009-00000002632,ORD-202009-0000003918,CUST-0000153715,2020-09-06 17:33:38,Apple Pay,Success,3327.88,EUR,ESP,Europe,,false,2020-09-06 17:33:38,alyssa.richards002@commerce.example.com
,PAY-202009-00000002633,ORD-202009-0000000801,CUST-0000139661,2020-09-07 16:48:28,Buy Now Pay Later,Success,2680.97,CAD,CAN,North America,,false,2020-09-07 16:48:28,eric.mullen052@dataops.example.com
,PAY-202009-00000002634,ORD-202009-0000003184,CUST-0000141477,2020-09-30 17:01:05,Debit Card,Success,1893.57,BRL,BRA,South America,,false,2020-09-30 17:01:05,taylor.cunningham023@commerce.example.com
,PAY-202009-00000002635,ORD-202009-0000003406,CUST-0000135954,2020-09-04 23:49:09,Apple Pay,Refunded,1656.99,EUR,NLD,Europe,,true,2020-09-04 23:49:09,michelle.bender024@analytics.example.com
,PAY-202009-00000002636,ORD-202009-0000002664,CUST-0000150844,2020-09-24 00:20:22,Gift Card,Success,230.04,MXN,MEX,North America,,false,2020-09-24 00:20:22,stephen.clark001@analytics.example.com
,PAY-202009-00000002637,ORD-202009-0000001945,CUST-0000146638,2020-09-22 19:26:33,PayPal,Pending,206.4,EUR,FRA,Europe,,false,2020-09-22 19:26:33,victor.palmer071@platform.example.com
,PAY-202009-00000002638,ORD-202009-0000005144,CUST-0000138475,2020-09-17 15:44:25,Credit Card,Success,3230.45,EUR,ITA,Europe,,false,2020-09-17 15:44:25,jeffery.miller012@commerce.example.com
,PAY-202009-00000002639,ORD-202009-0000006031,CUST-0000135501,2020-09-02 21:07:45,Debit Card,Success,271.28,EUR,NLD,Europe,,false,2020-09-02 21:07:45,michelle.sims041@analytics.example.com
,PAY-202009-00000002640,ORD-202009-0000005570,CUST-0000142595,2020-09-29 14:30:18,Google Pay,Success,3343.8,AED,ARE,Asia,,false,2020-09-29 14:30:18,eric.horton058@analytics.example.com
,PAY-202009-00000002641,ORD-202009-0000004539,CUST-0000137939,2020-09-12 17:56:52,Apple Pay,Failed,138.68,CAD,CAN,North America,Invalid CVV,false,2020-09-12 17:56:52,adam.gordon030@commerce.example.com
,PAY-202009-00000002642,ORD-202009-0000003370,CUST-0000145181,2020-09-12 00:55:57,PayPal,Success,2054.71,USD,USA,North America,,false,2020-09-12 00:55:57,maria.ashley046@analytics.example.com
,PAY-202009-00000002643,ORD-202009-0000000528,CUST-0000140996,2020-09-21 22:53:02,Debit Card,Success,2654.09,BRL,BRA,South America,,false,2020-09-21 22:53:02,david.cabrera119@dataops.example.com
,PAY-202009-00000002644,ORD-202009-0000006390,CUST-0000140210,2020-09-17 11:06:06,Phonepe,Success,2472.74,CAD,CAN,North America,,false,2020-09-17 11:06:06,maria.ashley046@analytics.example.com
,PAY-202009-00000002645,ORD-202009-0000003689,CUST-0000143276,2020-09-30 16:03:19,Credit Card,Success,900.2,JPY,JPN,Asia,,false,2020-09-30 16:03:19,patrick.gonzalez035@dataops.example.com
,PAY-202009-00000002646,ORD-202009-0000000358,CUST-0000140433,2020-09-27 03:27:06,Debit Card,Success,3264.33,INR,IND,Asia,,false,2020-09-27 03:27:06,ashley.marks069@commerce.example.com
,PAY-202009-00000002647,ORD-202009-0000000697,CUST-0000134621,2020-09-20 21:40:17,PayPal,Success,2298.15,CAD,CAN,North America,,false,2020-09-20 21:40:17,megan.cunningham013@commerce.example.com
,PAY-202009-00000002648,ORD-202009-0000000310,CUST-0000147444,2020-09-15 17:24:32,Credit Card,Success,3374.83,JPY,JPN,Asia,,false,2020-09-15 17:24:32,joseph.johnson049@dataops.example.com
,PAY-202009-00000002649,ORD-202009-0000004106,CUST-0000151180,2020-09-27 15:37:58,Credit Card,Success,1937.31,BRL,BRA,South America,,false,2020-09-27 15:37:58,susan.rice083@commerce.example.com
,PAY-202009-00000002650,ORD-202009-0000004911,CUST-0000135437,2020-09-25 01:22:39,Buy Now Pay Later,Pending,1910.28,AED,ARE,Asia,,false,2020-09-25 01:22:39,ashley.marks069@commerce.example.com
,PAY-202009-00000002651,ORD-202009-0000001272,CUST-0000136856,2020-09-09 18:01:09,Apple Pay,Success,2123.32,INR,IND,Asia,,false,2020-09-09 18:01:09,john.mullins109@commerce.example.com
,PAY-202009-00000002652,ORD-202009-0000003792,CUST-0000146626,2020-09-09 19:11:39,Apple Pay,Success,39.2,EUR,NLD,Europe,,false,2020-09-09 19:11:39,kelsey.taylor010@platform.example.com
,PAY-202009-00000002653,ORD-202009-0000005047,CUST-0000146139,2020-09-19 23:39:16,Buy Now Pay Later,Success,2166.83,JPY,JPN,Asia,,false,2020-09-19 23:39:16,david.cabrera119@dataops.example.com
,PAY-202009-00000002654,ORD-202009-0000000777,CUST-0000149720,2020-09-08 11:27:56,Bank Transfer,Success,1907.83,GBP,GBR,Europe,,false,2020-09-08 11:27:56,eric.horton058@analytics.example.com
,PAY-202009-00000002655,ORD-202009-0000004067,CUST-0000142234,2020-09-01 22:59:37,Gift Card,Success,567.76,JPY,JPN,Asia,,false,2020-09-01 22:59:37,michelle.sims041@analytics.example.com
,PAY-202009-00000002656,ORD-202009-0000005999,CUST-0000150791,2020-09-03 20:03:23,Google Pay,Success,2767.94,AUD,AUS,Oceania,,false,2020-09-03 20:03:23,jennifer.hudson020@analytics.example.com
,PAY-202009-00000002657,ORD-202009-0000002527,CUST-0000141195,2020-09-13 19:57:50,Phonepe,Success,1564.35,SGD,SGP,Asia,,false,2020-09-13 19:57:50,jennifer.bauer068@analytics.example.com
,PAY-202009-00000002658,ORD-202009-0000005311,CUST-0000148511,2020-09-03 05:46:17,Credit Card,Failed,1248.81,EUR,DEU,Europe,Insufficient funds,false,2020-09-03 05:46:17,megan.cunningham013@commerce.example.com
,PAY-202009-00000002659,ORD-202009-0000002151,CUST-0000153258,2020-09-03 00:31:05,Google Pay,Success,1582.2,BRL,BRA,South America,,false,2020-09-03 00:31:05,michelle.sims041@analytics.example.com
,PAY-202009-00000002660,ORD-202009-0000003700,CUST-0000139002,2020-09-21 19:08:50,Buy Now Pay Later,Success,869.91,AUD,AUS,Oceania,,false,2020-09-21 19:08:50,victor.palmer071@platform.example.com
,PAY-202009-00000002661,ORD-202009-0000004740,CUST-0000136168,2020-09-27 18:55:51,Credit Card,Success,3433.83,MXN,MEX,North America,,false,2020-09-27 18:55:51,taylor.cunningham023@commerce.example.com
,PAY-202009-00000002662,ORD-202009-0000000036,CUST-0000150229,2020-09-04 01:20:49,Phonepe,Success,3455.19,MXN,MEX,North America,,false,2020-09-04 01:20:49,brandi.carter038@dataops.example.com
,PAY-202009-00000002663,ORD-202009-0000006134,CUST-0000144146,2020-09-29 18:19:25,Bank Transfer,Success,1901.3,EUR,ITA,Europe,,false,2020-09-29 18:19:25,victor.palmer071@platform.example.com
,PAY-202009-00000002664,ORD-202009-0000001070,CUST-0000144615,2020-09-29 01:18:55,Apple Pay,Success,1855.69,GBP,GBR,Europe,,false,2020-09-29 01:18:55,micheal.hall064@dataops.example.com
,PAY-202009-00000002665,ORD-202009-0000006080,CUST-0000140724,2020-09-15 10:25:45,Apple Pay,Success,2608.88,EUR,NLD,Europe,,false,2020-09-15 10:25:45,ashley.marks069@commerce.example.com
,PAY-202009-00000002666,ORD-202009-0000001862,CUST-0000137584,2020-09-09 16:25:33,Credit Card,Success,2439.93,AED,ARE,Asia,,false,2020-09-09 16:25:33,kelsey.taylor010@platform.example.com
,PAY-202009-00000002667,ORD-202009-0000003616,CUST-0000153983,2020-09-23 03:17:55,Gift Card,Success,3078.83,EUR,FRA,Europe,,false,2020-09-23 03:17:55,stephen.daniels076@commerce.example.com
,PAY-202009-00000002668,ORD-202009-0000006223,CUST-0000143420,2020-09-10 18:32:00,PayPal,Success,1280.4,BRL,BRA,South America,,false,2020-09-10 18:32:00,adam.gordon030@commerce.example.com
,PAY-202009-00000002669,ORD-202009-0000004908,CUST-0000152147,2020-09-22 09:31:45,PayPal,Success,21.42,EUR,ITA,Europe,,false,2020-09-22 09:31:45,micheal.chen050@dataops.example.com
,PAY-202009-00000002670,ORD-202009-0000005817,CUST-0000152394,2020-09-25 15:30:09,Debit Card,Success,2109.36,EUR,DEU,Europe,,false,2020-09-25 15:30:09,jennifer.bauer068@analytics.example.com
,PAY-202009-00000002671,ORD-202009-0000001752,CUST-0000154016,2020-09-11 12:09:54,Gift Card,Success,1454.97,JPY,JPN,Asia,,false,2020-09-11 12:09:54,micheal.chen050@dataops.example.com
,PAY-202009-00000002672,ORD-202009-0000003065,CUST-0000136762,2020-09-26 21:14:45,Apple Pay,Failed,550.53,SGD,SGP,Asia,Card declined,false,2020-09-26 21:14:45,victor.palmer071@platform.example.com
,PAY-202009-00000002673,ORD-202009-0000004905,CUST-0000146763,2020-09-14 07:45:09,Debit Card,Success,150.98,EUR,ESP,Europe,,false,2020-09-14 07:45:09,micheal.hall064@dataops.example.com
,PAY-202009-00000002674,ORD-202009-0000003335,CUST-0000141685,2020-09-14 13:21:48,Phonepe,Success,1304.92,AED,ARE,Asia,,false,2020-09-14 13:21:48,jeffery.miller012@commerce.example.com
,PAY-202009-00000002675,ORD-202009-0000003268,CUST-0000135079,2020-09-24 15:09:02,Gift Card,Success,1721.88,GBP,GBR,Europe,,false,2020-09-24 15:09:02,susan.rice083@commerce.example.com
,PAY-202009-00000002676,ORD-202009-0000003467,CUST-0000151357,2020-09-23 23:02:36,Google Pay,Success,3482.76,EUR,DEU,Europe,,false,2020-09-23 23:02:36,taylor.cunningham023@commerce.example.com
,PAY-202009-00000002677,ORD-202009-0000005146,CUST-0000146875,2020-09-26 22:27:18,Paytm,Success,550.15,EUR,ITA,Europe,,false,2020-09-26 22:27:18,megan.cunningham013@commerce.example.com
,PAY-202009-00000002678,ORD-202009-0000002175,CUST-0000135836,2020-09-30 02:16:47,Bank Transfer,Success,1150.31,MXN,MEX,North America,,false,2020-09-30 02:16:47,ryan.steele043@commerce.example.com
,PAY-202009-00000002679,ORD-202009-0000004783,CUST-0000141097,2020-09-05 15:39:52,Buy Now Pay Later,Refunded,3496.48,BRL,BRA,South America,,true,2020-09-05 15:39:52,andrea.cummings039@platform.example.com
,PAY-202009-00000002680,ORD-202009-0000004452,CUST-0000147819,2020-09-03 00:08:13,PayPal,Success,1307.8,EUR,FRA,Europe,,false,2020-09-03 00:08:13,andrea.cummings039@platform.example.com
,PAY-202009-00000002681,ORD-202009-0000000530,CUST-0000147837,2020-09-18 18:16:19,PayPal,Success,3185.53,EUR,ESP,Europe,,false,2020-09-18 18:16:19,eric.horton058@analytics.example.com
,PAY-202009-00000002682,ORD-202009-0000001110,CUST-0000151163,2020-09-05 12:01:47,PayPal,Success,1163.69,BRL,BRA,South America,,false,2020-09-05 12:01:47,michelle.bender024@analytics.example.com
,PAY-202009-00000002683,ORD-202009-0000000916,CUST-0000136402,2020-09-19 07:15:58,Credit Card,Success,2373.24,EUR,ESP,Europe,,false,2020-09-19 07:15:58,eric.horton058@analytics.example.com
,PAY-202009-00000002684,ORD-202009-0000003039,CUST-0000150968,2020-09-03 12:29:20,Debit Card,Success,472.96,USD,USA,North America,,false,2020-09-03 12:29:20,susan.rice083@commerce.example.com
,PAY-202009-00000002685,ORD-202009-0000004408,CUST-0000140544,2020-09-02 03:00:47,Buy Now Pay Later,Success,904.23,SGD,SGP,Asia,,false,2020-09-02 03:00:47,david.cabrera119@dataops.example.com
,PAY-202009-00000002686,ORD-202009-0000004180,CUST-0000142408,2020-09-30 23:46:10,Debit Card,Success,244.86,GBP,GBR,Europe,,false,2020-09-30 23:46:10,lance.williams029@platform.example.com
,PAY-202009-00000002687,ORD-202009-0000002941,CUST-0000153599,2020-09-01 12:49:57,Debit Card,Success,2657.48,EUR,ITA,Europe,,false,2020-09-01 12:49:57,andrea.cummings039@platform.example.com
,PAY-202009-00000002688,ORD-202009-0000003162,CUST-0000147538,2020-09-03 19:58:07,Credit Card,Success,3450.45,AUD,AUS,Oceania,,false,2020-09-03 19:58:07,megan.cunningham013@commerce.example.com
,PAY-202009-00000002689,ORD-202009-0000005572,CUST-0000135621,2020-09-10 10:47:58,Paytm,Success,726.87,MXN,MEX,North America,,false,2020-09-10 10:47:58,megan.cunningham013@commerce.example.com
,PAY-202009-00000002690,ORD-202009-0000000041,CUST-0000152338,2020-09-14 17:04:10,Bank Transfer,Success,3172.29,SGD,SGP,Asia,,false,2020-09-14 17:04:10,brandi.carter038@dataops.example.com
,PAY-202009-00000002691,ORD-202009-0000003013,CUST-0000144079,2020-09-11 16:29:05,Paytm,Success,1625.88,SGD,SGP,Asia,,false,2020-09-11 16:29:05,john.mullins109@commerce.example.com
,PAY-202009-00000002692,ORD-202009-0000000893,CUST-0000134512,2020-09-30 01:10:12,Bank Transfer,Success,3102.59,CAD,CAN,North America,,false,2020-09-30 01:10:12,susan.rice083@commerce.example.com
,PAY-202009-00000002693,ORD-202009-0000001903,CUST-0000147802,2020-09-13 11:09:31,Debit Card,Success,1003.96,BRL,BRA,South America,,false,2020-09-13 11:09:31,patrick.gonzalez035@dataops.example.com
,PAY-202009-00000002694,ORD-202009-0000003633,CUST-0000142227,2020-09-21 02:16:52,Bank Transfer,Success,813.61,CAD,CAN,North America,,false,2020-09-21 02:16:52,ashley.marks069@commerce.example.com
,PAY-202009-00000002695,ORD-202009-0000004451,CUST-0000151962,2020-09-29 16:45:23,Phonepe,Success,2409.58,EUR,ITA,Europe,,false,2020-09-29 16:45:23,michelle.sims041@analytics.example.com
,PAY-202009-00000002696,ORD-202009-0000003008,CUST-0000138309,2020-09-27 22:16:29,Apple Pay,Success,1049.26,MXN,MEX,North America,,false,2020-09-27 22:16:29,michelle.bender024@analytics.example.com
,PAY-202009-00000002697,ORD-202009-0000000620,CUST-0000142447,2020-09-23 13:04:31,PayPal,Success,3125.27,BRL,BRA,South America,,false,2020-09-23 13:04:31,jennifer.bauer068@analytics.example.com
,PAY-202009-00000002698,ORD-202009-0000004361,CUST-0000138044,2020-09-10 15:46:35,Bank Transfer,Success,1560.82,AUD,AUS,Oceania,,false,2020-09-10 15:46:35,maria.ashley046@analytics.example.com
,PAY-202009-00000002699,ORD-202009-0000005722,CUST-0000141518,2020-09-08 10:14:30,PayPal,Success,1156.58,JPY,JPN,Asia,,false,2020-09-08 10:14:30,taylor.cunningham023@commerce.example.com
,PAY-202009-00000002700,ORD-202009-0000003667,CUST-0000142686,2020-09-29 19:49:21,Debit Card,Pending,1987.67,EUR,ITA,Europe,,false,2020-09-29 19:49:21,joseph.johnson049@dataops.example.com
,PAY-202009-00000002701,ORD-202009-0000000564,CUST-0000137807,2020-09-28 00:26:42,Paytm,Success,544.96,AED,ARE,Asia,,false,2020-09-28 00:26:42,andrea.cummings039@platform.example.com
,PAY-202009-00000002702,ORD-202009-0000005629,CUST-0000134914,2020-09-06 10:17:41,Phonepe,Success,1009.21,USD,USA,North America,,false,2020-09-06 10:17:41,tina.williams074@commerce.example.com
,PAY-202009-00000002703,ORD-202009-0000000221,CUST-0000142972,2020-09-21 20:58:32,PayPal,Success,873.08,CAD,CAN,North America,,false,2020-09-21 20:58:32,timothy.cameron104@commerce.example.com
,PAY-202009-00000002704,ORD-202009-0000004321,CUST-0000137993,2020-09-14 13:37:04,Gift Card,Success,114.78,GBP,GBR,Europe,,false,2020-09-14 13:37:04,brandi.carter038@dataops.example.com
,PAY-202009-00000002705,ORD-202009-0000004535,CUST-0000152275,2020-09-02 13:33:09,Debit Card,Pending,2288.73,EUR,ITA,Europe,,false,2020-09-02 13:33:09,stephen.daniels076@commerce.example.com
,PAY-202009-00000002706,ORD-202009-0000005235,CUST-0000141225,2020-09-03 03:50:00,Apple Pay,Success,930.68,USD,USA,North America,,false,2020-09-03 03:50:00,lance.williams029@platform.example.com
,PAY-202009-00000002707,ORD-202009-0000002726,CUST-0000148897,2020-09-25 23:30:37,Apple Pay,Success,2081.46,SGD,SGP,Asia,,false,2020-09-25 23:30:37,ashley.marks069@commerce.example.com
,PAY-202009-00000002708,ORD-202009-0000004799,CUST-0000141777,2020-09-28 22:08:17,Apple Pay,Success,3344.78,SGD,SGP,Asia,,false,2020-09-28 22:08:17,joseph.johnson049@dataops.example.com
,PAY-202009-00000002709,ORD-202009-0000001845,CUST-0000154137,2020-09-06 02:29:38,Google Pay,Success,345.25,EUR,ESP,Europe,,false,2020-09-06 02:29:38,kelsey.taylor010@platform.example.com
,PAY-202009-00000002710,ORD-202009-0000001881,CUST-0000146600,2020-09-22 00:23:26,Paytm,Success,2634.52,AUD,AUS,Oceania,,false,2020-09-22 00:23:26,andrea.cummings039@platform.example.com
,PAY-202009-00000002711,ORD-202009-0000004004,CUST-0000135272,2020-09-12 21:52:35,Apple Pay,Success,3044.31,GBP,GBR,Europe,,false,2020-09-12 21:52:35,ryan.steele043@commerce.example.com
,PAY-202009-00000002712,ORD-202009-0000001463,CUST-0000151409,2020-09-17 18:02:28,Paytm,Success,756.3,AUD,AUS,Oceania,,false,2020-09-17 18:02:28,adam.gordon030@commerce.example.com
,PAY-202009-00000002713,ORD-202009-0000000505,CUST-0000147376,2020-09-23 02:53:25,PayPal,Success,687.56,EUR,ESP,Europe,,false,2020-09-23 02:53:25,taylor.cunningham023@commerce.example.com
,PAY-202009-00000002714,ORD-202009-0000003718,CUST-0000144411,2020-09-30 04:58:21,Apple Pay,Success,730.71,INR,IND,Asia,,false,2020-09-30 04:58:21,joseph.johnson049@dataops.example.com
,PAY-202009-00000002715,ORD-202009-0000000740,CUST-0000147026,2020-09-25 02:27:07,Google Pay,Success,2759.16,SGD,SGP,Asia,,false,2020-09-25 02:27:07,micheal.hall064@dataops.example.com
,PAY-202009-00000002716,ORD-202009-0000002421,CUST-0000142552,2020-09-24 20:59:06,Bank Transfer,Success,2177.49,EUR,NLD,Europe,,false,2020-09-24 20:59:06,michael.johnson061@platform.example.com
,PAY-202009-00000002717,ORD-202009-0000000173,CUST-0000138528,2020-09-19 09:59:26,Credit Card,Success,248.0,GBP,GBR,Europe,,false,2020-09-19 09:59:26,adam.gordon030@commerce.example.com
,PAY-202009-00000002718,ORD-202009-0000001459,CUST-0000140149,2020-09-20 16:18:33,Apple Pay,Success,2073.01,USD,USA,North America,,false,2020-09-20 16:18:33,jennifer.hudson020@analytics.example.com
,PAY-202009-00000002719,ORD-202009-0000001432,CUST-0000153002,2020-09-16 17:12:39,Bank Transfer,Success,1900.09,MXN,MEX,North America,,false,2020-09-16 17:12:39,timothy.cannon081@analytics.example.com
,PAY-202009-00000002720,ORD-202009-0000004609,CUST-0000140210,2020-09-28 09:13:34,Bank Transfer,Success,365.78,GBP,GBR,Europe,,false,2020-09-28 09:13:34,micheal.hall064@dataops.example.com
,PAY-202009-00000002721,ORD-202009-0000004405,CUST-0000143601,2020-09-12 18:58:06,PayPal,Success,62.87,AED,ARE,Asia,,false,2020-09-12 18:58:06,michelle.bender024@analytics.example.com
,PAY-202009-00000002722,ORD-202009-0000005019,CUST-0000146910,2020-09-11 17:03:38,Buy Now Pay Later,Pending,345.87,GBP,GBR,Europe,,false,2020-09-11 17:03:38,brandi.carter038@dataops.example.com
,PAY-202009-00000002723,ORD-202009-0000004792,CUST-0000153576,2020-09-02 14:22:40,Gift Card,Success,3174.43,USD,USA,North America,,false,2020-09-02 14:22:40,eric.horton058@analytics.example.com
,PAY-202009-00000002724,ORD-202009-0000001377,CUST-0000147188,2020-09-15 22:55:18,Paytm,Pending,876.76,GBP,GBR,Europe,,false,2020-09-15 22:55:18,andrea.cummings039@platform.example.com
,PAY-202009-00000002725,ORD-202009-0000004765,CUST-0000136125,2020-09-09 21:24:03,Debit Card,Success,2001.48,BRL,BRA,South America,,false,2020-09-09 21:24:03,eric.horton058@analytics.example.com
,PAY-202009-00000002726,ORD-202009-0000000105,CUST-0000145775,2020-09-15 03:41:54,Bank Transfer,Success,2835.69,EUR,DEU,Europe,,false,2020-09-15 03:41:54,jennifer.hudson020@analytics.example.com
,PAY-202009-00000002727,ORD-202009-0000001461,CUST-0000145836,2020-09-11 13:54:38,Debit Card,Success,339.32,INR,IND,Asia,,false,2020-09-11 13:54:38,adam.gordon030@commerce.example.com
,PAY-202009-00000002728,ORD-202009-0000001492,CUST-0000138602,2020-09-08 02:32:16,Paytm,Success,2511.13,BRL,BRA,South America,,false,2020-09-08 02:32:16,jeffery.miller012@commerce.example.com
,PAY-202009-00000002729,ORD-202009-0000005702,CUST-0000149944,2020-09-21 06:12:02,Gift Card,Success,2607.07,AUD,AUS,Oceania,,false,2020-09-21 06:12:02,john.mullins109@commerce.example.com
,PAY-202009-00000002730,ORD-202009-0000002470,CUST-0000148594,2020-09-27 22:42:06,Bank Transfer,Success,94.14,EUR,DEU,Europe,,false,2020-09-27 22:42:06,joseph.johnson049@dataops.example.com
,PAY-202009-00000002731,ORD-202009-0000002490,CUST-0000136192,2020-09-22 07:49:56,Paytm,Failed,2228.57,MXN,MEX,North America,Insufficient funds,false,2020-09-22 07:49:56,taylor.cunningham023@commerce.example.com
,PAY-202009-00000002732,ORD-202009-0000002274,CUST-0000143714,2020-09-04 18:46:32,Apple Pay,Success,107.86,CAD,CAN,North America,,false,2020-09-04 18:46:32,john.mullins109@commerce.example.com
,PAY-202009-00000002733,ORD-202009-0000000724,CUST-0000148549,2020-09-27 18:34:15,Bank Transfer,Success,2709.22,JPY,JPN,Asia,,false,2020-09-27 18:34:15,michelle.sims041@analytics.example.com
,PAY-202009-00000002734,ORD-202009-0000003982,CUST-0000138845,2020-09-27 14:07:28,Paytm,Success,2614.51,MXN,MEX,North America,,false,2020-09-27 14:07:28,michelle.bender024@analytics.example.com
,PAY-202009-00000002735,ORD-202009-0000003356,CUST-0000135570,2020-09-30 15:54:16,Debit Card,Success,3468.71,JPY,JPN,Asia,,false,2020-09-30 15:54:16,stephen.daniels076@commerce.example.com
,PAY-202009-00000002736,ORD-202009-0000001195,CUST-0000139186,2020-09-03 10:16:34,Google Pay,Success,1295.5,USD,USA,North America,,false,2020-09-03 10:16:34,tina.williams074@commerce.example.com
,PAY-202009-00000002737,ORD-202009-0000004143,CUST-0000135671,2020-09-10 11:41:19,Gift Card,Pending,2051.99,USD,USA,North America,,false,2020-09-10 11:41:19,eric.mullen052@dataops.example.com
,PAY-202009-00000002738,ORD-202009-0000000685,CUST-0000134521,2020-09-30 00:09:04,PayPal,Success,584.92,INR,IND,Asia,,false,2020-09-30 00:09:04,stephen.daniels076@commerce.example.com
,PAY-202009-00000002739,ORD-202009-0000000522,CUST-0000150858,2020-09-15 13:35:53,Google Pay,Success,1820.23,AED,ARE,Asia,,false,2020-09-15 13:35:53,david.cabrera119@dataops.example.com
,PAY-202009-00000002740,ORD-202009-0000001675,CUST-0000139477,2020-09-27 00:25:57,Debit Card,Success,3405.54,GBP,GBR,Europe,,false,2020-09-27 00:25:57,susan.rice083@commerce.example.com
,PAY-202009-00000002741,ORD-202009-0000005755,CUST-0000141910,2020-09-28 23:01:40,Bank Transfer,Success,3458.85,INR,IND,Asia,,false,2020-09-28 23:01:40,michelle.bender024@analytics.example.com
,PAY-202009-00000002742,ORD-202009-0000003477,CUST-0000142645,2020-09-13 09:00:03,PayPal,Success,481.9,CAD,CAN,North America,,false,2020-09-13 09:00:03,alyssa.richards002@commerce.example.com
,PAY-202009-00000002743,ORD-202009-0000001149,CUST-0000144452,2020-09-23 15:12:24,Gift Card,Success,2955.29,EUR,NLD,Europe,,false,2020-09-23 15:12:24,kelsey.taylor010@platform.example.com
,PAY-202009-00000002744,ORD-202009-0000000325,CUST-0000139928,2020-09-28 18:18:17,Gift Card,Success,427.46,EUR,NLD,Europe,,false,2020-09-28 18:18:17,eric.horton058@analytics.example.com
,PAY-202009-00000002745,ORD-202009-0000003169,CUST-0000147641,2020-09-07 15:23:00,Gift Card,Success,934.97,GBP,GBR,Europe,,false,2020-09-07 15:23:00,michelle.bender024@analytics.example.com
,PAY-202009-00000002746,ORD-202009-0000005392,CUST-0000139476,2020-09-22 04:31:59,Buy Now Pay Later,Success,2269.33,BRL,BRA,South America,,false,2020-09-22 04:31:59,tina.williams074@commerce.example.com
,PAY-202009-00000002747,ORD-202009-0000005395,CUST-0000142966,2020-09-14 19:59:30,Phonepe,Success,1208.73,SGD,SGP,Asia,,false,2020-09-14 19:59:30,taylor.cunningham023@commerce.example.com
,PAY-202009-00000002748,ORD-202009-0000001817,CUST-0000150912,2020-09-18 23:40:42,PayPal,Success,2923.06,SGD,SGP,Asia,,false,2020-09-18 23:40:42,tina.williams074@commerce.example.com
,PAY-202009-00000002749,ORD-202009-0000005898,CUST-0000144181,2020-09-22 13:30:16,Apple Pay,Success,2829.57,AUD,AUS,Oceania,,false,2020-09-22 13:30:16,michael.berger060@platform.example.com
,PAY-202009-00000002750,ORD-202009-0000003884,CUST-0000137053,2020-09-23 09:11:55,Phonepe,Success,3271.32,MXN,MEX,North America,,false,2020-09-23 09:11:55,timothy.cameron104@commerce.example.com
,PAY-202009-00000002751,ORD-202009-0000002272,CUST-0000143267,2020-09-02 21:10:32,Paytm,Success,1076.53,INR,IND,Asia,,false,2020-09-02 21:10:32,jennifer.hudson020@analytics.example.com
,PAY-202009-00000002752,ORD-202009-0000002345,CUST-0000149958,2020-09-12 21:42:12,Google Pay,Success,2544.1,SGD,SGP,Asia,,false,2020-09-12 21:42:12,ashley.marks069@commerce.example.com
,PAY-202009-00000002753,ORD-202009-0000002630,CUST-0000141422,2020-09-15 20:50:34,Phonepe,Success,239.59,CAD,CAN,North America,,false,2020-09-15 20:50:34,michael.berger060@platform.example.com
,PAY-202009-00000002754,ORD-202009-0000002670,CUST-0000139017,2020-09-16 18:32:37,Debit Card,Success,1416.61,SGD,SGP,Asia,,false,2020-09-16 18:32:37,brandi.carter038@dataops.example.com
,PAY-202009-00000002755,ORD-202009-0000002000,CUST-0000151435,2020-09-30 05:36:49,Buy Now Pay Later,Success,2761.2,EUR,DEU,Europe,,false,2020-09-30 05:36:49,susan.rice083@commerce.example.com
,PAY-202009-00000002756,ORD-202009-0000004462,CUST-0000143600,2020-09-26 15:42:50,Google Pay,Success,2133.51,JPY,JPN,Asia,,false,2020-09-26 15:42:50,micheal.hall064@dataops.example.com
,PAY-202009-00000002757,ORD-202009-0000004015,CUST-0000143984,2020-09-26 13:04:13,Buy Now Pay Later,Success,1285.62,EUR,DEU,Europe,,false,2020-09-26 13:04:13,andrea.cummings039@platform.example.com
,PAY-202009-00000002758,ORD-202009-0000001311,CUST-0000146552,2020-09-24 12:31:22,PayPal,Success,3278.17,GBP,GBR,Europe,,false,2020-09-24 12:31:22,brandon.yu006@analytics.example.com
,PAY-202009-00000002759,ORD-202009-0000000530,CUST-0000147454,2020-09-29 03:21:48,Apple Pay,Success,1161.57,BRL,BRA,South America,,false,2020-09-29 03:21:48,michelle.sims041@analytics.example.com
,PAY-202009-00000002760,ORD-202009-0000006163,CUST-0000150255,2020-09-04 13:08:59,Apple Pay,Success,2938.55,EUR,DEU,Europe,,false,2020-09-04 13:08:59,kelsey.taylor010@platform.example.com
,PAY-202009-00000002761,ORD-202009-0000002177,CUST-0000136790,2020-09-22 21:38:47,Phonepe,Success,2492.06,EUR,ITA,Europe,,false,2020-09-22 21:38:47,kelsey.taylor010@platform.example.com
,PAY-202009-00000002762,ORD-202009-0000002186,CUST-0000148989,2020-09-26 19:15:36,Bank Transfer,Success,1635.54,AUD,AUS,Oceania,,false,2020-09-26 19:15:36,jeffery.miller012@commerce.example.com
,PAY-202009-00000002763,ORD-202009-0000005104,CUST-0000140777,2020-09-09 08:37:09,Debit Card,Success,438.53,EUR,NLD,Europe,,false,2020-09-09 08:37:09,michael.johnson061@platform.example.com
,PAY-202009-00000002764,ORD-202009-0000002211,CUST-0000139398,2020-09-04 16:32:44,Paytm,Success,661.08,INR,IND,Asia,,false,2020-09-04 16:32:44,susan.rice083@commerce.example.com
,PAY-202009-00000002765,ORD-202009-0000004122,CUST-0000142411,2020-09-17 05:17:40,Phonepe,Success,447.77,EUR,DEU,Europe,,false,2020-09-17 05:17:40,brandi.carter038@dataops.example.com
,PAY-202009-00000002766,ORD-202009-0000004176,CUST-0000140130,2020-09-23 09:25:12,Bank Transfer,Success,1210.07,AED,ARE,Asia,,false,2020-09-23 09:25:12,michael.berger060@platform.example.com
,PAY-202009-00000002767,ORD-202009-0000006452,CUST-0000148920,2020-09-28 02:25:09,PayPal,Success,673.47,EUR,NLD,Europe,,false,2020-09-28 02:25:09,michael.berger060@platform.example.com
,PAY-202009-00000002768,ORD-202009-0000006308,CUST-0000149099,2020-09-25 14:47:12,Paytm,Success,577.32,EUR,ITA,Europe,,false,2020-09-25 14:47:12,micheal.chen050@dataops.example.com
,PAY-202009-00000002769,ORD-202009-0000004380,CUST-0000143271,2020-09-04 09:47:30,Bank Transfer,Success,1203.81,EUR,NLD,Europe,,false,2020-09-04 09:47:30,michael.johnson061@platform.example.com
,PAY-202009-00000002770,ORD-202009-0000003496,CUST-0000144503,2020-09-12 14:18:07,Phonepe,Success,3367.1,BRL,BRA,South America,,false,2020-09-12 14:18:07,maria.ashley046@analytics.example.com
,PAY-202009-00000002771,ORD-202009-0000003786,CUST-0000145276,2020-09-09 10:15:51,Bank Transfer,Success,411.45,GBP,GBR,Europe,,false,2020-09-09 10:15:51,joseph.johnson049@dataops.example.com
,PAY-202009-00000002772,ORD-202009-0000004234,CUST-0000151836,2020-09-21 02:16:55,PayPal,Success,3375.23,JPY,JPN,Asia,,false,2020-09-21 02:16:55,taylor.cunningham023@commerce.example.com
,PAY-202009-00000002773,ORD-202009-0000002485,CUST-0000143395,2020-09-21 23:35:48,Gift Card,Success,307.47,AUD,AUS,Oceania,,false,2020-09-21 23:35:48,adam.gordon030@commerce.example.com
,PAY-202009-00000002774,ORD-202009-0000003884,CUST-0000140325,2020-09-30 09:09:08,Gift Card,Success,3307.77,SGD,SGP,Asia,,false,2020-09-30 09:09:08,eric.horton058@analytics.example.com
,PAY-202009-00000002775,ORD-202009-0000000250,CUST-0000141415,2020-09-12 23:13:42,Apple Pay,Success,1465.98,EUR,NLD,Europe,,false,2020-09-12 23:13:42,micheal.chen050@dataops.example.com
,PAY-202009-00000002776,ORD-202009-0000005396,CUST-0000144824,2020-09-18 01:32:49,PayPal,Refunded,1894.0,MXN,MEX,North America,,true,2020-09-18 01:32:49,james.proctor094@dataops.example.com
,PAY-202009-00000002777,ORD-202009-0000004449,CUST-0000144780,2020-09-09 04:39:06,Bank Transfer,Success,2483.47,SGD,SGP,Asia,,false,2020-09-09 04:39:06,victor.palmer071@platform.example.com
,PAY-202009-00000002778,ORD-202009-0000005773,CUST-0000142297,2020-09-23 12:08:56,Bank Transfer,Success,1227.85,EUR,DEU,Europe,,false,2020-09-23 12:08:56,micheal.chen050@dataops.example.com
,PAY-202009-00000002779,ORD-202009-0000004107,CUST-0000150137,2020-09-16 02:08:37,Debit Card,Success,2502.11,SGD,SGP,Asia,,false,2020-09-16 02:08:37,joseph.johnson049@dataops.example.com
,PAY-202009-00000002780,ORD-202009-0000001254,CUST-0000149423,2020-09-01 16:44:29,Credit Card,Success,1925.06,EUR,NLD,Europe,,false,2020-09-01 16:44:29,jeffery.miller012@commerce.example.com
,PAY-202009-00000002781,ORD-202009-0000001475,CUST-0000140020,2020-09-13 17:11:46,PayPal,Success,1253.81,INR,IND,Asia,,false,2020-09-13 17:11:46,david.cabrera119@dataops.example.com
,PAY-202009-00000002782,ORD-202009-0000002405,CUST-0000141668,2020-09-30 08:17:11,Buy Now Pay Later,Success,2228.71,USD,USA,North America,,false,2020-09-30 08:17:11,timothy.cameron104@commerce.example.com
,PAY-202009-00000002783,ORD-202009-0000002522,CUST-0000134562,2020-09-30 22:18:42,Phonepe,Success,1172.7,EUR,FRA,Europe,,false,2020-09-30 22:18:42,michael.berger060@platform.example.com
,PAY-202009-00000002784,ORD-202009-0000002495,CUST-0000140935,2020-09-15 17:26:47,Debit Card,Success,2248.35,EUR,ESP,Europe,,false,2020-09-15 17:26:47,tina.williams074@commerce.example.com
,PAY-202009-00000002785,ORD-202009-0000000750,CUST-0000151325,2020-09-04 16:02:48,Credit Card,Success,2308.6,USD,USA,North America,,false,2020-09-04 16:02:48,taylor.cunningham023@commerce.example.com
,PAY-202009-00000002786,ORD-202009-0000002384,CUST-0000145847,2020-09-05 00:16:18,Gift Card,Success,3432.05,EUR,ITA,Europe,,false,2020-09-05 00:16:18,timothy.cameron104@commerce.example.com
,PAY-202009-00000002787,ORD-202009-0000001040,CUST-0000150636,2020-09-13 19:56:12,Gift Card,Success,2379.26,EUR,DEU,Europe,,false,2020-09-13 19:56:12,ashley.marks069@commerce.example.com
,PAY-202009-00000002788,ORD-202009-0000001314,CUST-0000152447,2020-09-06 20:16:40,Gift Card,Success,2403.07,GBP,GBR,Europe,,false,2020-09-06 20:16:40,jeffery.miller012@commerce.example.com
,PAY-202009-00000002789,ORD-202009-0000005222,CUST-0000139935,2020-09-14 09:23:47,Credit Card,Success,1844.47,CAD,CAN,North America,,false,2020-09-14 09:23:47,victor.palmer071@platform.example.com
,PAY-202009-00000002790,ORD-202009-0000000962,CUST-0000150713,2020-09-26 11:56:52,Bank Transfer,Success,1368.11,EUR,FRA,Europe,,false,2020-09-26 11:56:52,michael.johnson061@platform.example.com
,PAY-202009-00000002791,ORD-202009-0000001388,CUST-0000153040,2020-09-07 19:59:39,PayPal,Success,3226.05,EUR,ESP,Europe,,false,2020-09-07 19:59:39,ashley.marks069@commerce.example.com
,PAY-202009-00000002792,ORD-202009-0000002249,CUST-0000137727,2020-09-29 11:39:14,Credit Card,Success,3042.24,USD,USA,North America,,false,2020-09-29 11:39:14,patrick.gonzalez035@dataops.example.com
,PAY-202009-00000002793,ORD-202009-0000005781,CUST-0000136777,2020-09-19 00:57:16,Credit Card,Success,3140.76,INR,IND,Asia,,false,2020-09-19 00:57:16,micheal.hall064@dataops.example.com
,PAY-202009-00000002794,ORD-202009-0000000940,CUST-0000136361,2020-09-07 02:16:48,Apple Pay,Success,2750.3,MXN,MEX,North America,,false,2020-09-07 02:16:48,brandon.yu006@analytics.example.com
,PAY-202009-00000002795,ORD-202009-0000006012,CUST-0000135417,2020-09-26 07:27:17,Gift Card,Success,2233.24,EUR,ESP,Europe,,false,2020-09-26 07:27:17,susan.rice083@commerce.example.com
,PAY-202009-00000002796,ORD-202009-0000000056,CUST-0000138354,2020-09-08 20:49:18,Paytm,Pending,2743.27,INR,IND,Asia,,false,2020-09-08 20:49:18,megan.cunningham013@commerce.example.com
,PAY-202009-00000002797,ORD-202009-0000002342,CUST-0000137642,2020-09-17 18:36:58,Credit Card,Success,2849.2,INR,IND,Asia,,false,2020-09-17 18:36:58,lance.williams029@platform.example.com
,PAY-202009-00000002798,ORD-202009-0000000300,CUST-0000152403,2020-09-07 03:24:36,PayPal,Success,2448.04,MXN,MEX,North America,,false,2020-09-07 03:24:36,david.cabrera119@dataops.example.com
,PAY-202009-00000002799,ORD-202009-0000004752,CUST-0000139471,2020-09-02 19:50:56,Debit Card,Success,123.84,EUR,ESP,Europe,,false,2020-09-02 19:50:56,stephen.clark001@analytics.example.com
,PAY-202009-00000002800,ORD-202009-0000001739,CUST-0000152674,2020-09-05 16:08:14,Credit Card,Success,1792.55,AUD,AUS,Oceania,,false,2020-09-05 16:08:14,michael.berger060@platform.example.com
,PAY-202009-00000002801,ORD-202009-0000002428,CUST-0000152149,2020-09-10 03:14:02,Debit Card,Success,1528.41,CAD,CAN,North America,,false,2020-09-10 03:14:02,eric.mullen052@dataops.example.com
,PAY-202009-00000002802,ORD-202009-0000005905,CUST-0000151831,2020-09-06 01:11:45,Paytm,Failed,1817.47,EUR,FRA,Europe,Card declined,false,2020-09-06 01:11:45,brandon.yu006@analytics.example.com
,PAY-202009-00000002803,ORD-202009-0000001748,CUST-0000143390,2020-09-08 08:47:23,PayPal,Success,1952.32,EUR,DEU,Europe,,false,2020-09-08 08:47:23,timothy.cameron104@commerce.example.com
,PAY-202009-00000002804,ORD-202009-0000003856,CUST-0000139090,2020-09-07 13:26:50,PayPal,Success,3339.91,EUR,ESP,Europe,,false,2020-09-07 13:26:50,eric.horton058@analytics.example.com
,PAY-202009-00000002805,ORD-202009-0000001124,CUST-0000140471,2020-09-10 17:42:45,Google Pay,Refunded,477.43,SGD,SGP,Asia,,true,2020-09-10 17:42:45,lance.williams029@platform.example.com
,PAY-202009-00000002806,ORD-202009-0000002909,CUST-0000144409,2020-09-03 19:27:10,Phonepe,Success,113.36,EUR,FRA,Europe,,false,2020-09-03 19:27:10,victor.palmer071@platform.example.com
,PAY-202009-00000002807,ORD-202009-0000001607,CUST-0000148560,2020-09-24 11:44:04,Apple Pay,Success,2656.48,EUR,DEU,Europe,,false,2020-09-24 11:44:04,maria.ashley046@analytics.example.com
,PAY-202009-00000002808,ORD-202009-0000006113,CUST-0000152806,2020-09-19 16:11:58,Gift Card,Success,3159.01,EUR,NLD,Europe,,false,2020-09-19 16:11:58,patrick.gonzalez035@dataops.example.com
,PAY-202009-00000002809,ORD-202009-0000000714,CUST-0000134766,2020-09-13 07:49:22,Bank Transfer,Success,747.98,GBP,GBR,Europe,,false,2020-09-13 07:49:22,taylor.cunningham023@commerce.example.com
,PAY-202009-00000002810,ORD-202009-0000005495,CUST-0000136450,2020-09-10 04:04:04,Gift Card,Success,1044.2,USD,USA,North America,,false,2020-09-10 04:04:04,timothy.cameron104@commerce.example.com
,PAY-202009-00000002811,ORD-202009-0000003219,CUST-0000142016,2020-09-26 06:07:30,Google Pay,Success,1610.4,GBP,GBR,Europe,,false,2020-09-26 06:07:30,jeffery.miller012@commerce.example.com
,PAY-202009-00000002812,ORD-202009-0000006141,CUST-0000145642,2020-09-12 03:42:32,PayPal,Success,3232.55,USD,USA,North America,,false,2020-09-12 03:42:32,peter.martinez098@platform.example.com
,PAY-202009-00000002813,ORD-202009-0000000897,CUST-0000147883,2020-09-02 04:33:13,Debit Card,Success,97.58,BRL,BRA,South America,,false,2020-09-02 04:33:13,patrick.gonzalez035@dataops.example.com
,PAY-202009-00000002814,ORD-202009-0000003939,CUST-0000153444,2020-09-10 05:13:19,Credit Card,Success,536.33,EUR,ESP,Europe,,false,2020-09-10 05:13:19,micheal.hall064@dataops.example.com
,PAY-202009-00000002815,ORD-202009-0000001831,CUST-0000144692,2020-09-11 08:04:13,Google Pay,Success,770.83,EUR,ITA,Europe,,false,2020-09-11 08:04:13,michael.berger060@platform.example.com
,PAY-202009-00000002816,ORD-202009-0000006322,CUST-0000141509,2020-09-16 07:27:07,Paytm,Success,1741.62,SGD,SGP,Asia,,false,2020-09-16 07:27:07,micheal.chen050@dataops.example.com
,PAY-202009-00000002817,ORD-202009-0000003090,CUST-0000145102,2020-09-17 20:04:15,Credit Card,Success,3170.49,AED,ARE,Asia,,false,2020-09-17 20:04:15,andrea.cummings039@platform.example.com
,PAY-202009-00000002818,ORD-202009-0000003068,CUST-0000147992,2020-09-25 21:37:17,Debit Card,Success,2450.57,INR,IND,Asia,,false,2020-09-25 21:37:17,jennifer.hudson020@analytics.example.com
,PAY-202009-00000002819,ORD-202009-0000006289,CUST-0000138246,2020-09-17 04:24:48,Phonepe,Success,485.55,EUR,NLD,Europe,,false,2020-09-17 04:24:48,lance.williams029@platform.example.com
,PAY-202009-00000002820,ORD-202009-0000001556,CUST-0000134816,2020-09-14 08:17:07,PayPal,Success,1493.14,SGD,SGP,Asia,,false,2020-09-14 08:17:07,david.cabrera119@dataops.example.com
,PAY-202009-00000002821,ORD-202009-0000003950,CUST-0000143533,2020-09-15 07:45:38,Gift Card,Success,210.46,GBP,GBR,Europe,,false,2020-09-15 07:45:38,james.proctor094@dataops.example.com
,PAY-202009-00000002822,ORD-202009-0000001888,CUST-0000135377,2020-09-02 11:11:21,Apple Pay,Success,667.99,INR,IND,Asia,,false,2020-09-02 11:11:21,david.cabrera119@dataops.example.com
,PAY-202009-00000002823,ORD-202009-0000004817,CUST-0000146277,2020-09-10 00:02:52,Paytm,Success,2827.88,USD,USA,North America,,false,2020-09-10 00:02:52,stephen.daniels076@commerce.example.com
,PAY-202009-00000002824,ORD-202009-0000006432,CUST-0000147269,2020-09-26 12:08:27,Phonepe,Pending,978.74,INR,IND,Asia,,false,2020-09-26 12:08:27,stephen.daniels076@commerce.example.com
,PAY-202009-00000002825,ORD-202009-0000001466,CUST-0000137042,2020-09-10 17:17:19,Credit Card,Success,2792.93,EUR,ESP,Europe,,false,2020-09-10 17:17:19,timothy.cannon081@analytics.example.com
,PAY-202009-00000002826,ORD-202009-0000000972,CUST-0000143016,2020-09-30 04:31:03,Apple Pay,Success,2588.67,MXN,MEX,North America,,false,2020-09-30 04:31:03,stephen.daniels076@commerce.example.com
,PAY-202009-00000002827,ORD-202009-0000003088,CUST-0000149678,2020-09-17 05:35:55,Paytm,Success,2217.51,EUR,ITA,Europe,,false,2020-09-17 05:35:55,megan.cunningham013@commerce.example.com
,PAY-202009-00000002828,ORD-202009-0000006005,CUST-0000135769,2020-09-01 22:27:28,Buy Now Pay Later,Success,1582.51,CAD,CAN,North America,,false,2020-09-01 22:27:28,stephen.daniels076@commerce.example.com
,PAY-202009-00000002829,ORD-202009-0000004308,CUST-0000147865,2020-09-01 02:03:44,Apple Pay,Success,1007.83,JPY,JPN,Asia,,false,2020-09-01 02:03:44,james.proctor094@dataops.example.com
,PAY-202009-00000002830,ORD-202009-0000006364,CUST-0000140746,2020-09-27 08:29:07,Phonepe,Refunded,1903.06,JPY,JPN,Asia,,true,2020-09-27 08:29:07,kelsey.taylor010@platform.example.com
,PAY-202009-00000002831,ORD-202009-0000004973,CUST-0000147740,2020-09-11 06:57:15,Apple Pay,Success,2229.02,AUD,AUS,Oceania,,false,2020-09-11 06:57:15,jennifer.hudson020@analytics.example.com
,PAY-202009-00000002832,ORD-202009-0000005025,CUST-0000149694,2020-09-05 21:32:33,Phonepe,Success,930.76,JPY,JPN,Asia,,false,2020-09-05 21:32:33,michelle.bender024@analytics.example.com
,PAY-202009-00000002833,ORD-202009-0000003530,CUST-0000152208,2020-09-08 03:48:24,Bank Transfer,Refunded,489.69,AED,ARE,Asia,,true,2020-09-08 03:48:24,joseph.johnson049@dataops.example.com
,PAY-202009-00000002834,ORD-202009-0000003716,CUST-0000142473,2020-09-23 18:28:42,Apple Pay,Success,1507.73,EUR,FRA,Europe,,false,2020-09-23 18:28:42,patrick.gonzalez035@dataops.example.com
,PAY-202009-00000002835,ORD-202009-0000006034,CUST-0000140382,2020-09-20 18:45:23,Phonepe,Success,550.84,EUR,ITA,Europe,,false,2020-09-20 18:45:23,james.proctor094@dataops.example.com
,PAY-202009-00000002836,ORD-202009-0000005475,CUST-0000150440,2020-09-22 22:34:00,Bank Transfer,Success,3172.98,CAD,CAN,North America,,false,2020-09-22 22:34:00,megan.cunningham013@commerce.example.com
,PAY-202009-00000002837,ORD-202009-0000001311,CUST-0000135085,2020-09-06 20:43:05,Gift Card,Failed,291.36,EUR,ESP,Europe,Invalid CVV,false,2020-09-06 20:43:05,brandi.carter038@dataops.example.com
,PAY-202009-00000002838,ORD-202009-0000004101,CUST-0000143670,2020-09-12 21:24:41,Debit Card,Success,3297.5,USD,USA,North America,,false,2020-09-12 21:24:41,jennifer.bauer068@analytics.example.com
,PAY-202009-00000002839,ORD-202009-0000001273,CUST-0000144398,2020-09-13 18:11:48,Google Pay,Success,918.75,INR,IND,Asia,,false,2020-09-13 18:11:48,megan.cunningham013@commerce.example.com
,PAY-202009-00000002840,ORD-202009-0000003434,CUST-0000142258,2020-09-03 08:03:40,Paytm,Success,935.48,EUR,NLD,Europe,,false,2020-09-03 08:03:40,james.proctor094@dataops.example.com
,PAY-202009-00000002841,ORD-202009-0000002705,CUST-0000136997,2020-09-08 23:01:01,Paytm,Success,3347.15,EUR,DEU,Europe,,false,2020-09-08 23:01:01,eric.mullen052@dataops.example.com
,PAY-202009-00000002842,ORD-202009-0000003013,CUST-0000140068,2020-09-18 15:58:57,Apple Pay,Success,2180.73,BRL,BRA,South America,,false,2020-09-18 15:58:57,andrea.cummings039@platform.example.com
,PAY-202009-00000002843,ORD-202009-0000003728,CUST-0000149293,2020-09-19 13:35:14,Bank Transfer,Success,3423.84,MXN,MEX,North America,,false,2020-09-19 13:35:14,michelle.bender024@analytics.example.com
,PAY-202009-00000002844,ORD-202009-0000003331,CUST-0000137845,2020-09-29 06:55:24,Debit Card,Success,1646.2,GBP,GBR,Europe,,false,2020-09-29 06:55:24,alyssa.richards002@commerce.example.com
,PAY-202009-00000002845,ORD-202009-0000002813,CUST-0000144033,2020-09-22 05:17:51,PayPal,Success,1659.78,EUR,ITA,Europe,,false,2020-09-22 05:17:51,taylor.cunningham023@commerce.example.com
,PAY-202009-00000002846,ORD-202009-0000000903,CUST-0000142974,2020-09-17 21:52:28,Phonepe,Success,2416.69,EUR,ESP,Europe,,false,2020-09-17 21:52:28,peter.martinez098@platform.example.com
,PAY-202009-00000002847,ORD-202009-0000004555,CUST-0000137608,2020-09-06 08:16:29,Bank Transfer,Success,2170.64,CAD,CAN,North America,,false,2020-09-06 08:16:29,david.cabrera119@dataops.example.com
,PAY-202009-00000002848,ORD-202009-0000001467,CUST-0000153693,2020-09-06 05:52:09,Google Pay,Success,2543.16,AED,ARE,Asia,,false,2020-09-06 05:52:09,kelsey.taylor010@platform.example.com
,PAY-202009-00000002849,ORD-202009-0000002560,CUST-0000152164,2020-09-24 10:34:10,PayPal,Success,195.74,BRL,BRA,South America,,false,2020-09-24 10:34:10,eric.mullen052@dataops.example.com
,PAY-202009-00000002850,ORD-202009-0000003036,CUST-0000141032,2020-09-23 05:02:52,PayPal,Success,456.98,BRL,BRA,South America,,false,2020-09-23 05:02:52,tina.williams074@commerce.example.com
,PAY-202009-00000002851,ORD-202009-0000002466,CUST-0000147871,2020-09-11 22:51:59,PayPal,Success,22.23,EUR,NLD,Europe,,false,2020-09-11 22:51:59,taylor.cunningham023@commerce.example.com
,PAY-202009-00000002852,ORD-202009-0000001163,CUST-0000151238,2020-09-28 00:17:50,Bank Transfer,Success,677.05,USD,USA,North America,,false,2020-09-28 00:17:50,stephen.clark001@analytics.example.com
,PAY-202009-00000002853,ORD-202009-0000006259,CUST-0000150669,2020-09-02 03:58:08,Apple Pay,Success,2041.85,BRL,BRA,South America,,false,2020-09-02 03:58:08,micheal.hall064@dataops.example.com
,PAY-202009-00000002854,ORD-202009-0000005695,CUST-0000144840,2020-09-30 07:50:34,Google Pay,Success,168.1,JPY,JPN,Asia,,false,2020-09-30 07:50:34,david.cabrera119@dataops.example.com
,PAY-202009-00000002855,ORD-202009-0000003650,CUST-0000144798,2020-09-02 16:36:04,Credit Card,Success,2696.56,MXN,MEX,North America,,false,2020-09-02 16:36:04,andrea.cummings039@platform.example.com
,PAY-202009-00000002856,ORD-202009-0000005545,CUST-0000149516,2020-09-02 04:40:24,Bank Transfer,Success,1570.74,BRL,BRA,South America,,false,2020-09-02 04:40:24,victor.palmer071@platform.example.com
,PAY-202009-00000002857,ORD-202009-0000005286,CUST-0000151706,2020-09-30 16:04:41,Phonepe,Success,912.41,SGD,SGP,Asia,,false,2020-09-30 16:04:41,peter.martinez098@platform.example.com
,PAY-202009-00000002858,ORD-202009-0000002075,CUST-0000139050,2020-09-29 00:51:39,Google Pay,Success,436.61,AUD,AUS,Oceania,,false,2020-09-29 00:51:39,micheal.chen050@dataops.example.com
,PAY-202009-00000002859,ORD-202009-0000000419,CUST-0000148149,2020-09-03 10:21:14,Google Pay,Success,3489.3,SGD,SGP,Asia,,false,2020-09-03 10:21:14,andrea.cummings039@platform.example.com
,PAY-202009-00000002860,ORD-202009-0000005038,CUST-0000141621,2020-09-10 15:15:47,Debit Card,Success,2320.7,EUR,NLD,Europe,,false,2020-09-10 15:15:47,megan.cunningham013@commerce.example.com
,PAY-202009-00000002861,ORD-202009-0000002268,CUST-0000146477,2020-09-10 22:35:45,Paytm,Success,1734.17,EUR,FRA,Europe,,false,2020-09-10 22:35:45,brandi.carter038@dataops.example.com
,PAY-202009-00000002862,ORD-202009-0000003214,CUST-0000139382,2020-09-16 03:26:20,Phonepe,Success,363.81,INR,IND,Asia,,false,2020-09-16 03:26:20,kelsey.taylor010@platform.example.com
,PAY-202009-00000002863,ORD-202009-0000003627,CUST-0000135589,2020-09-16 14:07:59,Paytm,Success,1641.93,JPY,JPN,Asia,,false,2020-09-16 14:07:59,stephen.daniels076@commerce.example.com
,PAY-202009-00000002864,ORD-202009-0000003846,CUST-0000151873,2020-09-20 11:19:54,Google Pay,Success,1145.43,AUD,AUS,Oceania,,false,2020-09-20 11:19:54,patrick.gonzalez035@dataops.example.com
,PAY-202009-00000002865,ORD-202009-0000001335,CUST-0000147920,2020-09-03 12:01:17,Gift Card,Success,3214.48,USD,USA,North America,,false,2020-09-03 12:01:17,eric.horton058@analytics.example.com
,PAY-202009-00000002866,ORD-202009-0000003647,CUST-0000149703,2020-09-01 12:24:10,Credit Card,Success,631.87,BRL,BRA,South America,,false,2020-09-01 12:24:10,michelle.bender024@analytics.example.com
,PAY-202009-00000002867,ORD-202009-0000006146,CUST-0000148914,2020-09-08 21:32:20,Google Pay,Success,3153.79,EUR,ITA,Europe,,false,2020-09-08 21:32:20,david.cabrera119@dataops.example.com
,PAY-202009-00000002868,ORD-202009-0000001312,CUST-0000137211,2020-09-12 23:47:23,Phonepe,Success,1710.59,BRL,BRA,South America,,false,2020-09-12 23:47:23,joseph.johnson049@dataops.example.com
,PAY-202009-00000002869,ORD-202009-0000006128,CUST-0000147033,2020-09-27 19:42:11,Debit Card,Success,450.2,EUR,NLD,Europe,,false,2020-09-27 19:42:11,joseph.johnson049@dataops.example.com
,PAY-202009-00000002870,ORD-202009-0000002244,CUST-0000137761,2020-09-10 04:39:32,Debit Card,Success,1213.68,INR,IND,Asia,,false,2020-09-10 04:39:32,michelle.sims041@analytics.example.com
,PAY-202009-00000002871,ORD-202009-0000002751,CUST-0000140650,2020-09-24 03:33:20,Buy Now Pay Later,Success,3452.74,EUR,ESP,Europe,,false,2020-09-24 03:33:20,adam.gordon030@commerce.example.com
,PAY-202009-00000002872,ORD-202009-0000000690,CUST-0000138594,2020-09-29 08:05:49,Debit Card,Success,398.77,GBP,GBR,Europe,,false,2020-09-29 08:05:49,victor.palmer071@platform.example.com
,PAY-202009-00000002873,ORD-202009-0000001905,CUST-0000143152,2020-09-29 06:43:52,Bank Transfer,Success,1030.25,USD,USA,North America,,false,2020-09-29 06:43:52,adam.gordon030@commerce.example.com
,PAY-202009-00000002874,ORD-202009-0000003605,CUST-0000145922,2020-09-24 01:54:15,Apple Pay,Success,3250.78,MXN,MEX,North America,,false,2020-09-24 01:54:15,jennifer.bauer068@analytics.example.com
,PAY-202009-00000002875,ORD-202009-0000000949,CUST-0000141052,2020-09-23 09:22:13,Apple Pay,Success,1132.78,EUR,NLD,Europe,,false,2020-09-23 09:22:13,david.cabrera119@dataops.example.com
,PAY-202009-00000002876,ORD-202009-0000005728,CUST-0000136046,2020-09-08 16:12:35,Phonepe,Success,78.52,EUR,ITA,Europe,,false,2020-09-08 16:12:35,eric.mullen052@dataops.example.com
,PAY-202009-00000002877,ORD-202009-0000002287,CUST-0000143687,2020-09-26 00:57:55,Bank Transfer,Success,1369.51,CAD,CAN,North America,,false,2020-09-26 00:57:55,timothy.cannon081@analytics.example.com
,PAY-202009-00000002878,ORD-202009-0000004203,CUST-0000139743,2020-09-12 22:03:05,Google Pay,Success,556.2,EUR,DEU,Europe,,false,2020-09-12 22:03:05,jennifer.bauer068@analytics.example.com
,PAY-202009-00000002879,ORD-202009-0000003134,CUST-0000135747,2020-09-05 00:25:25,Debit Card,Success,2170.88,EUR,DEU,Europe,,false,2020-09-05 00:25:25,adam.gordon030@commerce.example.com
,PAY-202009-00000002880,ORD-202009-0000002114,CUST-0000142455,2020-09-24 02:20:37,Bank Transfer,Success,598.36,CAD,CAN,North America,,false,2020-09-24 02:20:37,ashley.marks069@commerce.example.com
,PAY-202009-00000002881,ORD-202009-0000004122,CUST-0000153273,2020-09-23 11:29:45,Gift Card,Success,2600.11,EUR,ESP,Europe,,false,2020-09-23 11:29:45,john.mullins109@commerce.example.com
,PAY-202009-00000002882,ORD-202009-0000002402,CUST-0000149124,2020-09-06 20:05:14,Apple Pay,Success,1664.29,EUR,DEU,Europe,,false,2020-09-06 20:05:14,ryan.steele043@commerce.example.com
,PAY-202009-00000002883,ORD-202009-0000006569,CUST-0000149425,2020-09-30 00:19:52,Phonepe,Success,2218.56,JPY,JPN,Asia,,false,2020-09-30 00:19:52,james.proctor094@dataops.example.com
,PAY-202009-00000002884,ORD-202009-0000002102,CUST-0000140633,2020-09-27 14:15:01,Phonepe,Success,3417.7,EUR,DEU,Europe,,false,2020-09-27 14:15:01,victor.palmer071@platform.example.com
,PAY-202009-00000002885,ORD-202009-0000005384,CUST-0000143296,2020-09-21 09:12:02,Apple Pay,Success,1851.97,EUR,FRA,Europe,,false,2020-09-21 09:12:02,brandon.yu006@analytics.example.com
,PAY-202009-00000002886,ORD-202009-0000001554,CUST-0000153279,2020-09-13 21:26:36,Paytm,Success,1802.3,JPY,JPN,Asia,,false,2020-09-13 21:26:36,alyssa.richards002@commerce.example.com
,PAY-202009-00000002887,ORD-202009-0000002789,CUST-0000148332,2020-09-20 01:25:45,Credit Card,Success,3355.35,EUR,ITA,Europe,,false,2020-09-20 01:25:45,maria.ashley046@analytics.example.com
,PAY-202009-00000002888,ORD-202009-0000003954,CUST-0000149811,2020-09-05 08:31:33,Google Pay,Success,499.15,JPY,JPN,Asia,,false,2020-09-05 08:31:33,stephen.daniels076@commerce.example.com
,PAY-202009-00000002889,ORD-202009-0000000292,CUST-0000139041,2020-09-21 13:00:16,Debit Card,Success,537.86,MXN,MEX,North America,,false,2020-09-21 13:00:16,patrick.gonzalez035@dataops.example.com
,PAY-202009-00000002890,ORD-202009-0000005341,CUST-0000151984,2020-09-11 20:11:14,Buy Now Pay Later,Success,1948.77,USD,USA,North America,,false,2020-09-11 20:11:14,eric.horton058@analytics.example.com
,PAY-202009-00000002891,ORD-202009-0000005971,CUST-0000146757,2020-09-21 19:37:05,Buy Now Pay Later,Success,560.19,CAD,CAN,North America,,false,2020-09-21 19:37:05,victor.palmer071@platform.example.com
,PAY-202009-00000002892,ORD-202009-0000003184,CUST-0000140664,2020-09-10 05:15:50,Paytm,Success,3289.89,BRL,BRA,South America,,false,2020-09-10 05:15:50,brandon.yu006@analytics.example.com
,PAY-202009-00000002893,ORD-202009-0000005521,CUST-0000134659,2020-09-22 01:49:14,Gift Card,Success,3284.28,AED,ARE,Asia,,false,2020-09-22 01:49:14,joseph.johnson049@dataops.example.com
,PAY-202009-00000002894,ORD-202009-0000005364,CUST-0000144938,2020-09-09 05:40:48,Paytm,Success,74.18,EUR,NLD,Europe,,false,2020-09-09 05:40:48,michael.johnson061@platform.example.com
,PAY-202009-00000002895,ORD-202009-0000002598,CUST-0000147399,2020-09-14 18:43:32,Gift Card,Success,121.88,EUR,ESP,Europe,,false,2020-09-14 18:43:32,michael.berger060@platform.example.com
,PAY-202009-00000002896,ORD-202009-0000004964,CUST-0000138799,2020-09-14 04:11:03,Apple Pay,Success,2637.2,EUR,FRA,Europe,,false,2020-09-14 04:11:03,adam.gordon030@commerce.example.com
,PAY-202009-00000002897,ORD-202009-0000004166,CUST-0000147709,2020-09-12 06:22:17,Apple Pay,Success,554.23,AUD,AUS,Oceania,,false,2020-09-12 06:22:17,stephen.clark001@analytics.example.com
,PAY-202009-00000002898,ORD-202009-0000002101,CUST-0000139574,2020-09-29 14:21:47,Credit Card,Success,394.95,EUR,ESP,Europe,,false,2020-09-29 14:21:47,tina.williams074@commerce.example.com
,PAY-202009-00000002899,ORD-202009-0000000948,CUST-0000147663,2020-09-13 22:29:33,PayPal,Success,2957.23,JPY,JPN,Asia,,false,2020-09-13 22:29:33,adam.gordon030@commerce.example.com
,PAY-202009-00000002900,ORD-202009-0000005108,CUST-0000137140,2020-09-04 11:30:54,Credit Card,Success,1165.43,EUR,NLD,Europe,,false,2020-09-04 11:30:54,micheal.hall064@dataops.example.com
,PAY-202009-00000002901,ORD-202009-0000000460,CUST-0000137235,2020-09-02 12:27:39,Credit Card,Success,1023.19,EUR,DEU,Europe,,false,2020-09-02 12:27:39,megan.cunningham013@commerce.example.com
,PAY-202009-00000002902,ORD-202009-0000005740,CUST-0000141466,2020-09-07 19:50:48,Credit Card,Success,2859.8,CAD,CAN,North America,,false,2020-09-07 19:50:48,brandon.yu006@analytics.example.com
,PAY-202009-00000002903,ORD-202009-0000003878,CUST-0000137962,2020-09-12 01:49:58,Paytm,Success,2516.05,GBP,GBR,Europe,,false,2020-09-12 01:49:58,micheal.hall064@dataops.example.com
,PAY-202009-00000002904,ORD-202009-0000003962,CUST-0000149548,2020-09-05 09:13:40,Debit Card,Success,2245.8,EUR,ITA,Europe,,false,2020-09-05 09:13:40,lance.williams029@platform.example.com
,PAY-202009-00000002905,ORD-202009-0000003567,CUST-0000143932,2020-09-29 00:18:58,Gift Card,Success,1227.43,AUD,AUS,Oceania,,false,2020-09-29 00:18:58,ashley.marks069@commerce.example.com
,PAY-202009-00000002906,ORD-202009-0000003937,CUST-0000134607,2020-09-01 12:30:34,Apple Pay,Success,2420.41,EUR,ESP,Europe,,false,2020-09-01 12:30:34,taylor.cunningham023@commerce.example.com
,PAY-202009-00000002907,ORD-202009-0000002925,CUST-0000136496,2020-09-16 07:43:37,Gift Card,Success,2570.47,USD,USA,North America,,false,2020-09-16 07:43:37,jennifer.hudson020@analytics.example.com
,PAY-202009-00000002908,ORD-202009-0000001402,CUST-0000139512,2020-09-28 07:12:57,Bank Transfer,Success,1765.28,CAD,CAN,North America,,false,2020-09-28 07:12:57,jennifer.bauer068@analytics.example.com
,PAY-202009-00000002909,ORD-202009-0000004374,CUST-0000149613,2020-09-29 12:44:14,Bank Transfer,Success,3419.94,BRL,BRA,South America,,false,2020-09-29 12:44:14,stephen.clark001@analytics.example.com
,PAY-202009-00000002910,ORD-202009-0000001775,CUST-0000135043,2020-09-14 01:41:38,Paytm,Pending,2397.48,GBP,GBR,Europe,,false,2020-09-14 01:41:38,jennifer.hudson020@analytics.example.com
,PAY-202009-00000002911,ORD-202009-0000000234,CUST-0000151504,2020-09-23 05:15:33,PayPal,Success,3302.9,EUR,ESP,Europe,,false,2020-09-23 05:15:33,taylor.cunningham023@commerce.example.com
,PAY-202009-00000002912,ORD-202009-0000003458,CUST-0000141134,2020-09-22 11:06:57,Bank Transfer,Success,1440.2,USD,USA,North America,,false,2020-09-22 11:06:57,john.mullins109@commerce.example.com
,PAY-202009-00000002913,ORD-202009-0000005051,CUST-0000141332,2020-09-13 18:33:25,Phonepe,Success,3371.37,SGD,SGP,Asia,,false,2020-09-13 18:33:25,eric.horton058@analytics.example.com
,PAY-202009-00000002914,ORD-202009-0000003339,CUST-0000146591,2020-09-13 02:53:12,Paytm,Success,2983.55,EUR,ESP,Europe,,false,2020-09-13 02:53:12,alyssa.richards002@commerce.example.com
,PAY-202009-00000002915,ORD-202009-0000000846,CUST-0000144329,2020-09-10 10:27:50,Bank Transfer,Success,346.02,BRL,BRA,South America,,false,2020-09-10 10:27:50,maria.ashley046@analytics.example.com
,PAY-202009-00000002916,ORD-202009-0000001166,CUST-0000140431,2020-09-11 17:47:24,Credit Card,Success,2998.68,INR,IND,Asia,,false,2020-09-11 17:47:24,micheal.hall064@dataops.example.com
,PAY-202009-00000002917,ORD-202009-0000005939,CUST-0000136266,2020-09-21 18:37:25,Gift Card,Success,2949.14,INR,IND,Asia,,false,2020-09-21 18:37:25,eric.horton058@analytics.example.com
,PAY-202009-00000002918,ORD-202009-0000000400,CUST-0000135711,2020-09-08 23:34:56,Apple Pay,Failed,1883.02,EUR,ESP,Europe,Fraud check failed,false,2020-09-08 23:34:56,timothy.cannon081@analytics.example.com
,PAY-202009-00000002919,ORD-202009-0000004648,CUST-0000142928,2020-09-08 03:52:14,Debit Card,Success,523.84,USD,USA,North America,,false,2020-09-08 03:52:14,jennifer.bauer068@analytics.example.com
,PAY-202009-00000002920,ORD-202009-0000004150,CUST-0000142098,2020-09-07 11:18:50,Bank Transfer,Success,1945.78,INR,IND,Asia,,false,2020-09-07 11:18:50,susan.rice083@commerce.example.com
,PAY-202009-00000002921,ORD-202009-0000004065,CUST-0000145054,2020-09-02 16:07:59,Bank Transfer,Success,87.46,JPY,JPN,Asia,,false,2020-09-02 16:07:59,susan.rice083@commerce.example.com
,PAY-202009-00000002922,ORD-202009-0000001317,CUST-0000148686,2020-09-04 11:12:13,Google Pay,Success,1243.23,AUD,AUS,Oceania,,false,2020-09-04 11:12:13,susan.rice083@commerce.example.com
,PAY-202009-00000002923,ORD-202009-0000000500,CUST-0000138857,2020-09-17 19:23:44,Phonepe,Success,715.39,JPY,JPN,Asia,,false,2020-09-17 19:23:44,taylor.cunningham023@commerce.example.com
,PAY-202009-00000002924,ORD-202009-0000004874,CUST-0000147592,2020-09-14 21:52:23,Credit Card,Success,1795.07,EUR,NLD,Europe,,false,2020-09-14 21:52:23,joseph.johnson049@dataops.example.com
,PAY-202009-00000002925,ORD-202009-0000004977,CUST-0000146471,2020-09-27 02:37:07,Apple Pay,Success,1089.34,MXN,MEX,North America,,false,2020-09-27 02:37:07,timothy.cameron104@commerce.example.com
,PAY-202009-00000002926,ORD-202009-0000004521,CUST-0000152330,2020-09-04 20:56:40,Apple Pay,Success,2477.59,BRL,BRA,South America,,false,2020-09-04 20:56:40,adam.gordon030@commerce.example.com
,PAY-202009-00000002927,ORD-202009-0000001053,CUST-0000141006,2020-09-19 21:49:14,PayPal,Success,963.34,EUR,ITA,Europe,,false,2020-09-19 21:49:14,michelle.bender024@analytics.example.com
,PAY-202009-00000002928,ORD-202009-0000001811,CUST-0000147987,2020-09-15 05:46:10,Buy Now Pay Later,Success,2209.73,MXN,MEX,North America,,false,2020-09-15 05:46:10,brandon.yu006@analytics.example.com
,PAY-202009-00000002929,ORD-202009-0000002523,CUST-0000143257,2020-09-23 04:28:14,Apple Pay,Success,3489.16,MXN,MEX,North America,,false,2020-09-23 04:28:14,tina.williams074@commerce.example.com
,PAY-202009-00000002930,ORD-202009-0000000865,CUST-0000143023,2020-09-24 10:06:03,Gift Card,Success,2790.97,USD,USA,North America,,false,2020-09-24 10:06:03,patrick.gonzalez035@dataops.example.com
,PAY-202009-00000002931,ORD-202009-0000002895,CUST-0000141784,2020-09-04 07:39:38,Apple Pay,Success,2294.44,GBP,GBR,Europe,,false,2020-09-04 07:39:38,eric.mullen052@dataops.example.com
,PAY-202009-00000002932,ORD-202009-0000003008,CUST-0000148472,2020-09-19 17:44:30,Phonepe,Success,942.64,EUR,ITA,Europe,,false,2020-09-19 17:44:30,david.cabrera119@dataops.example.com
,PAY-202009-00000002933,ORD-202009-0000003252,CUST-0000153060,2020-09-28 17:17:18,Debit Card,Success,2981.61,AED,ARE,Asia,,false,2020-09-28 17:17:18,andrea.cummings039@platform.example.com
,PAY-202009-00000002934,ORD-202009-0000000306,CUST-0000139746,2020-09-13 23:35:19,Paytm,Success,947.7,EUR,NLD,Europe,,false,2020-09-13 23:35:19,eric.mullen052@dataops.example.com
,PAY-202009-00000002935,ORD-202009-0000000131,CUST-0000151494,2020-09-18 16:52:01,Paytm,Success,662.11,USD,USA,North America,,false,2020-09-18 16:52:01,timothy.cameron104@commerce.example.com
,PAY-202009-00000002936,ORD-202009-0000003577,CUST-0000142563,2020-09-19 05:36:40,Debit Card,Success,761.87,MXN,MEX,North America,,false,2020-09-19 05:36:40,michelle.sims041@analytics.example.com
,PAY-202009-00000002937,ORD-202009-0000003554,CUST-0000144052,2020-09-16 17:07:28,Apple Pay,Success,1595.16,INR,IND,Asia,,false,2020-09-16 17:07:28,jeffery.miller012@commerce.example.com
,PAY-202009-00000002938,ORD-202009-0000000675,CUST-0000147800,2020-09-24 19:21:11,Apple Pay,Success,2215.91,EUR,ITA,Europe,,false,2020-09-24 19:21:11,tina.williams074@commerce.example.com
,PAY-202009-00000002939,ORD-202009-0000006529,CUST-0000140595,2020-09-03 22:51:36,Buy Now Pay Later,Success,1985.31,EUR,NLD,Europe,,false,2020-09-03 22:51:36,patrick.gonzalez035@dataops.example.com
,PAY-202009-00000002940,ORD-202009-0000006494,CUST-0000139717,2020-09-27 01:18:23,PayPal,Success,154.93,EUR,ESP,Europe,,false,2020-09-27 01:18:23,brandon.yu006@analytics.example.com
,PAY-202009-00000002941,ORD-202009-0000002284,CUST-0000139189,2020-09-14 21:25:39,Gift Card,Success,1952.97,EUR,ESP,Europe,,false,2020-09-14 21:25:39,andrea.cummings039@platform.example.com
,PAY-202009-00000002942,ORD-202009-0000005792,CUST-0000140903,2020-09-03 10:55:04,Paytm,Success,885.81,GBP,GBR,Europe,,false,2020-09-03 10:55:04,taylor.cunningham023@commerce.example.com
,PAY-202009-00000002943,ORD-202009-0000005175,CUST-0000135888,2020-09-24 14:24:15,PayPal,Success,1666.68,GBP,GBR,Europe,,false,2020-09-24 14:24:15,michael.johnson061@platform.example.com
,PAY-202009-00000002944,ORD-202009-0000005675,CUST-0000137226,2020-09-09 12:37:45,Gift Card,Success,3064.1,EUR,FRA,Europe,,false,2020-09-09 12:37:45,eric.mullen052@dataops.example.com
,PAY-202009-00000002945,ORD-202009-0000003253,CUST-0000140722,2020-09-03 10:32:22,Paytm,Success,578.88,MXN,MEX,North America,,false,2020-09-03 10:32:22,micheal.hall064@dataops.example.com
,PAY-202009-00000002946,ORD-202009-0000004979,CUST-0000137062,2020-09-08 23:44:51,Bank Transfer,Success,1609.51,EUR,ESP,Europe,,false,2020-09-08 23:44:51,jeffery.miller012@commerce.example.com
,PAY-202009-00000002947,ORD-202009-0000001358,CUST-0000149212,2020-09-21 00:42:27,Paytm,Success,1522.88,EUR,NLD,Europe,,false,2020-09-21 00:42:27,maria.ashley046@analytics.example.com
,PAY-202009-00000002948,ORD-202009-0000005191,CUST-0000139446,2020-09-12 07:31:05,Phonepe,Success,2447.15,MXN,MEX,North America,,false,2020-09-12 07:31:05,james.proctor094@dataops.example.com
,PAY-202009-00000002949,ORD-202009-0000000500,CUST-0000145445,2020-09-25 08:40:31,Bank Transfer,Success,199.99,USD,USA,North America,,false,2020-09-25 08:40:31,victor.palmer071@platform.example.com
,PAY-202009-00000002950,ORD-202009-0000001831,CUST-0000137205,2020-09-03 01:12:43,Debit Card,Success,1315.9,SGD,SGP,Asia,,false,2020-09-03 01:12:43,john.mullins109@commerce.example.com
,PAY-202009-00000002951,ORD-202009-0000004774,CUST-0000149368,2020-09-13 17:02:04,PayPal,Success,1476.4,GBP,GBR,Europe,,false,2020-09-13 17:02:04,adam.gordon030@commerce.example.com
,PAY-202009-00000002952,ORD-202009-0000003581,CUST-0000134764,2020-09-12 11:54:18,Credit Card,Success,444.98,JPY,JPN,Asia,,false,2020-09-12 11:54:18,michelle.sims041@analytics.example.com
,PAY-202009-00000002953,ORD-202009-0000001978,CUST-0000142873,2020-09-15 05:00:11,Buy Now Pay Later,Success,2581.4,INR,IND,Asia,,false,2020-09-15 05:00:11,maria.ashley046@analytics.example.com
,PAY-202009-00000002954,ORD-202009-0000005998,CUST-0000144753,2020-09-23 02:02:12,Gift Card,Success,913.48,INR,IND,Asia,,false,2020-09-23 02:02:12,david.cabrera119@dataops.example.com
,PAY-202009-00000002955,ORD-202009-0000003272,CUST-0000153321,2020-09-09 16:38:51,PayPal,Success,1213.12,EUR,FRA,Europe,,false,2020-09-09 16:38:51,michael.johnson061@platform.example.com
,PAY-202009-00000002956,ORD-202009-0000000357,CUST-0000144919,2020-09-03 15:07:28,Paytm,Success,2082.29,BRL,BRA,South America,,false,2020-09-03 15:07:28,james.proctor094@dataops.example.com
,PAY-202009-00000002957,ORD-202009-0000002088,CUST-0000148191,2020-09-18 04:45:00,PayPal,Success,547.85,AUD,AUS,Oceania,,false,2020-09-18 04:45:00,timothy.cannon081@analytics.example.com
,PAY-202009-00000002958,ORD-202009-0000006399,CUST-0000150190,2020-09-26 14:21:30,Credit Card,Success,2865.48,EUR,ESP,Europe,,false,2020-09-26 14:21:30,alyssa.richards002@commerce.example.com
,PAY-202009-00000002959,ORD-202009-0000003337,CUST-0000145369,2020-09-08 12:54:50,Buy Now Pay Later,Success,1763.89,EUR,ITA,Europe,,false,2020-09-08 12:54:50,lance.williams029@platform.example.com
,PAY-202009-00000002960,ORD-202009-0000003200,CUST-0000139156,2020-09-18 05:11:04,Credit Card,Success,3310.52,MXN,MEX,North America,,false,2020-09-18 05:11:04,michelle.sims041@analytics.example.com
,PAY-202009-00000002961,ORD-202009-0000003376,CUST-0000147053,2020-09-20 01:42:59,PayPal,Success,2557.13,CAD,CAN,North America,,false,2020-09-20 01:42:59,eric.mullen052@dataops.example.com
,PAY-202009-00000002962,ORD-202009-0000004312,CUST-0000136568,2020-09-15 06:49:20,Google Pay,Success,491.94,EUR,FRA,Europe,,false,2020-09-15 06:49:20,micheal.hall064@dataops.example.com
,PAY-202009-00000002963,ORD-202009-0000005222,CUST-0000141542,2020-09-07 11:42:31,Gift Card,Pending,2400.34,JPY,JPN,Asia,,false,2020-09-07 11:42:31,eric.horton058@analytics.example.com
,PAY-202009-00000002964,ORD-202009-0000000015,CUST-0000136273,2020-09-05 00:16:41,Buy Now Pay Later,Success,2030.9,AED,ARE,Asia,,false,2020-09-05 00:16:41,micheal.hall064@dataops.example.com
,PAY-202009-00000002965,ORD-202009-0000004985,CUST-0000139911,2020-09-05 03:37:42,Bank Transfer,Success,264.99,EUR,FRA,Europe,,false,2020-09-05 03:37:42,ryan.steele043@commerce.example.com
,PAY-202009-00000002966,ORD-202009-0000005245,CUST-0000153897,2020-09-18 10:28:28,Credit Card,Success,1025.02,EUR,DEU,Europe,,false,2020-09-18 10:28:28,susan.rice083@commerce.example.com
,PAY-202009-00000002967,ORD-202009-0000003494,CUST-0000151563,2020-09-06 01:06:05,Buy Now Pay Later,Pending,3110.76,SGD,SGP,Asia,,false,2020-09-06 01:06:05,timothy.cameron104@commerce.example.com
,PAY-202009-00000002968,ORD-202009-0000001332,CUST-0000136521,2020-09-28 09:28:10,Bank Transfer,Success,381.91,INR,IND,Asia,,false,2020-09-28 09:28:10,jeffery.miller012@commerce.example.com
,PAY-202009-00000002969,ORD-202009-0000006144,CUST-0000140455,2020-09-11 08:32:59,Debit Card,Success,1798.04,USD,USA,North America,,false,2020-09-11 08:32:59,brandon.yu006@analytics.example.com
,PAY-202009-00000002970,ORD-202009-0000004334,CUST-0000147697,2020-09-08 18:09:07,Paytm,Success,1460.18,USD,USA,North America,,false,2020-09-08 18:09:07,stephen.clark001@analytics.example.com
,PAY-202009-00000002971,ORD-202009-0000003903,CUST-0000150944,2020-09-19 05:26:11,PayPal,Success,2906.35,AUD,AUS,Oceania,,false,2020-09-19 05:26:11,maria.ashley046@analytics.example.com
,PAY-202009-00000002972,ORD-202009-0000004564,CUST-0000144336,2020-09-11 20:23:24,Buy Now Pay Later,Success,2323.75,SGD,SGP,Asia,,false,2020-09-11 20:23:24,tina.williams074@commerce.example.com
,PAY-202009-00000002973,ORD-202009-0000001598,CUST-0000140651,2020-09-01 00:43:30,PayPal,Success,1326.28,CAD,CAN,North America,,false,2020-09-01 00:43:30,michael.johnson061@platform.example.com
,PAY-202009-00000002974,ORD-202009-0000001372,CUST-0000142857,2020-09-04 00:36:32,Debit Card,Success,1204.99,MXN,MEX,North America,,false,2020-09-04 00:36:32,brandi.carter038@dataops.example.com
,PAY-202009-00000002975,ORD-202009-0000002081,CUST-0000142735,2020-09-20 10:08:06,Buy Now Pay Later,Success,234.92,EUR,NLD,Europe,,false,2020-09-20 10:08:06,michelle.sims041@analytics.example.com
,PAY-202009-00000002976,ORD-202009-0000002095,CUST-0000144349,2020-09-15 21:56:09,Google Pay,Success,2169.19,AED,ARE,Asia,,false,2020-09-15 21:56:09,andrea.cummings039@platform.example.com
,PAY-202009-00000002977,ORD-202009-0000005002,CUST-0000134916,2020-09-05 16:40:13,Debit Card,Failed,127.03,AUD,AUS,Oceania,Insufficient funds,false,2020-09-05 16:40:13,timothy.cameron104@commerce.example.com
,PAY-202009-00000002978,ORD-202009-0000002904,CUST-0000147684,2020-09-15 13:21:50,Phonepe,Success,1648.39,SGD,SGP,Asia,,false,2020-09-15 13:21:50,joseph.johnson049@dataops.example.com
,PAY-202009-00000002979,ORD-202009-0000004203,CUST-0000140449,2020-09-18 13:11:11,Paytm,Success,1316.32,EUR,ESP,Europe,,false,2020-09-18 13:11:11,eric.horton058@analytics.example.com
,PAY-202009-00000002980,ORD-202009-0000003794,CUST-0000138146,2020-09-12 09:49:46,Phonepe,Success,2888.12,CAD,CAN,North America,,false,2020-09-12 09:49:46,megan.cunningham013@commerce.example.com
,PAY-202009-00000002981,ORD-202009-0000005678,CUST-0000146379,2020-09-07 14:08:08,Debit Card,Success,1918.3,JPY,JPN,Asia,,false,2020-09-07 14:08:08,stephen.daniels076@commerce.example.com
,PAY-202009-00000002982,ORD-202009-0000005837,CUST-0000150583,2020-09-05 08:11:10,Bank Transfer,Success,2963.63,EUR,NLD,Europe,,false,2020-09-05 08:11:10,timothy.cannon081@analytics.example.com
,PAY-202009-00000002983,ORD-202009-0000002122,CUST-0000151113,2020-09-22 18:42:27,Credit Card,Success,1337.61,GBP,GBR,Europe,,false,2020-09-22 18:42:27,peter.martinez098@platform.example.com
,PAY-202009-00000002984,ORD-202009-0000002936,CUST-0000144501,2020-09-06 13:42:34,Buy Now Pay Later,Success,2400.47,USD,USA,North America,,false,2020-09-06 13:42:34,megan.cunningham013@commerce.example.com
,PAY-202009-00000002985,ORD-202009-0000005860,CUST-0000146749,2020-09-06 01:17:52,Debit Card,Success,3015.42,EUR,NLD,Europe,,false,2020-09-06 01:17:52,jennifer.hudson020@analytics.example.com
,PAY-202009-00000002986,ORD-202009-0000000515,CUST-0000140089,2020-09-15 06:44:21,Google Pay,Success,3192.81,BRL,BRA,South America,,false,2020-09-15 06:44:21,kelsey.taylor010@platform.example.com
,PAY-202009-00000002987,ORD-202009-0000002374,CUST-0000146132,2020-09-06 15:22:59,Google Pay,Success,256.99,EUR,FRA,Europe,,false,2020-09-06 15:22:59,micheal.chen050@dataops.example.com
,PAY-202009-00000002988,ORD-202009-0000001637,CUST-0000139832,2020-09-24 12:34:03,Debit Card,Failed,508.02,SGD,SGP,Asia,Fraud check failed,false,2020-09-24 12:34:03,megan.cunningham013@commerce.example.com
,PAY-202009-00000002989,ORD-202009-0000003222,CUST-0000147072,2020-09-06 02:06:45,Bank Transfer,Success,1516.29,EUR,ITA,Europe,,false,2020-09-06 02:06:45,stephen.clark001@analytics.example.com
,PAY-202009-00000002990,ORD-202009-0000004028,CUST-0000151926,2020-09-12 19:43:15,Apple Pay,Success,2673.96,BRL,BRA,South America,,false,2020-09-12 19:43:15,eric.horton058@analytics.example.com
,PAY-202009-00000002991,ORD-202009-0000003913,CUST-0000152726,2020-09-10 10:27:27,Bank Transfer,Success,2300.85,EUR,NLD,Europe,,false,2020-09-10 10:27:27,patrick.gonzalez035@dataops.example.com
,PAY-202009-00000002992,ORD-202009-0000002133,CUST-0000146807,2020-09-16 00:14:39,PayPal,Success,3199.71,GBP,GBR,Europe,,false,2020-09-16 00:14:39,stephen.daniels076@commerce.example.com
,PAY-202009-00000002993,ORD-202009-0000004598,CUST-0000152918,2020-09-01 18:12:23,Bank Transfer,Success,2453.54,EUR,ESP,Europe,,false,2020-09-01 18:12:23,eric.horton058@analytics.example.com
,PAY-202009-00000002994,ORD-202009-0000003216,CUST-0000145902,2020-09-27 03:13:05,Debit Card,Success,2042.77,INR,IND,Asia,,false,2020-09-27 03:13:05,taylor.cunningham023@commerce.example.com
,PAY-202009-00000002995,ORD-202009-0000004476,CUST-0000144734,2020-09-04 07:03:02,Gift Card,Success,2994.34,USD,USA,North America,,false,2020-09-04 07:03:02,joseph.johnson049@dataops.example.com
,PAY-202009-00000002996,ORD-202009-0000004206,CUST-0000152959,2020-09-29 11:17:13,Google Pay,Success,3218.51,EUR,NLD,Europe,,false,2020-09-29 11:17:13,stephen.clark001@analytics.example.com
,PAY-202009-00000002997,ORD-202009-0000005431,CUST-0000142163,2020-09-18 02:36:16,Gift Card,Failed,20.29,EUR,ESP,Europe,Insufficient funds,false,2020-09-18 02:36:16,maria.ashley046@analytics.example.com
,PAY-202009-00000002998,ORD-202009-0000001235,CUST-0000146556,2020-09-08 17:05:37,Debit Card,Success,1341.87,BRL,BRA,South America,,false,2020-09-08 17:05:37,timothy.cannon081@analytics.example.com
,PAY-202009-00000002999,ORD-202009-0000005868,CUST-0000143852,2020-09-03 01:01:15,Debit Card,Success,524.58,AED,ARE,Asia,,false,2020-09-03 01:01:15,ryan.steele043@commerce.example.com
,PAY-202009-00000003000,ORD-202009-0000005442,CUST-0000142737,2020-09-01 12:27:55,Apple Pay,Refunded,3077.53,GBP,GBR,Europe,,true,2020-09-01 12:27:55,micheal.chen050@dataops.example.com
,PAY-202009-00000003001,ORD-202009-0000004098,CUST-0000141009,2020-09-22 16:49:02,PayPal,Success,1865.92,CAD,CAN,North America,,false,2020-09-22 16:49:02,michael.johnson061@platform.example.com
,PAY-202009-00000003002,ORD-202009-0000003903,CUST-0000146022,2020-09-15 02:17:57,Paytm,Success,2253.58,EUR,ITA,Europe,,false,2020-09-15 02:17:57,taylor.cunningham023@commerce.example.com
,PAY-202009-00000003003,ORD-202009-0000004191,CUST-0000150065,2020-09-05 21:27:12,Buy Now Pay Later,Success,1227.01,EUR,DEU,Europe,,false,2020-09-05 21:27:12,jennifer.bauer068@analytics.example.com
,PAY-202009-00000003004,ORD-202009-0000003135,CUST-0000135961,2020-09-03 05:13:00,Apple Pay,Success,2168.8,AED,ARE,Asia,,false,2020-09-03 05:13:00,james.proctor094@dataops.example.com
,PAY-202009-00000003005,ORD-202009-0000002222,CUST-0000143507,2020-09-25 16:38:46,Google Pay,Success,1993.62,EUR,FRA,Europe,,false,2020-09-25 16:38:46,micheal.chen050@dataops.example.com
,PAY-202009-00000003006,ORD-202009-0000002449,CUST-0000139944,2020-09-24 08:30:04,PayPal,Success,1033.33,GBP,GBR,Europe,,false,2020-09-24 08:30:04,maria.ashley046@analytics.example.com
,PAY-202009-00000003007,ORD-202009-0000004472,CUST-0000148534,2020-09-29 15:33:53,Google Pay,Success,1007.2,AUD,AUS,Oceania,,false,2020-09-29 15:33:53,ryan.steele043@commerce.example.com
,PAY-202009-00000003008,ORD-202009-0000002262,CUST-0000153689,2020-09-17 11:53:37,Gift Card,Success,22.55,INR,IND,Asia,,false,2020-09-17 11:53:37,ashley.marks069@commerce.example.com
,PAY-202009-00000003009,ORD-202009-0000005692,CUST-0000142773,2020-09-30 14:51:42,PayPal,Pending,96.2,EUR,FRA,Europe,,false,2020-09-30 14:51:42,micheal.chen050@dataops.example.com
,PAY-202009-00000003010,ORD-202009-0000001467,CUST-0000149056,2020-09-30 17:38:23,Debit Card,Success,544.92,JPY,JPN,Asia,,false,2020-09-30 17:38:23,andrea.cummings039@platform.example.com
,PAY-202009-00000003011,ORD-202009-0000005329,CUST-0000153097,2020-09-21 06:03:00,Debit Card,Failed,3160.98,USD,USA,North America,Network timeout,false,2020-09-21 06:03:00,susan.rice083@commerce.example.com
,PAY-202009-00000003012,ORD-202009-0000003246,CUST-0000135530,2020-09-27 10:34:12,Bank Transfer,Success,230.99,USD,USA,North America,,false,2020-09-27 10:34:12,andrea.cummings039@platform.example.com
,PAY-202009-00000003013,ORD-202009-0000001354,CUST-0000138777,2020-09-14 15:14:39,Paytm,Success,3238.77,AUD,AUS,Oceania,,false,2020-09-14 15:14:39,jennifer.hudson020@analytics.example.com
,PAY-202009-00000003014,ORD-202009-0000002290,CUST-0000151932,2020-09-08 23:32:21,Paytm,Success,124.26,EUR,DEU,Europe,,false,2020-09-08 23:32:21,maria.ashley046@analytics.example.com
,PAY-202009-00000003015,ORD-202009-0000001678,CUST-0000139261,2020-09-26 23:06:04,Buy Now Pay Later,Success,1362.62,EUR,ESP,Europe,,false,2020-09-26 23:06:04,alyssa.richards002@commerce.example.com
,PAY-202009-00000003016,ORD-202009-0000000831,CUST-0000152621,2020-09-13 01:49:23,Apple Pay,Success,1993.72,EUR,NLD,Europe,,false,2020-09-13 01:49:23,taylor.cunningham023@commerce.example.com
,PAY-202009-00000003017,ORD-202009-0000000501,CUST-0000141256,2020-09-17 14:22:30,Gift Card,Success,709.36,CAD,CAN,North America,,false,2020-09-17 14:22:30,susan.rice083@commerce.example.com
,PAY-202009-00000003018,ORD-202009-0000003476,CUST-0000153647,2020-09-07 14:44:15,Debit Card,Success,3373.45,EUR,ITA,Europe,,false,2020-09-07 14:44:15,maria.ashley046@analytics.example.com
,PAY-202009-00000003019,ORD-202009-0000003016,CUST-0000146512,2020-09-23 13:14:54,Paytm,Success,1700.33,INR,IND,Asia,,false,2020-09-23 13:14:54,stephen.daniels076@commerce.example.com
,PAY-202009-00000003020,ORD-202009-0000000595,CUST-0000138308,2020-09-17 15:50:22,Apple Pay,Success,3142.18,USD,USA,North America,,false,2020-09-17 15:50:22,peter.martinez098@platform.example.com
,PAY-202009-00000003021,ORD-202009-0000000461,CUST-0000151158,2020-09-23 00:49:06,Debit Card,Success,1696.45,EUR,FRA,Europe,,false,2020-09-23 00:49:06,joseph.johnson049@dataops.example.com
,PAY-202009-00000003022,ORD-202009-0000003121,CUST-0000144486,2020-09-16 01:07:45,Apple Pay,Success,511.13,EUR,ESP,Europe,,false,2020-09-16 01:07:45,eric.horton058@analytics.example.com
,PAY-202009-00000003023,ORD-202009-0000001953,CUST-0000143395,2020-09-02 13:44:50,Google Pay,Success,649.43,AED,ARE,Asia,,false,2020-09-02 13:44:50,ashley.marks069@commerce.example.com
,PAY-202009-00000003024,ORD-202009-0000001102,CUST-0000144145,2020-09-19 03:37:36,Buy Now Pay Later,Failed,145.75,AUD,AUS,Oceania,Fraud check failed,false,2020-09-19 03:37:36,patrick.gonzalez035@dataops.example.com
,PAY-202009-00000003025,ORD-202009-0000004339,CUST-0000151961,2020-09-15 02:19:18,Bank Transfer,Success,2636.77,MXN,MEX,North America,,false,2020-09-15 02:19:18,megan.cunningham013@commerce.example.com
,PAY-202009-00000003026,ORD-202009-0000002282,CUST-0000147486,2020-09-10 03:22:50,Debit Card,Success,2957.72,AUD,AUS,Oceania,,false,2020-09-10 03:22:50,jennifer.bauer068@analytics.example.com
,PAY-202009-00000003027,ORD-202009-0000005641,CUST-0000142515,2020-09-18 10:57:17,Google Pay,Success,3211.7,AED,ARE,Asia,,false,2020-09-18 10:57:17,michael.johnson061@platform.example.com
,PAY-202009-00000003028,ORD-202009-0000000343,CUST-0000138510,2020-09-22 04:52:08,Credit Card,Success,2924.05,JPY,JPN,Asia,,false,2020-09-22 04:52:08,eric.horton058@analytics.example.com
,PAY-202009-00000003029,ORD-202009-0000000216,CUST-0000134734,2020-09-14 23:44:15,Apple Pay,Success,3272.55,EUR,NLD,Europe,,false,2020-09-14 23:44:15,peter.martinez098@platform.example.com
,PAY-202009-00000003030,ORD-202009-0000005157,CUST-0000142740,2020-09-01 18:36:07,PayPal,Success,2660.46,INR,IND,Asia,,false,2020-09-01 18:36:07,jennifer.hudson020@analytics.example.com
,PAY-202009-00000003031,ORD-202009-0000001675,CUST-0000148173,2020-09-26 18:27:07,Google Pay,Success,2413.0,MXN,MEX,North America,,false,2020-09-26 18:27:07,peter.martinez098@platform.example.com
,PAY-202009-00000003032,ORD-202009-0000003943,CUST-0000137210,2020-09-14 14:46:06,Apple Pay,Success,652.97,AED,ARE,Asia,,false,2020-09-14 14:46:06,andrea.cummings039@platform.example.com
,PAY-202009-00000003033,ORD-202009-0000002159,CUST-0000143665,2020-09-21 06:03:50,Buy Now Pay Later,Success,2385.84,SGD,SGP,Asia,,false,2020-09-21 06:03:50,andrea.cummings039@platform.example.com
,PAY-202009-00000003034,ORD-202009-0000000627,CUST-0000149926,2020-09-27 05:48:31,Gift Card,Pending,3140.41,EUR,ITA,Europe,,false,2020-09-27 05:48:31,john.mullins109@commerce.example.com
,PAY-202009-00000003035,ORD-202009-0000002182,CUST-0000142549,2020-09-30 16:49:45,Google Pay,Success,1996.4,EUR,ITA,Europe,,false,2020-09-30 16:49:45,alyssa.richards002@commerce.example.com
,PAY-202009-00000003036,ORD-202009-0000001749,CUST-0000140721,2020-09-20 14:00:08,Bank Transfer,Success,1427.59,EUR,ITA,Europe,,false,2020-09-20 14:00:08,michael.johnson061@platform.example.com
,PAY-202009-00000003037,ORD-202009-0000001898,CUST-0000144709,2020-09-11 05:58:00,Google Pay,Success,1284.57,SGD,SGP,Asia,,false,2020-09-11 05:58:00,jeffery.miller012@commerce.example.com
,PAY-202009-00000003038,ORD-202009-0000000492,CUST-0000153484,2020-09-24 21:34:16,Buy Now Pay Later,Success,1235.38,EUR,DEU,Europe,,false,2020-09-24 21:34:16,michelle.sims041@analytics.example.com
,PAY-202009-00000003039,ORD-202009-0000001915,CUST-0000145737,2020-09-30 06:27:32,Gift Card,Success,1932.65,AED,ARE,Asia,,false,2020-09-30 06:27:32,patrick.gonzalez035@dataops.example.com
,PAY-202009-00000003040,ORD-202009-0000001992,CUST-0000135762,2020-09-03 10:07:46,Phonepe,Success,3319.76,MXN,MEX,North America,,false,2020-09-03 10:07:46,andrea.cummings039@platform.example.com
,PAY-202009-00000003041,ORD-202009-0000000514,CUST-0000148101,2020-09-02 16:56:20,Paytm,Success,288.47,EUR,NLD,Europe,,false,2020-09-02 16:56:20,lance.williams029@platform.example.com
,PAY-202009-00000003042,ORD-202009-0000000624,CUST-0000139946,2020-09-03 23:13:58,Paytm,Success,2404.62,EUR,DEU,Europe,,false,2020-09-03 23:13:58,micheal.chen050@dataops.example.com
,PAY-202009-00000003043,ORD-202009-0000005764,CUST-0000136373,2020-09-01 09:15:07,Phonepe,Success,1410.54,USD,USA,North America,,false,2020-09-01 09:15:07,john.mullins109@commerce.example.com
,PAY-202009-00000003044,ORD-202009-0000006108,CUST-0000152669,2020-09-13 22:50:53,Gift Card,Pending,3434.37,EUR,NLD,Europe,,false,2020-09-13 22:50:53,michael.johnson061@platform.example.com
,PAY-202009-00000003045,ORD-202009-0000001759,CUST-0000137139,2020-09-17 21:35:46,Phonepe,Success,3203.99,EUR,FRA,Europe,,false,2020-09-17 21:35:46,micheal.chen050@dataops.example.com
,PAY-202009-00000003046,ORD-202009-0000006083,CUST-0000148836,2020-09-13 01:21:04,Apple Pay,Success,3264.53,USD,USA,North America,,false,2020-09-13 01:21:04,timothy.cameron104@commerce.example.com
,PAY-202009-00000003047,ORD-202009-0000002273,CUST-0000137543,2020-09-18 16:48:27,Credit Card,Failed,512.63,SGD,SGP,Asia,Invalid CVV,false,2020-09-18 16:48:27,lance.williams029@platform.example.com
,PAY-202009-00000003048,ORD-202009-0000001082,CUST-0000152067,2020-09-07 23:22:26,Apple Pay,Success,1909.47,SGD,SGP,Asia,,false,2020-09-07 23:22:26,james.proctor094@dataops.example.com
,PAY-202009-00000003049,ORD-202009-0000002878,CUST-0000143733,2020-09-27 03:28:50,Debit Card,Success,1501.89,EUR,ESP,Europe,,false,2020-09-27 03:28:50,eric.mullen052@dataops.example.com
,PAY-202009-00000003050,ORD-202009-0000004729,CUST-0000135553,2020-09-10 18:05:43,Apple Pay,Success,3101.92,EUR,DEU,Europe,,false,2020-09-10 18:05:43,michelle.bender024@analytics.example.com
,PAY-202009-00000003051,ORD-202009-0000005118,CUST-0000149527,2020-09-29 19:21:12,Buy Now Pay Later,Success,3046.54,EUR,DEU,Europe,,false,2020-09-29 19:21:12,megan.cunningham013@commerce.example.com
,PAY-202009-00000003052,ORD-202009-0000002400,CUST-0000151999,2020-09-11 08:17:26,Paytm,Success,1988.69,JPY,JPN,Asia,,false,2020-09-11 08:17:26,joseph.johnson049@dataops.example.com
,PAY-202009-00000003053,ORD-202009-0000001097,CUST-0000148355,2020-09-02 21:02:14,Phonepe,Success,1497.12,MXN,MEX,North America,,false,2020-09-02 21:02:14,brandi.carter038@dataops.example.com
,PAY-202009-00000003054,ORD-202009-0000003657,CUST-0000140612,2020-09-19 11:07:08,Apple Pay,Success,2399.55,EUR,FRA,Europe,,false,2020-09-19 11:07:08,michael.berger060@platform.example.com
,PAY-202009-00000003055,ORD-202009-0000000719,CUST-0000136723,2020-09-08 21:47:16,Paytm,Success,3180.32,BRL,BRA,South America,,false,2020-09-08 21:47:16,andrea.cummings039@platform.example.com
,PAY-202009-00000003056,ORD-202009-0000000333,CUST-0000151504,2020-09-01 17:49:13,Apple Pay,Success,2743.93,AED,ARE,Asia,,false,2020-09-01 17:49:13,joseph.johnson049@dataops.example.com
,PAY-202009-00000003057,ORD-202009-0000003385,CUST-0000150786,2020-09-05 22:28:32,Paytm,Success,22.51,EUR,FRA,Europe,,false,2020-09-05 22:28:32,andrea.cummings039@platform.example.com
,PAY-202009-00000003058,ORD-202009-0000005779,CUST-0000146097,2020-09-06 23:02:14,Credit Card,Success,3455.89,EUR,DEU,Europe,,false,2020-09-06 23:02:14,taylor.cunningham023@commerce.example.com
,PAY-202009-00000003059,ORD-202009-0000002742,CUST-0000137113,2020-09-23 00:24:55,Debit Card,Success,510.36,EUR,NLD,Europe,,false,2020-09-23 00:24:55,susan.rice083@commerce.example.com
,PAY-202009-00000003060,ORD-202009-0000003202,CUST-0000145769,2020-09-07 23:26:53,Credit Card,Success,2421.16,MXN,MEX,North America,,false,2020-09-07 23:26:53,jennifer.hudson020@analytics.example.com
,PAY-202009-00000003061,ORD-202009-0000002537,CUST-0000138681,2020-09-26 23:25:28,Credit Card,Success,3306.82,BRL,BRA,South America,,false,2020-09-26 23:25:28,victor.palmer071@platform.example.com
,PAY-202009-00000003062,ORD-202009-0000003875,CUST-0000140763,2020-09-07 22:58:22,Buy Now Pay Later,Success,2744.95,EUR,NLD,Europe,,false,2020-09-07 22:58:22,michael.johnson061@platform.example.com
,PAY-202009-00000003063,ORD-202009-0000000356,CUST-0000152538,2020-09-13 21:32:22,Gift Card,Success,3037.13,EUR,FRA,Europe,,false,2020-09-13 21:32:22,jeffery.miller012@commerce.example.com
,PAY-202009-00000003064,ORD-202009-0000003529,CUST-0000147199,2020-09-21 22:02:20,Apple Pay,Success,2680.4,BRL,BRA,South America,,false,2020-09-21 22:02:20,peter.martinez098@platform.example.com
,PAY-202009-00000003065,ORD-202009-0000002127,CUST-0000139777,2020-09-21 03:33:25,PayPal,Success,1987.95,GBP,GBR,Europe,,false,2020-09-21 03:33:25,james.proctor094@dataops.example.com
,PAY-202009-00000003066,ORD-202009-0000005379,CUST-0000148752,2020-09-08 20:43:40,Gift Card,Success,2339.85,EUR,ITA,Europe,,false,2020-09-08 20:43:40,tina.williams074@commerce.example.com
,PAY-202009-00000003067,ORD-202009-0000001598,CUST-0000137142,2020-09-13 05:23:00,Debit Card,Success,3419.01,AUD,AUS,Oceania,,false,2020-09-13 05:23:00,megan.cunningham013@commerce.example.com
,PAY-202009-00000003068,ORD-202009-0000004998,CUST-0000150917,2020-09-13 06:14:13,Debit Card,Pending,1169.98,CAD,CAN,North America,,false,2020-09-13 06:14:13,victor.palmer071@platform.example.com
,PAY-202009-00000003069,ORD-202009-0000006548,CUST-0000137538,2020-09-21 19:05:54,Gift Card,Success,2778.79,INR,IND,Asia,,false,2020-09-21 19:05:54,michael.johnson061@platform.example.com
,PAY-202009-00000003070,ORD-202009-0000001709,CUST-0000137720,2020-09-19 18:05:26,Google Pay,Success,995.62,SGD,SGP,Asia,,false,2020-09-19 18:05:26,megan.cunningham013@commerce.example.com
,PAY-202009-00000003071,ORD-202009-0000001297,CUST-0000138781,2020-09-04 11:12:40,Apple Pay,Success,3425.61,CAD,CAN,North America,,false,2020-09-04 11:12:40,john.mullins109@commerce.example.com
,PAY-202009-00000003072,ORD-202009-0000000014,CUST-0000149284,2020-09-30 06:21:11,Buy Now Pay Later,Success,328.18,AED,ARE,Asia,,false,2020-09-30 06:21:11,jeffery.miller012@commerce.example.com
,PAY-202009-00000003073,ORD-202009-0000001769,CUST-0000153137,2020-09-21 10:07:53,PayPal,Success,1467.93,MXN,MEX,North America,,false,2020-09-21 10:07:53,patrick.gonzalez035@dataops.example.com
,PAY-202009-00000003074,ORD-202009-0000004304,CUST-0000151574,2020-09-30 10:50:54,Gift Card,Success,1439.9,SGD,SGP,Asia,,false,2020-09-30 10:50:54,brandon.yu006@analytics.example.com
,PAY-202009-00000003075,ORD-202009-0000004624,CUST-0000142324,2020-09-17 03:43:36,Apple Pay,Success,1622.9,EUR,NLD,Europe,,false,2020-09-17 03:43:36,timothy.cannon081@analytics.example.com
,PAY-202009-00000003076,ORD-202009-0000000775,CUST-0000139980,2020-09-02 09:57:41,Phonepe,Success,560.31,AUD,AUS,Oceania,,false,2020-09-02 09:57:41,megan.cunningham013@commerce.example.com
,PAY-202009-00000003077,ORD-202009-0000002740,CUST-0000149714,2020-09-11 13:24:26,Paytm,Success,1051.29,EUR,ESP,Europe,,false,2020-09-11 13:24:26,stephen.daniels076@commerce.example.com
,PAY-202009-00000003078,ORD-202009-0000002450,CUST-0000146013,2020-09-08 07:42:56,Paytm,Failed,1771.56,AUD,AUS,Oceania,Network timeout,false,2020-09-08 07:42:56,megan.cunningham013@commerce.example.com
,PAY-202009-00000003079,ORD-202009-0000002847,CUST-0000137136,2020-09-03 10:22:09,Credit Card,Success,3358.96,USD,USA,North America,,false,2020-09-03 10:22:09,megan.cunningham013@commerce.example.com
,PAY-202009-00000003080,ORD-202009-0000004935,CUST-0000148946,2020-09-05 14:38:47,Gift Card,Success,2320.86,AUD,AUS,Oceania,,false,2020-09-05 14:38:47,timothy.cannon081@analytics.example.com
,PAY-202009-00000003081,ORD-202009-0000005944,CUST-0000135807,2020-09-05 08:59:13,Google Pay,Success,1595.16,JPY,JPN,Asia,,false,2020-09-05 08:59:13,peter.martinez098@platform.example.com
,PAY-202009-00000003082,ORD-202009-0000005955,CUST-0000148996,2020-09-26 04:17:48,Bank Transfer,Success,1036.93,SGD,SGP,Asia,,false,2020-09-26 04:17:48,andrea.cummings039@platform.example.com
,PAY-202009-00000003083,ORD-202009-0000001344,CUST-0000139352,2020-09-20 10:32:27,Credit Card,Success,1230.15,EUR,DEU,Europe,,false,2020-09-20 10:32:27,david.cabrera119@dataops.example.com
,PAY-202009-00000003084,ORD-202009-0000001763,CUST-0000136564,2020-09-30 22:31:13,Apple Pay,Success,813.41,SGD,SGP,Asia,,false,2020-09-30 22:31:13,adam.gordon030@commerce.example.com
,PAY-202009-00000003085,ORD-202009-0000006164,CUST-0000145190,2020-09-25 01:25:44,Apple Pay,Success,1416.26,INR,IND,Asia,,false,2020-09-25 01:25:44,brandi.carter038@dataops.example.com
,PAY-202009-00000003086,ORD-202009-0000004137,CUST-0000137349,2020-09-13 11:53:43,Google Pay,Success,1261.23,BRL,BRA,South America,,false,2020-09-13 11:53:43,jennifer.hudson020@analytics.example.com
,PAY-202009-00000003087,ORD-202009-0000004048,CUST-0000136027,2020-09-20 20:55:29,Google Pay,Success,2267.93,EUR,ESP,Europe,,false,2020-09-20 20:55:29,jennifer.bauer068@analytics.example.com
,PAY-202009-00000003088,ORD-202009-0000002926,CUST-0000153033,2020-09-03 13:34:21,Google Pay,Success,2124.03,SGD,SGP,Asia,,false,2020-09-03 13:34:21,timothy.cannon081@analytics.example.com
,PAY-202009-00000003089,ORD-202009-0000006110,CUST-0000134862,2020-09-16 19:57:35,Buy Now Pay Later,Success,60.43,USD,USA,North America,,false,2020-09-16 19:57:35,jeffery.miller012@commerce.example.com
,PAY-202009-00000003090,ORD-202009-0000000806,CUST-0000142498,2020-09-01 06:24:33,Paytm,Success,1872.14,EUR,FRA,Europe,,false,2020-09-01 06:24:33,micheal.hall064@dataops.example.com
,PAY-202009-00000003091,ORD-202009-0000000075,CUST-0000153744,2020-09-03 22:48:33,Credit Card,Refunded,3391.13,EUR,ESP,Europe,,true,2020-09-03 22:48:33,andrea.cummings039@platform.example.com
,PAY-202009-00000003092,ORD-202009-0000004501,CUST-0000136352,2020-09-11 17:52:50,Google Pay,Success,2609.92,AED,ARE,Asia,,false,2020-09-11 17:52:50,susan.rice083@commerce.example.com
,PAY-202009-00000003093,ORD-202009-0000004166,CUST-0000141797,2020-09-07 08:28:13,Paytm,Success,1866.48,AED,ARE,Asia,,false,2020-09-07 08:28:13,micheal.hall064@dataops.example.com
,PAY-202009-00000003094,ORD-202009-0000000418,CUST-0000137957,2020-09-06 13:33:30,Paytm,Success,2801.02,AED,ARE,Asia,,false,2020-09-06 13:33:30,brandi.carter038@dataops.example.com
,PAY-202009-00000003095,ORD-202009-0000005085,CUST-0000151442,2020-09-19 01:48:39,Apple Pay,Success,998.85,USD,USA,North America,,false,2020-09-19 01:48:39,brandon.yu006@analytics.example.com
,PAY-202009-00000003096,ORD-202009-0000004849,CUST-0000153235,2020-09-24 03:00:10,Apple Pay,Success,3351.76,USD,USA,North America,,false,2020-09-24 03:00:10,andrea.cummings039@platform.example.com
,PAY-202009-00000003097,ORD-202009-0000005167,CUST-0000151474,2020-09-21 11:24:09,Debit Card,Success,376.81,GBP,GBR,Europe,,false,2020-09-21 11:24:09,ashley.marks069@commerce.example.com
,PAY-202009-00000003098,ORD-202009-0000002689,CUST-0000139125,2020-09-06 19:50:31,Debit Card,Success,2574.61,EUR,ITA,Europe,,false,2020-09-06 19:50:31,michael.berger060@platform.example.com
,PAY-202009-00000003099,ORD-202009-0000000871,CUST-0000150900,2020-09-19 19:54:52,Google Pay,Success,2839.71,EUR,NLD,Europe,,false,2020-09-19 19:54:52,jennifer.bauer068@analytics.example.com
,PAY-202009-00000003100,ORD-202009-0000001800,CUST-0000151305,2020-09-05 16:59:04,Gift Card,Success,3139.39,MXN,MEX,North America,,false,2020-09-05 16:59:04,taylor.cunningham023@commerce.example.com
,PAY-202009-00000003101,ORD-202009-0000000326,CUST-0000145610,2020-09-20 19:54:49,Buy Now Pay Later,Success,2902.25,EUR,ITA,Europe,,false,2020-09-20 19:54:49,eric.mullen052@dataops.example.com
,PAY-202009-00000003102,ORD-202009-0000001088,CUST-0000136552,2020-09-11 18:00:40,Apple Pay,Success,3008.39,BRL,BRA,South America,,false,2020-09-11 18:00:40,michelle.bender024@analytics.example.com
,PAY-202009-00000003103,ORD-202009-0000001230,CUST-0000143845,2020-09-11 03:57:32,Debit Card,Success,1352.43,EUR,NLD,Europe,,false,2020-09-11 03:57:32,timothy.cannon081@analytics.example.com
,PAY-202009-00000003104,ORD-202009-0000005006,CUST-0000135233,2020-09-23 07:59:59,PayPal,Failed,1021.93,GBP,GBR,Europe,Network timeout,false,2020-09-23 07:59:59,eric.horton058@analytics.example.com
,PAY-202009-00000003105,ORD-202009-0000004649,CUST-0000149267,2020-09-05 19:25:39,Phonepe,Success,1956.59,EUR,FRA,Europe,,false,2020-09-05 19:25:39,adam.gordon030@commerce.example.com
,PAY-202009-00000003106,ORD-202009-0000002056,CUST-0000145402,2020-09-09 20:16:09,Gift Card,Success,2177.67,CAD,CAN,North America,,false,2020-09-09 20:16:09,michelle.bender024@analytics.example.com
,PAY-202009-00000003107,ORD-202009-0000001110,CUST-0000144361,2020-09-24 03:09:54,Debit Card,Success,2616.74,AUD,AUS,Oceania,,false,2020-09-24 03:09:54,tina.williams074@commerce.example.com
,PAY-202009-00000003108,ORD-202009-0000002403,CUST-0000150605,2020-09-02 08:00:19,Google Pay,Success,1388.23,MXN,MEX,North America,,false,2020-09-02 08:00:19,alyssa.richards002@commerce.example.com
,PAY-202009-00000003109,ORD-202009-0000006308,CUST-0000136185,2020-09-24 00:36:33,Phonepe,Success,1268.93,SGD,SGP,Asia,,false,2020-09-24 00:36:33,micheal.chen050@dataops.example.com
,PAY-202009-00000003110,ORD-202009-0000000006,CUST-0000149661,2020-09-09 03:20:46,Google Pay,Success,782.21,EUR,NLD,Europe,,false,2020-09-09 03:20:46,ryan.steele043@commerce.example.com
,PAY-202009-00000003111,ORD-202009-0000000104,CUST-0000137870,2020-09-26 09:35:44,Google Pay,Success,200.35,JPY,JPN,Asia,,false,2020-09-26 09:35:44,kelsey.taylor010@platform.example.com
,PAY-202009-00000003112,ORD-202009-0000005801,CUST-0000138356,2020-09-29 05:44:25,Buy Now Pay Later,Success,2435.32,BRL,BRA,South America,,false,2020-09-29 05:44:25,michelle.bender024@analytics.example.com
,PAY-202009-00000003113,ORD-202009-0000001087,CUST-0000137710,2020-09-06 10:03:19,PayPal,Success,1914.47,EUR,FRA,Europe,,false,2020-09-06 10:03:19,megan.cunningham013@commerce.example.com
,PAY-202009-00000003114,ORD-202009-0000005399,CUST-0000135086,2020-09-23 03:59:34,Phonepe,Failed,1407.41,EUR,DEU,Europe,Card declined,false,2020-09-23 03:59:34,timothy.cameron104@commerce.example.com
,PAY-202009-00000003115,ORD-202009-0000001415,CUST-0000143910,2020-09-29 20:13:23,Bank Transfer,Success,2049.86,BRL,BRA,South America,,false,2020-09-29 20:13:23,ashley.marks069@commerce.example.com
,PAY-202009-00000003116,ORD-202009-0000000817,CUST-0000136308,2020-09-15 20:56:27,PayPal,Success,926.3,EUR,ITA,Europe,,false,2020-09-15 20:56:27,victor.palmer071@platform.example.com
,PAY-202009-00000003117,ORD-202009-0000005335,CUST-0000149757,2020-09-24 06:44:28,Credit Card,Success,2476.35,MXN,MEX,North America,,false,2020-09-24 06:44:28,megan.cunningham013@commerce.example.com
,PAY-202009-00000003118,ORD-202009-0000001501,CUST-0000134516,2020-09-04 04:17:33,PayPal,Success,2212.28,MXN,MEX,North America,,false,2020-09-04 04:17:33,stephen.daniels076@commerce.example.com
,PAY-202009-00000003119,ORD-202009-0000004905,CUST-0000140100,2020-09-25 14:25:37,Buy Now Pay Later,Success,2487.34,EUR,NLD,Europe,,false,2020-09-25 14:25:37,tina.williams074@commerce.example.com
,PAY-202009-00000003120,ORD-202009-0000001534,CUST-0000151309,2020-09-28 12:23:08,Bank Transfer,Success,3432.3,EUR,FRA,Europe,,false,2020-09-28 12:23:08,david.cabrera119@dataops.example.com
,PAY-202009-00000003121,ORD-202009-0000002982,CUST-0000143451,2020-09-05 17:05:13,Buy Now Pay Later,Success,1056.68,CAD,CAN,North America,,false,2020-09-05 17:05:13,andrea.cummings039@platform.example.com
,PAY-202009-00000003122,ORD-202009-0000004107,CUST-0000142229,2020-09-29 16:15:04,Phonepe,Failed,504.02,EUR,DEU,Europe,Card declined,false,2020-09-29 16:15:04,stephen.daniels076@commerce.example.com
,PAY-202009-00000003123,ORD-202009-0000002491,CUST-0000144542,2020-09-24 22:02:11,Apple Pay,Success,3347.23,EUR,DEU,Europe,,false,2020-09-24 22:02:11,jeffery.miller012@commerce.example.com
,PAY-202009-00000003124,ORD-202009-0000004656,CUST-0000144655,2020-09-05 13:22:16,Paytm,Refunded,3429.77,EUR,ESP,Europe,,true,2020-09-05 13:22:16,michelle.sims041@analytics.example.com
,PAY-202009-00000003125,ORD-202009-0000000781,CUST-0000142399,2020-09-17 22:51:16,Paytm,Success,2579.97,JPY,JPN,Asia,,false,2020-09-17 22:51:16,brandon.yu006@analytics.example.com
,PAY-202009-00000003126,ORD-202009-0000005345,CUST-0000149749,2020-09-17 02:27:35,PayPal,Success,842.17,GBP,GBR,Europe,,false,2020-09-17 02:27:35,timothy.cannon081@analytics.example.com
,PAY-202009-00000003127,ORD-202009-0000002358,CUST-0000135299,2020-09-16 01:40:36,Credit Card,Success,2139.57,USD,USA,North America,,false,2020-09-16 01:40:36,victor.palmer071@platform.example.com
,PAY-202009-00000003128,ORD-202009-0000004476,CUST-0000154115,2020-09-30 10:01:53,Google Pay,Success,1618.01,AED,ARE,Asia,,false,2020-09-30 10:01:53,stephen.clark001@analytics.example.com
,PAY-202009-00000003129,ORD-202009-0000001576,CUST-0000135041,2020-09-22 18:31:23,Apple Pay,Refunded,1615.03,USD,USA,North America,,true,2020-09-22 18:31:23,eric.horton058@analytics.example.com
,PAY-202009-00000003130,ORD-202009-0000002130,CUST-0000152387,2020-09-02 06:05:46,Google Pay,Success,835.63,EUR,NLD,Europe,,false,2020-09-02 06:05:46,ashley.marks069@commerce.example.com
,PAY-202009-00000003131,ORD-202009-0000001997,CUST-0000147638,2020-09-22 20:30:20,Bank Transfer,Success,2385.81,INR,IND,Asia,,false,2020-09-22 20:30:20,stephen.clark001@analytics.example.com
,PAY-202009-00000003132,ORD-202009-0000001590,CUST-0000144392,2020-09-28 16:38:39,Paytm,Success,1318.21,JPY,JPN,Asia,,false,2020-09-28 16:38:39,james.proctor094@dataops.example.com
,PAY-202009-00000003133,ORD-202009-0000001590,CUST-0000147663,2020-09-27 07:50:58,Bank Transfer,Pending,1844.17,EUR,ITA,Europe,,false,2020-09-27 07:50:58,susan.rice083@commerce.example.com
,PAY-202009-00000003134,ORD-202009-0000000648,CUST-0000149784,2020-09-11 09:09:29,Debit Card,Failed,1580.08,GBP,GBR,Europe,Network timeout,false,2020-09-11 09:09:29,maria.ashley046@analytics.example.com
,PAY-202009-00000003135,ORD-202009-0000005612,CUST-0000135234,2020-09-17 01:11:04,PayPal,Success,93.3,USD,USA,North America,,false,2020-09-17 01:11:04,megan.cunningham013@commerce.example.com
,PAY-202009-00000003136,ORD-202009-0000002347,CUST-0000135929,2020-09-21 05:35:14,Google Pay,Pending,1264.34,SGD,SGP,Asia,,false,2020-09-21 05:35:14,micheal.chen050@dataops.example.com
,PAY-202009-00000003137,ORD-202009-0000002521,CUST-0000141063,2020-09-02 06:21:31,Bank Transfer,Pending,2956.77,AED,ARE,Asia,,false,2020-09-02 06:21:31,peter.martinez098@platform.example.com
,PAY-202009-00000003138,ORD-202009-0000001610,CUST-0000137989,2020-09-08 09:37:07,Gift Card,Success,1529.65,USD,USA,North America,,false,2020-09-08 09:37:07,jennifer.bauer068@analytics.example.com
,PAY-202009-00000003139,ORD-202009-0000003081,CUST-0000148273,2020-09-16 03:43:17,Phonepe,Success,2965.52,EUR,NLD,Europe,,false,2020-09-16 03:43:17,ashley.marks069@commerce.example.com
,PAY-202009-00000003140,ORD-202009-0000004489,CUST-0000149182,2020-09-13 23:05:02,Buy Now Pay Later,Success,694.73,EUR,FRA,Europe,,false,2020-09-13 23:05:02,stephen.clark001@analytics.example.com
,PAY-202009-00000003141,ORD-202009-0000000346,CUST-0000146057,2020-09-17 05:44:51,Phonepe,Pending,2101.25,USD,USA,North America,,false,2020-09-17 05:44:51,michelle.sims041@analytics.example.com
,PAY-202009-00000003142,ORD-202009-0000001476,CUST-0000139639,2020-09-19 17:09:53,Phonepe,Success,3195.17,AUD,AUS,Oceania,,false,2020-09-19 17:09:53,maria.ashley046@analytics.example.com
,PAY-202009-00000003143,ORD-202009-0000004186,CUST-0000148476,2020-09-20 05:00:01,Debit Card,Refunded,3427.72,CAD,CAN,North America,,true,2020-09-20 05:00:01,stephen.daniels076@commerce.example.com
,PAY-202009-00000003144,ORD-202009-0000000243,CUST-0000144867,2020-09-05 00:47:27,PayPal,Success,1655.41,USD,USA,North America,,false,2020-09-05 00:47:27,jennifer.hudson020@analytics.example.com
,PAY-202009-00000003145,ORD-202009-0000002015,CUST-0000136190,2020-09-07 08:05:35,Gift Card,Success,3102.15,AED,ARE,Asia,,false,2020-09-07 08:05:35,michael.berger060@platform.example.com
,PAY-202009-00000003146,ORD-202009-0000005398,CUST-0000135149,2020-09-02 13:37:07,Credit Card,Success,2019.62,AUD,AUS,Oceania,,false,2020-09-02 13:37:07,susan.rice083@commerce.example.com
,PAY-202009-00000003147,ORD-202009-0000003129,CUST-0000152855,2020-09-26 14:14:32,Credit Card,Success,620.83,SGD,SGP,Asia,,false,2020-09-26 14:14:32,tina.williams074@commerce.example.com
,PAY-202009-00000003148,ORD-202009-0000000395,CUST-0000151260,2020-09-18 14:44:42,Paytm,Success,425.5,AED,ARE,Asia,,false,2020-09-18 14:44:42,eric.mullen052@dataops.example.com
,PAY-202009-00000003149,ORD-202009-0000003622,CUST-0000139871,2020-09-21 00:08:45,Gift Card,Success,2471.56,INR,IND,Asia,,false,2020-09-21 00:08:45,stephen.daniels076@commerce.example.com
,PAY-202009-00000003150,ORD-202009-0000005376,CUST-0000142577,2020-09-17 08:48:35,Gift Card,Success,1059.64,JPY,JPN,Asia,,false,2020-09-17 08:48:35,alyssa.richards002@commerce.example.com
,PAY-202009-00000003151,ORD-202009-0000002030,CUST-0000146400,2020-09-26 14:17:11,Bank Transfer,Success,2496.89,EUR,FRA,Europe,,false,2020-09-26 14:17:11,jennifer.hudson020@analytics.example.com
,PAY-202009-00000003152,ORD-202009-0000002282,CUST-0000147659,2020-09-30 18:27:03,Gift Card,Success,3335.02,EUR,ITA,Europe,,false,2020-09-30 18:27:03,eric.mullen052@dataops.example.com
,PAY-202009-00000003153,ORD-202009-0000001245,CUST-0000140066,2020-09-06 18:06:25,PayPal,Success,76.4,BRL,BRA,South America,,false,2020-09-06 18:06:25,michelle.sims041@analytics.example.com
,PAY-202009-00000003154,ORD-202009-0000002522,CUST-0000146727,2020-09-21 00:12:43,Gift Card,Success,2850.81,EUR,ITA,Europe,,false,2020-09-21 00:12:43,michael.johnson061@platform.example.com
,PAY-202009-00000003155,ORD-202009-0000001508,CUST-0000146858,2020-09-09 18:03:50,Credit Card,Success,3099.5,MXN,MEX,North America,,false,2020-09-09 18:03:50,michael.johnson061@platform.example.com
,PAY-202009-00000003156,ORD-202009-0000000681,CUST-0000138861,2020-09-29 19:57:46,Paytm,Success,2475.56,AUD,AUS,Oceania,,false,2020-09-29 19:57:46,michelle.bender024@analytics.example.com
,PAY-202009-00000003157,ORD-202009-0000000524,CUST-0000146620,2020-09-17 01:48:41,Bank Transfer,Success,2316.25,BRL,BRA,South America,,false,2020-09-17 01:48:41,ashley.marks069@commerce.example.com
,PAY-202009-00000003158,ORD-202009-0000005027,CUST-0000148719,2020-09-07 15:15:13,Apple Pay,Success,2939.56,AUD,AUS,Oceania,,false,2020-09-07 15:15:13,stephen.clark001@analytics.example.com
,PAY-202009-00000003159,ORD-202009-0000000572,CUST-0000140439,2020-09-04 19:01:19,PayPal,Success,1939.44,INR,IND,Asia,,false,2020-09-04 19:01:19,michelle.sims041@analytics.example.com
,PAY-202009-00000003160,ORD-202009-0000002681,CUST-0000135168,2020-09-12 15:03:36,PayPal,Success,2381.99,EUR,NLD,Europe,,false,2020-09-12 15:03:36,megan.cunningham013@commerce.example.com
,PAY-202009-00000003161,ORD-202009-0000003757,CUST-0000147942,2020-09-06 22:26:51,Paytm,Success,2016.38,MXN,MEX,North America,,false,2020-09-06 22:26:51,maria.ashley046@analytics.example.com
,PAY-202009-00000003162,ORD-202009-0000003646,CUST-0000146486,2020-09-07 05:21:15,Apple Pay,Success,2846.46,EUR,ESP,Europe,,false,2020-09-07 05:21:15,alyssa.richards002@commerce.example.com
,PAY-202009-00000003163,ORD-202009-0000005589,CUST-0000144111,2020-09-25 16:09:36,Google Pay,Success,1714.79,EUR,FRA,Europe,,false,2020-09-25 16:09:36,michael.berger060@platform.example.com
,PAY-202009-00000003164,ORD-202009-0000006345,CUST-0000140161,2020-09-20 07:55:06,Apple Pay,Success,1151.08,EUR,ITA,Europe,,false,2020-09-20 07:55:06,micheal.chen050@dataops.example.com
,PAY-202009-00000003165,ORD-202009-0000001315,CUST-0000139526,2020-09-15 06:29:36,Google Pay,Success,3122.67,INR,IND,Asia,,false,2020-09-15 06:29:36,ryan.steele043@commerce.example.com
,PAY-202009-00000003166,ORD-202009-0000002213,CUST-0000136433,2020-09-29 13:01:21,Bank Transfer,Success,2408.08,EUR,FRA,Europe,,false,2020-09-29 13:01:21,michelle.bender024@analytics.example.com
,PAY-202009-00000003167,ORD-202009-0000004398,CUST-0000135395,2020-09-13 00:32:26,Apple Pay,Success,1701.72,EUR,FRA,Europe,,false,2020-09-13 00:32:26,adam.gordon030@commerce.example.com
,PAY-202009-00000003168,ORD-202009-0000002324,CUST-0000151686,2020-09-18 20:10:59,Apple Pay,Pending,1028.24,GBP,GBR,Europe,,false,2020-09-18 20:10:59,jeffery.miller012@commerce.example.com
,PAY-202009-00000003169,ORD-202009-0000003360,CUST-0000152748,2020-09-03 10:21:59,Credit Card,Success,2346.11,BRL,BRA,South America,,false,2020-09-03 10:21:59,micheal.hall064@dataops.example.com
,PAY-202009-00000003170,ORD-202009-0000005683,CUST-0000147259,2020-09-17 09:14:38,Debit Card,Success,2392.58,AUD,AUS,Oceania,,false,2020-09-17 09:14:38,timothy.cannon081@analytics.example.com
,PAY-202009-00000003171,ORD-202009-0000000972,CUST-0000137192,2020-09-17 16:36:53,Google Pay,Success,1126.47,SGD,SGP,Asia,,false,2020-09-17 16:36:53,tina.williams074@commerce.example.com
,PAY-202009-00000003172,ORD-202009-0000002283,CUST-0000145583,2020-09-01 07:24:36,Debit Card,Success,2890.88,BRL,BRA,South America,,false,2020-09-01 07:24:36,lance.williams029@platform.example.com
,PAY-202009-00000003173,ORD-202009-0000005970,CUST-0000134423,2020-09-07 21:31:35,Debit Card,Success,1500.17,EUR,ITA,Europe,,false,2020-09-07 21:31:35,david.cabrera119@dataops.example.com
,PAY-202009-00000003174,ORD-202009-0000006527,CUST-0000152451,2020-09-06 18:21:07,Debit Card,Success,2920.11,JPY,JPN,Asia,,false,2020-09-06 18:21:07,micheal.chen050@dataops.example.com
,PAY-202009-00000003175,ORD-202009-0000003236,CUST-0000141817,2020-09-10 16:58:14,Apple Pay,Success,2168.2,BRL,BRA,South America,,false,2020-09-10 16:58:14,eric.mullen052@dataops.example.com
,PAY-202009-00000003176,ORD-202009-0000000724,CUST-0000153685,2020-09-21 03:28:38,Bank Transfer,Success,2632.65,EUR,DEU,Europe,,false,2020-09-21 03:28:38,ashley.marks069@commerce.example.com
,PAY-202009-00000003177,ORD-202009-0000004039,CUST-0000148013,2020-09-08 04:31:20,PayPal,Success,1092.94,USD,USA,North America,,false,2020-09-08 04:31:20,andrea.cummings039@platform.example.com
,PAY-202009-00000003178,ORD-202009-0000000665,CUST-0000146828,2020-09-17 07:51:34,Paytm,Success,1867.06,BRL,BRA,South America,,false,2020-09-17 07:51:34,tina.williams074@commerce.example.com
,PAY-202009-00000003179,ORD-202009-0000000813,CUST-0000148622,2020-09-20 20:24:03,Phonepe,Success,761.95,AED,ARE,Asia,,false,2020-09-20 20:24:03,brandi.carter038@dataops.example.com
,PAY-202009-00000003180,ORD-202009-0000005734,CUST-0000136056,2020-09-17 22:27:07,Gift Card,Success,838.16,MXN,MEX,North America,,false,2020-09-17 22:27:07,ashley.marks069@commerce.example.com
,PAY-202009-00000003181,ORD-202009-0000002371,CUST-0000142626,2020-09-28 05:31:44,Credit Card,Success,373.46,AUD,AUS,Oceania,,false,2020-09-28 05:31:44,timothy.cameron104@commerce.example.com
,PAY-202009-00000003182,ORD-202009-0000000985,CUST-0000138769,2020-09-13 10:54:49,Paytm,Success,3301.09,AUD,AUS,Oceania,,false,2020-09-13 10:54:49,maria.ashley046@analytics.example.com
,PAY-202009-00000003183,ORD-202009-0000000918,CUST-0000153978,2020-09-12 04:32:15,Debit Card,Success,1133.03,BRL,BRA,South America,,false,2020-09-12 04:32:15,alyssa.richards002@commerce.example.com
,PAY-202009-00000003184,ORD-202009-0000005952,CUST-0000151668,2020-09-17 05:33:34,Apple Pay,Success,1390.72,EUR,ESP,Europe,,false,2020-09-17 05:33:34,timothy.cannon081@analytics.example.com
,PAY-202009-00000003185,ORD-202009-0000000159,CUST-0000147988,2020-09-08 08:29:42,PayPal,Success,481.1,INR,IND,Asia,,false,2020-09-08 08:29:42,lance.williams029@platform.example.com
,PAY-202009-00000003186,ORD-202009-0000002537,CUST-0000139794,2020-09-18 07:19:40,Credit Card,Success,3346.25,AUD,AUS,Oceania,,false,2020-09-18 07:19:40,kelsey.taylor010@platform.example.com
,PAY-202009-00000003187,ORD-202009-0000000922,CUST-0000145819,2020-09-12 22:22:52,Credit Card,Refunded,3355.55,MXN,MEX,North America,,true,2020-09-12 22:22:52,jennifer.hudson020@analytics.example.com
,PAY-202009-00000003188,ORD-202009-0000000954,CUST-0000134552,2020-09-10 08:53:27,Buy Now Pay Later,Success,110.69,BRL,BRA,South America,,false,2020-09-10 08:53:27,brandi.carter038@dataops.example.com
,PAY-202009-00000003189,ORD-202009-0000001328,CUST-0000135045,2020-09-03 14:38:16,Google Pay,Success,3388.65,AUD,AUS,Oceania,,false,2020-09-03 14:38:16,stephen.daniels076@commerce.example.com
,PAY-202009-00000003190,ORD-202009-0000000188,CUST-0000143877,2020-09-02 22:56:52,Apple Pay,Success,2972.88,BRL,BRA,South America,,false,2020-09-02 22:56:52,tina.williams074@commerce.example.com
,PAY-202009-00000003191,ORD-202009-0000001924,CUST-0000137802,2020-09-19 10:48:19,PayPal,Success,197.68,BRL,BRA,South America,,false,2020-09-19 10:48:19,micheal.hall064@dataops.example.com
,PAY-202009-00000003192,ORD-202009-0000005055,CUST-0000144859,2020-09-10 12:57:58,Buy Now Pay Later,Success,3406.11,EUR,NLD,Europe,,false,2020-09-10 12:57:58,micheal.chen050@dataops.example.com
,PAY-202009-00000003193,ORD-202009-0000000877,CUST-0000138162,2020-09-10 09:49:18,Paytm,Success,1798.5,EUR,FRA,Europe,,false,2020-09-10 09:49:18,susan.rice083@commerce.example.com
,PAY-202009-00000003194,ORD-202009-0000000975,CUST-0000137926,2020-09-18 17:53:29,Debit Card,Success,1797.61,USD,USA,North America,,false,2020-09-18 17:53:29,joseph.johnson049@dataops.example.com
,PAY-202009-00000003195,ORD-202009-0000000032,CUST-0000146036,2020-09-09 09:47:04,Gift Card,Success,338.52,INR,IND,Asia,,false,2020-09-09 09:47:04,susan.rice083@commerce.example.com
,PAY-202009-00000003196,ORD-202009-0000005488,CUST-0000137944,2020-09-30 10:52:48,Debit Card,Success,3048.66,EUR,DEU,Europe,,false,2020-09-30 10:52:48,jeffery.miller012@commerce.example.com
,PAY-202009-00000003197,ORD-202009-0000006506,CUST-0000145361,2020-09-16 02:29:11,Google Pay,Success,2079.77,MXN,MEX,North America,,false,2020-09-16 02:29:11,jeffery.miller012@commerce.example.com
,PAY-202009-00000003198,ORD-202009-0000004834,CUST-0000140466,2020-09-01 07:38:15,Phonepe,Success,2166.66,JPY,JPN,Asia,,false,2020-09-01 07:38:15,brandi.carter038@dataops.example.com
,PAY-202009-00000003199,ORD-202009-0000005973,CUST-0000152236,2020-09-15 06:49:09,Gift Card,Success,2331.74,USD,USA,North America,,false,2020-09-15 06:49:09,andrea.cummings039@platform.example.com
,PAY-202009-00000003200,ORD-202009-0000001445,CUST-0000150569,2020-09-09 14:25:31,Apple Pay,Success,3440.9,CAD,CAN,North America,,false,2020-09-09 14:25:31,adam.gordon030@commerce.example.com
,PAY-202009-00000003201,ORD-202009-0000004784,CUST-0000142304,2020-09-17 14:48:36,Bank Transfer,Success,75.58,EUR,DEU,Europe,,false,2020-09-17 14:48:36,timothy.cannon081@analytics.example.com
,PAY-202009-00000003202,ORD-202009-0000004945,CUST-0000139897,2020-09-24 08:38:10,Gift Card,Success,1046.94,BRL,BRA,South America,,false,2020-09-24 08:38:10,jeffery.miller012@commerce.example.com
,PAY-202009-00000003203,ORD-202009-0000005601,CUST-0000134691,2020-09-20 02:39:31,Google Pay,Success,2479.35,MXN,MEX,North America,,false,2020-09-20 02:39:31,brandi.carter038@dataops.example.com
,PAY-202009-00000003204,ORD-202009-0000005295,CUST-0000146980,2020-09-18 03:11:07,Debit Card,Success,680.7,AED,ARE,Asia,,false,2020-09-18 03:11:07,michelle.sims041@analytics.example.com
,PAY-202009-00000003205,ORD-202009-0000003036,CUST-0000151989,2020-09-11 05:52:09,Google Pay,Success,2677.46,EUR,DEU,Europe,,false,2020-09-11 05:52:09,patrick.gonzalez035@dataops.example.com
,PAY-202009-00000003206,ORD-202009-0000003911,CUST-0000138119,2020-09-26 18:43:40,Paytm,Success,400.3,BRL,BRA,South America,,false,2020-09-26 18:43:40,michael.johnson061@platform.example.com
,PAY-202009-00000003207,ORD-202009-0000004233,CUST-0000148371,2020-09-03 02:29:58,Debit Card,Success,3491.03,MXN,MEX,North America,,false,2020-09-03 02:29:58,micheal.hall064@dataops.example.com
,PAY-202009-00000003208,ORD-202009-0000003324,CUST-0000134681,2020-09-22 19:53:02,Credit Card,Success,745.22,EUR,NLD,Europe,,false,2020-09-22 19:53:02,megan.cunningham013@commerce.example.com
,PAY-202009-00000003209,ORD-202009-0000005463,CUST-0000150225,2020-09-26 20:23:19,Apple Pay,Failed,2939.3,BRL,BRA,South America,Invalid CVV,false,2020-09-26 20:23:19,brandi.carter038@dataops.example.com
,PAY-202009-00000003210,ORD-202009-0000001714,CUST-0000153125,2020-09-14 01:23:10,PayPal,Success,3379.71,INR,IND,Asia,,false,2020-09-14 01:23:10,john.mullins109@commerce.example.com
,PAY-202009-00000003211,ORD-202009-0000004738,CUST-0000143079,2020-09-07 14:01:38,Phonepe,Success,2915.49,BRL,BRA,South America,,false,2020-09-07 14:01:38,taylor.cunningham023@commerce.example.com
,PAY-202009-00000003212,ORD-202009-0000006460,CUST-0000142712,2020-09-07 14:23:48,PayPal,Success,714.23,EUR,FRA,Europe,,false,2020-09-07 14:23:48,lance.williams029@platform.example.com
,PAY-202009-00000003213,ORD-202009-0000004039,CUST-0000140366,2020-09-06 12:17:16,Bank Transfer,Refunded,2809.21,USD,USA,North America,,true,2020-09-06 12:17:16,michelle.sims041@analytics.example.com
,PAY-202009-00000003214,ORD-202009-0000004329,CUST-0000145003,2020-09-06 13:02:54,PayPal,Success,962.49,GBP,GBR,Europe,,false,2020-09-06 13:02:54,victor.palmer071@platform.example.com
,PAY-202009-00000003215,ORD-202009-0000006582,CUST-0000136065,2020-09-20 19:23:44,PayPal,Success,134.6,EUR,ESP,Europe,,false,2020-09-20 19:23:44,jennifer.hudson020@analytics.example.com
,PAY-202009-00000003216,ORD-202009-0000004282,CUST-0000148160,2020-09-17 02:36:05,Credit Card,Success,1240.43,AUD,AUS,Oceania,,false,2020-09-17 02:36:05,brandi.carter038@dataops.example.com
,PAY-202009-00000003217,ORD-202009-0000002694,CUST-0000140855,2020-09-24 08:48:36,Debit Card,Success,1341.3,SGD,SGP,Asia,,false,2020-09-24 08:48:36,lance.williams029@platform.example.com
,PAY-202009-00000003218,ORD-202009-0000003042,CUST-0000151970,2020-09-26 00:56:12,Paytm,Success,807.15,GBP,GBR,Europe,,false,2020-09-26 00:56:12,michael.berger060@platform.example.com
,PAY-202009-00000003219,ORD-202009-0000004057,CUST-0000151439,2020-09-24 04:04:02,Paytm,Success,3269.24,AED,ARE,Asia,,false,2020-09-24 04:04:02,michael.johnson061@platform.example.com
,PAY-202009-00000003220,ORD-202009-0000006298,CUST-0000136954,2020-09-29 10:34:47,Phonepe,Success,1071.59,USD,USA,North America,,false,2020-09-29 10:34:47,eric.mullen052@dataops.example.com
,PAY-202009-00000003221,ORD-202009-0000002556,CUST-0000139296,2020-09-26 07:55:59,Gift Card,Success,2167.48,EUR,FRA,Europe,,false,2020-09-26 07:55:59,alyssa.richards002@commerce.example.com
,PAY-202009-00000003222,ORD-202009-0000006517,CUST-0000152017,2020-09-14 11:42:40,Debit Card,Success,970.79,EUR,ESP,Europe,,false,2020-09-14 11:42:40,alyssa.richards002@commerce.example.com
,PAY-202009-00000003223,ORD-202009-0000004652,CUST-0000145018,2020-09-27 10:46:57,Credit Card,Success,2415.34,CAD,CAN,North America,,false,2020-09-27 10:46:57,stephen.daniels076@commerce.example.com
,PAY-202009-00000003224,ORD-202009-0000005339,CUST-0000142858,2020-09-04 21:05:06,Debit Card,Success,2826.77,EUR,ITA,Europe,,false,2020-09-04 21:05:06,susan.rice083@commerce.example.com
,PAY-202009-00000003225,ORD-202009-0000002768,CUST-0000152936,2020-09-08 03:11:14,Bank Transfer,Success,1269.14,SGD,SGP,Asia,,false,2020-09-08 03:11:14,patrick.gonzalez035@dataops.example.com
,PAY-202009-00000003226,ORD-202009-0000004237,CUST-0000147639,2020-09-28 21:45:05,Paytm,Success,1876.68,CAD,CAN,North America,,false,2020-09-28 21:45:05,michael.johnson061@platform.example.com
,PAY-202009-00000003227,ORD-202009-0000003462,CUST-0000137903,2020-09-27 08:47:34,Google Pay,Success,2259.44,BRL,BRA,South America,,false,2020-09-27 08:47:34,micheal.hall064@dataops.example.com
,PAY-202009-00000003228,ORD-202009-0000004435,CUST-0000144033,2020-09-05 07:16:32,Google Pay,Success,645.29,MXN,MEX,North America,,false,2020-09-05 07:16:32,andrea.cummings039@platform.example.com
,PAY-202009-00000003229,ORD-202009-0000004623,CUST-0000141166,2020-09-27 13:32:33,Apple Pay,Success,1443.88,USD,USA,North America,,false,2020-09-27 13:32:33,andrea.cummings039@platform.example.com
,PAY-202009-00000003230,ORD-202009-0000001605,CUST-0000137762,2020-09-14 13:43:53,Paytm,Success,2153.11,JPY,JPN,Asia,,false,2020-09-14 13:43:53,stephen.daniels076@commerce.example.com
,PAY-202009-00000003231,ORD-202009-0000005952,CUST-0000138423,2020-09-21 02:08:35,Paytm,Success,930.48,INR,IND,Asia,,false,2020-09-21 02:08:35,eric.horton058@analytics.example.com
,PAY-202009-00000003232,ORD-202009-0000000093,CUST-0000151421,2020-09-01 00:45:33,Bank Transfer,Success,1148.36,MXN,MEX,North America,,false,2020-09-01 00:45:33,michelle.sims041@analytics.example.com
,PAY-202009-00000003233,ORD-202009-0000004104,CUST-0000142051,2020-09-03 10:52:18,Phonepe,Success,2150.05,BRL,BRA,South America,,false,2020-09-03 10:52:18,peter.martinez098@platform.example.com
,PAY-202009-00000003234,ORD-202009-0000001874,CUST-0000144523,2020-09-19 19:52:27,Apple Pay,Success,3142.46,EUR,ESP,Europe,,false,2020-09-19 19:52:27,michelle.sims041@analytics.example.com
,PAY-202009-00000003235,ORD-202009-0000005500,CUST-0000153557,2020-09-10 15:02:24,Apple Pay,Success,1237.86,CAD,CAN,North America,,false,2020-09-10 15:02:24,joseph.johnson049@dataops.example.com
,PAY-202009-00000003236,ORD-202009-0000001754,CUST-0000144727,2020-09-14 23:23:27,Apple Pay,Success,52.26,BRL,BRA,South America,,false,2020-09-14 23:23:27,taylor.cunningham023@commerce.example.com
,PAY-202009-00000003237,ORD-202009-0000005786,CUST-0000145870,2020-09-15 08:17:15,Google Pay,Success,1084.59,USD,USA,North America,,false,2020-09-15 08:17:15,jennifer.bauer068@analytics.example.com
,PAY-202009-00000003238,ORD-202009-0000001266,CUST-0000142832,2020-09-17 06:14:05,Buy Now Pay Later,Success,1444.68,AED,ARE,Asia,,false,2020-09-17 06:14:05,lance.williams029@platform.example.com
,PAY-202009-00000003239,ORD-202009-0000005033,CUST-0000146798,2020-09-25 01:22:33,Paytm,Success,1243.04,GBP,GBR,Europe,,false,2020-09-25 01:22:33,stephen.daniels076@commerce.example.com
,PAY-202009-00000003240,ORD-202009-0000006085,CUST-0000139196,2020-09-26 22:32:45,Credit Card,Success,2173.21,INR,IND,Asia,,false,2020-09-26 22:32:45,susan.rice083@commerce.example.com
,PAY-202009-00000003241,ORD-202009-0000005106,CUST-0000153534,2020-09-14 16:09:23,Credit Card,Success,3064.87,AED,ARE,Asia,,false,2020-09-14 16:09:23,eric.mullen052@dataops.example.com
,PAY-202009-00000003242,ORD-202009-0000004246,CUST-0000134841,2020-09-27 09:49:20,PayPal,Success,1437.82,BRL,BRA,South America,,false,2020-09-27 09:49:20,taylor.cunningham023@commerce.example.com
,PAY-202009-00000003243,ORD-202009-0000006389,CUST-0000138440,2020-09-11 13:49:19,Phonepe,Success,3385.21,AUD,AUS,Oceania,,false,2020-09-11 13:49:19,michael.berger060@platform.example.com
,PAY-202009-00000003244,ORD-202009-0000005283,CUST-0000148785,2020-09-26 18:34:07,Bank Transfer,Refunded,2869.51,EUR,ITA,Europe,,true,2020-09-26 18:34:07,timothy.cannon081@analytics.example.com
,PAY-202009-00000003245,ORD-202009-0000000569,CUST-0000143000,2020-09-05 19:42:00,Credit Card,Success,466.97,INR,IND,Asia,,false,2020-09-05 19:42:00,adam.gordon030@commerce.example.com
,PAY-202009-00000003246,ORD-202009-0000004325,CUST-0000144404,2020-09-05 12:07:32,Debit Card,Success,2059.11,USD,USA,North America,,false,2020-09-05 12:07:32,james.proctor094@dataops.example.com
,PAY-202009-00000003247,ORD-202009-0000002430,CUST-0000135737,2020-09-08 02:53:58,Debit Card,Success,3150.71,USD,USA,North America,,false,2020-09-08 02:53:58,joseph.johnson049@dataops.example.com
,PAY-202009-00000003248,ORD-202009-0000005876,CUST-0000140827,2020-09-22 01:03:27,Gift Card,Success,324.81,EUR,FRA,Europe,,false,2020-09-22 01:03:27,victor.palmer071@platform.example.com
,PAY-202009-00000003249,ORD-202009-0000003416,CUST-0000151647,2020-09-11 02:50:35,Google Pay,Success,314.34,EUR,NLD,Europe,,false,2020-09-11 02:50:35,michael.berger060@platform.example.com
,PAY-202009-00000003250,ORD-202009-0000005854,CUST-0000144744,2020-09-25 08:39:53,Gift Card,Success,792.11,EUR,ITA,Europe,,false,2020-09-25 08:39:53,tina.williams074@commerce.example.com
,PAY-202009-00000003251,ORD-202009-0000005565,CUST-0000139241,2020-09-08 10:45:27,Debit Card,Success,904.82,INR,IND,Asia,,false,2020-09-08 10:45:27,patrick.gonzalez035@dataops.example.com
,PAY-202009-00000003252,ORD-202009-0000001706,CUST-0000145678,2020-09-05 19:59:49,Google Pay,Success,1212.04,USD,USA,North America,,false,2020-09-05 19:59:49,maria.ashley046@analytics.example.com
,PAY-202009-00000003253,ORD-202009-0000001380,CUST-0000148773,2020-09-14 16:19:53,Gift Card,Success,1428.5,GBP,GBR,Europe,,false,2020-09-14 16:19:53,tina.williams074@commerce.example.com
,PAY-202009-00000003254,ORD-202009-0000001974,CUST-0000136840,2020-09-26 11:09:29,Buy Now Pay Later,Success,2543.34,JPY,JPN,Asia,,false,2020-09-26 11:09:29,timothy.cameron104@commerce.example.com
,PAY-202009-00000003255,ORD-202009-0000002863,CUST-0000145026,2020-09-19 20:11:45,Google Pay,Failed,2629.18,EUR,NLD,Europe,Fraud check failed,false,2020-09-19 20:11:45,jennifer.hudson020@analytics.example.com
,PAY-202009-00000003256,ORD-202009-0000002832,CUST-0000137682,2020-09-13 02:44:42,Google Pay,Success,14.87,USD,USA,North America,,false,2020-09-13 02:44:42,tina.williams074@commerce.example.com
,PAY-202009-00000003257,ORD-202009-0000003817,CUST-0000137550,2020-09-25 17:24:04,Gift Card,Success,2269.47,MXN,MEX,North America,,false,2020-09-25 17:24:04,micheal.hall064@dataops.example.com
,PAY-202009-00000003258,ORD-202009-0000000466,CUST-0000134429,2020-09-20 09:18:22,Bank Transfer,Failed,3058.74,AUD,AUS,Oceania,Insufficient funds,false,2020-09-20 09:18:22,adam.gordon030@commerce.example.com
,PAY-202009-00000003259,ORD-202009-0000000725,CUST-0000140882,2020-09-02 05:29:07,Paytm,Success,2603.93,INR,IND,Asia,,false,2020-09-02 05:29:07,eric.mullen052@dataops.example.com
,PAY-202009-00000003260,ORD-202009-0000001142,CUST-0000145334,2020-09-22 07:27:08,Google Pay,Success,1394.0,EUR,ITA,Europe,,false,2020-09-22 07:27:08,michael.johnson061@platform.example.com
,PAY-202009-00000003261,ORD-202009-0000003883,CUST-0000140406,2020-09-28 13:05:05,Phonepe,Success,634.46,EUR,NLD,Europe,,false,2020-09-28 13:05:05,maria.ashley046@analytics.example.com
,PAY-202009-00000003262,ORD-202009-0000002579,CUST-0000134451,2020-09-02 12:31:39,Gift Card,Success,649.56,INR,IND,Asia,,false,2020-09-02 12:31:39,megan.cunningham013@commerce.example.com
,PAY-202009-00000003263,ORD-202009-0000005087,CUST-0000141722,2020-09-11 08:12:53,Credit Card,Success,3421.11,EUR,FRA,Europe,,false,2020-09-11 08:12:53,timothy.cannon081@analytics.example.com
,PAY-202009-00000003264,ORD-202009-0000001336,CUST-0000146240,2020-09-15 21:30:23,Paytm,Success,2063.59,EUR,ITA,Europe,,false,2020-09-15 21:30:23,eric.mullen052@dataops.example.com
,PAY-202009-00000003265,ORD-202009-0000001769,CUST-0000136120,2020-09-07 09:42:01,Credit Card,Success,914.35,AUD,AUS,Oceania,,false,2020-09-07 09:42:01,alyssa.richards002@commerce.example.com
,PAY-202009-00000003266,ORD-202009-0000004162,CUST-0000147431,2020-09-22 09:12:48,Gift Card,Success,1840.54,USD,USA,North America,,false,2020-09-22 09:12:48,james.proctor094@dataops.example.com
,PAY-202009-00000003267,ORD-202009-0000005123,CUST-0000150366,2020-09-08 16:57:15,Phonepe,Success,1246.87,AED,ARE,Asia,,false,2020-09-08 16:57:15,jennifer.bauer068@analytics.example.com
,PAY-202009-00000003268,ORD-202009-0000002240,CUST-0000137435,2020-09-26 15:55:10,Apple Pay,Success,1208.18,EUR,ESP,Europe,,false,2020-09-26 15:55:10,brandon.yu006@analytics.example.com
,PAY-202009-00000003269,ORD-202009-0000000727,CUST-0000135713,2020-09-05 05:29:48,Phonepe,Success,2353.86,USD,USA,North America,,false,2020-09-05 05:29:48,timothy.cameron104@commerce.example.com
,PAY-202009-00000003270,ORD-202009-0000003224,CUST-0000148708,2020-09-01 22:32:49,Google Pay,Success,3177.09,JPY,JPN,Asia,,false,2020-09-01 22:32:49,brandon.yu006@analytics.example.com
,PAY-202009-00000003271,ORD-202009-0000004360,CUST-0000138696,2020-09-15 20:29:21,Credit Card,Success,3003.92,SGD,SGP,Asia,,false,2020-09-15 20:29:21,ryan.steele043@commerce.example.com
,PAY-202009-00000003272,ORD-202009-0000003748,CUST-0000148576,2020-09-13 07:52:31,Buy Now Pay Later,Success,314.27,AUD,AUS,Oceania,,false,2020-09-13 07:52:31,timothy.cannon081@analytics.example.com
,PAY-202009-00000003273,ORD-202009-0000004840,CUST-0000135829,2020-09-02 04:32:39,Google Pay,Success,2057.82,CAD,CAN,North America,,false,2020-09-02 04:32:39,joseph.johnson049@dataops.example.com
,PAY-202009-00000003274,ORD-202009-0000006448,CUST-0000136113,2020-09-07 05:57:59,Apple Pay,Success,3330.37,JPY,JPN,Asia,,false,2020-09-07 05:57:59,kelsey.taylor010@platform.example.com
,PAY-202009-00000003275,ORD-202009-0000004967,CUST-0000145989,2020-09-10 15:13:59,Buy Now Pay Later,Success,870.92,MXN,MEX,North America,,false,2020-09-10 15:13:59,david.cabrera119@dataops.example.com
,PAY-202009-00000003276,ORD-202009-0000005723,CUST-0000148543,2020-09-20 03:41:40,Debit Card,Pending,1447.57,GBP,GBR,Europe,,false,2020-09-20 03:41:40,victor.palmer071@platform.example.com
,PAY-202009-00000003277,ORD-202009-0000003331,CUST-0000136370,2020-09-24 20:55:45,Credit Card,Success,2205.63,SGD,SGP,Asia,,false,2020-09-24 20:55:45,alyssa.richards002@commerce.example.com
,PAY-202009-00000003278,ORD-202009-0000005673,CUST-0000150343,2020-09-28 12:40:10,Apple Pay,Failed,2997.77,GBP,GBR,Europe,Network timeout,false,2020-09-28 12:40:10,michael.berger060@platform.example.com
,PAY-202009-00000003279,ORD-202009-0000002354,CUST-0000137942,2020-09-28 05:54:41,Bank Transfer,Success,3186.2,AED,ARE,Asia,,false,2020-09-28 05:54:41,jennifer.hudson020@analytics.example.com
,PAY-202009-00000003280,ORD-202009-0000005773,CUST-0000147987,2020-09-03 13:55:58,Gift Card,Success,1966.45,EUR,ESP,Europe,,false,2020-09-03 13:55:58,lance.williams029@platform.example.com
,PAY-202009-00000003281,ORD-202009-0000005555,CUST-0000152388,2020-09-06 14:42:03,Gift Card,Success,3284.87,JPY,JPN,Asia,,false,2020-09-06 14:42:03,micheal.chen050@dataops.example.com
,PAY-202009-00000003282,ORD-202009-0000005057,CUST-0000142455,2020-09-12 20:45:47,Paytm,Success,3067.25,EUR,DEU,Europe,,false,2020-09-12 20:45:47,ashley.marks069@commerce.example.com
,PAY-202009-00000003283,ORD-202009-0000002586,CUST-0000143339,2020-09-21 12:29:53,Credit Card,Success,2571.42,INR,IND,Asia,,false,2020-09-21 12:29:53,alyssa.richards002@commerce.example.com
,PAY-202009-00000003284,ORD-202009-0000002325,CUST-0000141837,2020-09-05 06:44:40,Apple Pay,Success,3111.84,AED,ARE,Asia,,false,2020-09-05 06:44:40,jennifer.hudson020@analytics.example.com
,PAY-202009-00000003285,ORD-202009-0000006184,CUST-0000146696,2020-09-18 04:22:54,Credit Card,Success,2436.22,EUR,ESP,Europe,,false,2020-09-18 04:22:54,stephen.daniels076@commerce.example.com
,PAY-202009-00000003286,ORD-202009-0000001324,CUST-0000151985,2020-09-12 08:22:16,Paytm,Success,219.65,EUR,ITA,Europe,,false,2020-09-12 08:22:16,joseph.johnson049@dataops.example.com
,PAY-202009-00000003287,ORD-202009-0000000289,CUST-0000143912,2020-09-08 11:14:50,Apple Pay,Pending,3015.61,CAD,CAN,North America,,false,2020-09-08 11:14:50,victor.palmer071@platform.example.com
,PAY-202009-00000003288,ORD-202009-0000005748,CUST-0000150240,2020-09-29 11:22:59,Gift Card,Refunded,1955.76,EUR,NLD,Europe,,true,2020-09-29 11:22:59,john.mullins109@commerce.example.com
,PAY-202009-00000003289,ORD-202009-0000005635,CUST-0000151281,2020-09-06 22:43:41,Phonepe,Success,2821.88,BRL,BRA,South America,,false,2020-09-06 22:43:41,alyssa.richards002@commerce.example.com
,PAY-202009-00000003290,ORD-202009-0000000177,CUST-0000153518,2020-09-05 00:55:35,Phonepe,Success,3010.74,GBP,GBR,Europe,,false,2020-09-05 00:55:35,alyssa.richards002@commerce.example.com
,PAY-202009-00000003291,ORD-202009-0000004383,CUST-0000139300,2020-09-17 09:38:21,Credit Card,Success,2758.31,MXN,MEX,North America,,false,2020-09-17 09:38:21,eric.horton058@analytics.example.com
,PAY-202009-00000003292,ORD-202009-0000002389,CUST-0000153120,2020-09-27 04:36:03,Buy Now Pay Later,Success,2603.06,GBP,GBR,Europe,,false,2020-09-27 04:36:03,james.proctor094@dataops.example.com
,PAY-202009-00000003293,ORD-202009-0000005062,CUST-0000153497,2020-09-29 03:04:54,Apple Pay,Success,920.51,INR,IND,Asia,,false,2020-09-29 03:04:54,eric.mullen052@dataops.example.com
,PAY-202009-00000003294,ORD-202009-0000004083,CUST-0000149880,2020-09-14 21:04:10,Google Pay,Success,2843.84,EUR,ESP,Europe,,false,2020-09-14 21:04:10,eric.mullen052@dataops.example.com
,PAY-202009-00000003295,ORD-202009-0000002432,CUST-0000138511,2020-09-11 10:02:36,Google Pay,Success,1961.56,BRL,BRA,South America,,false,2020-09-11 10:02:36,james.proctor094@dataops.example.com
,PAY-202009-00000003296,ORD-202009-0000003835,CUST-0000135064,2020-09-22 23:30:22,Gift Card,Success,1576.08,EUR,FRA,Europe,,false,2020-09-22 23:30:22,micheal.hall064@dataops.example.com
,PAY-202009-00000003297,ORD-202009-0000005716,CUST-0000146949,2020-09-25 20:38:44,Paytm,Success,3366.03,EUR,FRA,Europe,,false,2020-09-25 20:38:44,stephen.daniels076@commerce.example.com
,PAY-202009-00000003298,ORD-202009-0000005263,CUST-0000136044,2020-09-07 22:31:34,Paytm,Success,346.84,GBP,GBR,Europe,,false,2020-09-07 22:31:34,brandi.carter038@dataops.example.com
,PAY-202009-00000003299,ORD-202009-0000004858,CUST-0000147277,2020-09-25 15:02:44,Bank Transfer,Success,1295.97,INR,IND,Asia,,false,2020-09-25 15:02:44,john.mullins109@commerce.example.com
,PAY-202009-00000003300,ORD-202009-0000000893,CUST-0000145538,2020-09-18 08:54:39,Bank Transfer,Success,526.56,AUD,AUS,Oceania,,false,2020-09-18 08:54:39,michael.berger060@platform.example.com
,PAY-202009-00000003301,ORD-202009-0000002200,CUST-0000142446,2020-09-18 09:27:38,Gift Card,Success,2305.62,BRL,BRA,South America,,false,2020-09-18 09:27:38,kelsey.taylor010@platform.example.com
,PAY-202009-00000003302,ORD-202009-0000000009,CUST-0000142052,2020-09-30 12:05:24,Gift Card,Refunded,809.89,EUR,ESP,Europe,,true,2020-09-30 12:05:24,tina.williams074@commerce.example.com
,PAY-202009-00000003303,ORD-202009-0000003151,CUST-0000153626,2020-09-18 17:02:38,PayPal,Success,3028.75,EUR,ITA,Europe,,false,2020-09-18 17:02:38,ryan.steele043@commerce.example.com
,PAY-202009-00000003304,ORD-202009-0000001998,CUST-0000151878,2020-09-09 05:05:25,Debit Card,Success,948.48,JPY,JPN,Asia,,false,2020-09-09 05:05:25,taylor.cunningham023@commerce.example.com
,PAY-202009-00000003305,ORD-202009-0000002389,CUST-0000137018,2020-09-17 03:46:28,PayPal,Success,2840.44,GBP,GBR,Europe,,false,2020-09-17 03:46:28,andrea.cummings039@platform.example.com
,PAY-202009-00000003306,ORD-202009-0000000457,CUST-0000152374,2020-09-13 23:49:20,Credit Card,Success,910.39,EUR,FRA,Europe,,false,2020-09-13 23:49:20,timothy.cannon081@analytics.example.com
,PAY-202009-00000003307,ORD-202009-0000003141,CUST-0000150152,2020-09-09 03:40:49,Google Pay,Success,2046.98,EUR,ITA,Europe,,false,2020-09-09 03:40:49,john.mullins109@commerce.example.com
,PAY-202009-00000003308,ORD-202009-0000004216,CUST-0000153217,2020-09-08 11:02:41,Buy Now Pay Later,Success,669.04,EUR,NLD,Europe,,false,2020-09-08 11:02:41,susan.rice083@commerce.example.com
,PAY-202009-00000003309,ORD-202009-0000001203,CUST-0000146065,2020-09-07 11:50:41,Bank Transfer,Success,1769.36,AUD,AUS,Oceania,,false,2020-09-07 11:50:41,stephen.clark001@analytics.example.com
,PAY-202009-00000003310,ORD-202009-0000006349,CUST-0000137416,2020-09-04 03:35:42,PayPal,Success,3393.53,AED,ARE,Asia,,false,2020-09-04 03:35:42,alyssa.richards002@commerce.example.com
,PAY-202009-00000003311,ORD-202009-0000004405,CUST-0000148448,2020-09-10 17:56:07,Apple Pay,Success,2470.59,EUR,ESP,Europe,,false,2020-09-10 17:56:07,james.proctor094@dataops.example.com
,PAY-202009-00000003312,ORD-202009-0000001321,CUST-0000145267,2020-09-14 04:04:28,Debit Card,Success,1337.62,INR,IND,Asia,,false,2020-09-14 04:04:28,michelle.sims041@analytics.example.com
,PAY-202009-00000003313,ORD-202009-0000002380,CUST-0000141257,2020-09-09 16:51:38,Bank Transfer,Success,1455.21,EUR,ITA,Europe,,false,2020-09-09 16:51:38,ryan.steele043@commerce.example.com
,PAY-202009-00000003314,ORD-202009-0000006365,CUST-0000134951,2020-09-09 13:32:37,Buy Now Pay Later,Success,593.75,AUD,AUS,Oceania,,false,2020-09-09 13:32:37,stephen.daniels076@commerce.example.com
,PAY-202009-00000003315,ORD-202009-0000002046,CUST-0000137591,2020-09-09 03:40:25,Gift Card,Success,1207.44,EUR,ITA,Europe,,false,2020-09-09 03:40:25,kelsey.taylor010@platform.example.com
,PAY-202009-00000003316,ORD-202009-0000005413,CUST-0000145214,2020-09-14 08:11:08,Buy Now Pay Later,Success,922.14,EUR,DEU,Europe,,false,2020-09-14 08:11:08,taylor.cunningham023@commerce.example.com
,PAY-202009-00000003317,ORD-202009-0000002515,CUST-0000141662,2020-09-12 01:14:53,Google Pay,Failed,1964.41,GBP,GBR,Europe,Invalid CVV,false,2020-09-12 01:14:53,tina.williams074@commerce.example.com
,PAY-202009-00000003318,ORD-202009-0000006251,CUST-0000153885,2020-09-06 10:47:09,Credit Card,Success,2634.49,CAD,CAN,North America,,false,2020-09-06 10:47:09,kelsey.taylor010@platform.example.com
,PAY-202009-00000003319,ORD-202009-0000006038,CUST-0000147064,2020-09-11 06:45:07,Gift Card,Pending,310.07,CAD,CAN,North America,,false,2020-09-11 06:45:07,jennifer.hudson020@analytics.example.com
,PAY-202009-00000003320,ORD-202009-0000003576,CUST-0000154034,2020-09-06 21:17:44,Phonepe,Success,771.22,EUR,ESP,Europe,,false,2020-09-06 21:17:44,ryan.steele043@commerce.example.com
,PAY-202009-00000003321,ORD-202009-0000002305,CUST-0000138540,2020-09-14 02:06:17,Paytm,Success,3265.87,GBP,GBR,Europe,,false,2020-09-14 02:06:17,david.cabrera119@dataops.example.com
,PAY-202009-00000003322,ORD-202009-0000003180,CUST-0000137214,2020-09-28 16:11:06,Debit Card,Success,3012.31,MXN,MEX,North America,,false,2020-09-28 16:11:06,brandon.yu006@analytics.example.com
,PAY-202009-00000003323,ORD-202009-0000005961,CUST-0000150256,2020-09-26 13:41:42,Phonepe,Success,2711.14,AED,ARE,Asia,,false,2020-09-26 13:41:42,taylor.cunningham023@commerce.example.com
,PAY-202009-00000003324,ORD-202009-0000000301,CUST-0000144282,2020-09-16 19:31:06,Apple Pay,Success,3141.34,EUR,ESP,Europe,,false,2020-09-16 19:31:06,maria.ashley046@analytics.example.com
,PAY-202009-00000003325,ORD-202009-0000001346,CUST-0000142906,2020-09-14 16:10:25,Paytm,Success,2326.07,EUR,ESP,Europe,,false,2020-09-14 16:10:25,jeffery.miller012@commerce.example.com
,PAY-202009-00000003326,ORD-202009-0000001456,CUST-0000141232,2020-09-22 05:51:13,Phonepe,Success,1826.57,EUR,ITA,Europe,,false,2020-09-22 05:51:13,micheal.chen050@dataops.example.com
,PAY-202009-00000003327,ORD-202009-0000003295,CUST-0000147209,2020-09-14 01:58:36,Credit Card,Success,2694.72,AED,ARE,Asia,,false,2020-09-14 01:58:36,eric.mullen052@dataops.example.com
,PAY-202009-00000003328,ORD-202009-0000004515,CUST-0000144113,2020-09-28 00:17:01,Bank Transfer,Success,1239.01,EUR,NLD,Europe,,false,2020-09-28 00:17:01,john.mullins109@commerce.example.com
,PAY-202009-00000003329,ORD-202009-0000002667,CUST-0000147346,2020-09-03 06:00:11,Buy Now Pay Later,Success,2865.01,INR,IND,Asia,,false,2020-09-03 06:00:11,jeffery.miller012@commerce.example.com
,PAY-202009-00000003330,ORD-202009-0000006405,CUST-0000136527,2020-09-17 00:43:52,Paytm,Success,2547.17,EUR,ESP,Europe,,false,2020-09-17 00:43:52,jennifer.bauer068@analytics.example.com
,PAY-202009-00000003331,ORD-202009-0000004703,CUST-0000135810,2020-09-05 06:23:07,Credit Card,Success,3315.57,JPY,JPN,Asia,,false,2020-09-05 06:23:07,eric.mullen052@dataops.example.com
,PAY-202009-00000003332,ORD-202009-0000000146,CUST-0000137758,2020-09-29 14:43:08,Gift Card,Success,2516.09,GBP,GBR,Europe,,false,2020-09-29 14:43:08,stephen.daniels076@commerce.example.com
,PAY-202009-00000003333,ORD-202009-0000001957,CUST-0000134801,2020-09-02 09:56:57,Bank Transfer,Success,2974.24,EUR,ESP,Europe,,false,2020-09-02 09:56:57,michael.johnson061@platform.example.com
,PAY-202009-00000003334,ORD-202009-0000001251,CUST-0000148717,2020-09-19 17:25:11,PayPal,Success,2852.23,GBP,GBR,Europe,,false,2020-09-19 17:25:11,lance.williams029@platform.example.com
,PAY-202009-00000003335,ORD-202009-0000000972,CUST-0000134902,2020-09-03 05:32:33,Phonepe,Success,1878.94,BRL,BRA,South America,,false,2020-09-03 05:32:33,stephen.daniels076@commerce.example.com
,PAY-202009-00000003336,ORD-202009-0000000673,CUST-0000154099,2020-09-24 18:45:01,Google Pay,Success,16.21,EUR,ESP,Europe,,false,2020-09-24 18:45:01,stephen.daniels076@commerce.example.com
,PAY-202009-00000003337,ORD-202009-0000002016,CUST-0000139725,2020-09-16 21:36:57,Apple Pay,Success,595.11,SGD,SGP,Asia,,false,2020-09-16 21:36:57,timothy.cameron104@commerce.example.com
,PAY-202009-00000003338,ORD-202009-0000000320,CUST-0000136464,2020-09-04 00:13:16,Google Pay,Success,406.67,JPY,JPN,Asia,,false,2020-09-04 00:13:16,susan.rice083@commerce.example.com
,PAY-202009-00000003339,ORD-202009-0000004857,CUST-0000135942,2020-09-10 09:24:28,Bank Transfer,Success,1774.79,USD,USA,North America,,false,2020-09-10 09:24:28,joseph.johnson049@dataops.example.com
,PAY-202009-00000003340,ORD-202009-0000003809,CUST-0000148528,2020-09-28 04:13:28,Apple Pay,Success,1647.16,SGD,SGP,Asia,,false,2020-09-28 04:13:28,james.proctor094@dataops.example.com
,PAY-202009-00000003341,ORD-202009-0000003565,CUST-0000147727,2020-09-23 18:51:30,Credit Card,Failed,1262.59,INR,IND,Asia,Card declined,false,2020-09-23 18:51:30,brandi.carter038@dataops.example.com
,PAY-202009-00000003342,ORD-202009-0000002263,CUST-0000139567,2020-09-28 20:27:04,PayPal,Success,11.49,GBP,GBR,Europe,,false,2020-09-28 20:27:04,stephen.clark001@analytics.example.com
,PAY-202009-00000003343,ORD-202009-0000006385,CUST-0000148411,2020-09-07 19:14:23,PayPal,Pending,848.99,BRL,BRA,South America,,false,2020-09-07 19:14:23,andrea.cummings039@platform.example.com
,PAY-202009-00000003344,ORD-202009-0000005643,CUST-0000145460,2020-09-26 13:26:19,Google Pay,Success,1904.65,BRL,BRA,South America,,false,2020-09-26 13:26:19,micheal.chen050@dataops.example.com
,PAY-202009-00000003345,ORD-202009-0000003659,CUST-0000147046,2020-09-17 21:11:46,Debit Card,Success,1310.15,EUR,FRA,Europe,,false,2020-09-17 21:11:46,jeffery.miller012@commerce.example.com
,PAY-202009-00000003346,ORD-202009-0000001105,CUST-0000145282,2020-09-16 04:26:18,Debit Card,Success,2566.88,EUR,ITA,Europe,,false,2020-09-16 04:26:18,stephen.clark001@analytics.example.com
,PAY-202009-00000003347,ORD-202009-0000002049,CUST-0000153715,2020-09-20 12:46:44,Bank Transfer,Success,2187.16,GBP,GBR,Europe,,false,2020-09-20 12:46:44,ryan.steele043@commerce.example.com
,PAY-202009-00000003348,ORD-202009-0000006037,CUST-0000148772,2020-09-18 07:19:00,Google Pay,Success,2585.75,JPY,JPN,Asia,,false,2020-09-18 07:19:00,michelle.sims041@analytics.example.com
,PAY-202009-00000003349,ORD-202009-0000001703,CUST-0000146737,2020-09-04 17:19:40,Bank Transfer,Success,3311.09,AED,ARE,Asia,,false,2020-09-04 17:19:40,adam.gordon030@commerce.example.com
,PAY-202009-00000003350,ORD-202009-0000003699,CUST-0000135561,2020-09-22 17:08:25,Paytm,Success,1624.24,EUR,FRA,Europe,,false,2020-09-22 17:08:25,michelle.bender024@analytics.example.com
,PAY-202009-00000003351,ORD-202009-0000005447,CUST-0000145050,2020-09-16 10:55:27,Apple Pay,Success,1836.35,AUD,AUS,Oceania,,false,2020-09-16 10:55:27,maria.ashley046@analytics.example.com
,PAY-202009-00000003352,ORD-202009-0000000194,CUST-0000141887,2020-09-05 07:08:30,Bank Transfer,Success,2357.97,EUR,NLD,Europe,,false,2020-09-05 07:08:30,brandon.yu006@analytics.example.com
,PAY-202009-00000003353,ORD-202009-0000001758,CUST-0000153014,2020-09-16 05:07:15,Bank Transfer,Success,627.08,EUR,FRA,Europe,,false,2020-09-16 05:07:15,michael.berger060@platform.example.com
,PAY-202009-00000003354,ORD-202009-0000002861,CUST-0000153784,2020-09-18 06:33:35,PayPal,Success,123.98,MXN,MEX,North America,,false,2020-09-18 06:33:35,eric.mullen052@dataops.example.com
,PAY-202009-00000003355,ORD-202009-0000005444,CUST-0000153336,2020-09-15 15:04:46,Paytm,Success,1691.43,EUR,NLD,Europe,,false,2020-09-15 15:04:46,jennifer.hudson020@analytics.example.com
,PAY-202009-00000003356,ORD-202009-0000004595,CUST-0000140786,2020-09-02 09:22:39,Google Pay,Success,216.37,GBP,GBR,Europe,,false,2020-09-02 09:22:39,eric.mullen052@dataops.example.com
,PAY-202009-00000003357,ORD-202009-0000002842,CUST-0000142731,2020-09-27 03:40:24,Gift Card,Success,296.47,EUR,DEU,Europe,,false,2020-09-27 03:40:24,adam.gordon030@commerce.example.com
,PAY-202009-00000003358,ORD-202009-0000006133,CUST-0000139462,2020-09-24 18:25:29,Credit Card,Success,2576.33,EUR,FRA,Europe,,false,2020-09-24 18:25:29,alyssa.richards002@commerce.example.com
,PAY-202009-00000003359,ORD-202009-0000001814,CUST-0000142658,2020-09-16 02:02:02,Google Pay,Success,1746.38,SGD,SGP,Asia,,false,2020-09-16 02:02:02,timothy.cannon081@analytics.example.com
,PAY-202009-00000003360,ORD-202009-0000001600,CUST-0000149791,2020-09-11 08:05:29,PayPal,Success,862.82,GBP,GBR,Europe,,false,2020-09-11 08:05:29,brandi.carter038@dataops.example.com
,PAY-202009-00000003361,ORD-202009-0000005693,CUST-0000139211,2020-09-09 00:50:26,Credit Card,Success,2691.18,CAD,CAN,North America,,false,2020-09-09 00:50:26,victor.palmer071@platform.example.com
,PAY-202009-00000003362,ORD-202009-0000000703,CUST-0000149615,2020-09-08 08:42:06,Credit Card,Success,1088.27,EUR,NLD,Europe,,false,2020-09-08 08:42:06,stephen.clark001@analytics.example.com
,PAY-202009-00000003363,ORD-202009-0000001634,CUST-0000147140,2020-09-27 20:49:20,Phonepe,Success,1749.01,EUR,ESP,Europe,,false,2020-09-27 20:49:20,michelle.bender024@analytics.example.com
,PAY-202009-00000003364,ORD-202009-0000006500,CUST-0000135090,2020-09-08 01:41:28,Credit Card,Success,1727.29,GBP,GBR,Europe,,false,2020-09-08 01:41:28,michael.johnson061@platform.example.com
,PAY-202009-00000003365,ORD-202009-0000004212,CUST-0000137832,2020-09-06 13:49:56,Gift Card,Success,1769.25,INR,IND,Asia,,false,2020-09-06 13:49:56,micheal.hall064@dataops.example.com
,PAY-202009-00000003366,ORD-202009-0000002933,CUST-0000145523,2020-09-11 08:03:31,Google Pay,Success,954.03,EUR,ITA,Europe,,false,2020-09-11 08:03:31,lance.williams029@platform.example.com
,PAY-202009-00000003367,ORD-202009-0000006098,CUST-0000137347,2020-09-19 19:29:15,Buy Now Pay Later,Failed,536.12,USD,USA,North America,Network timeout,false,2020-09-19 19:29:15,ashley.marks069@commerce.example.com
,PAY-202009-00000003368,ORD-202009-0000006411,CUST-0000137913,2020-09-27 10:35:42,Phonepe,Success,2509.32,EUR,FRA,Europe,,false,2020-09-27 10:35:42,michael.berger060@platform.example.com
,PAY-202009-00000003369,ORD-202009-0000002161,CUST-0000149604,2020-09-08 03:30:05,Credit Card,Success,2662.36,EUR,NLD,Europe,,false,2020-09-08 03:30:05,maria.ashley046@analytics.example.com
,PAY-202009-00000003370,ORD-202009-0000002826,CUST-0000144800,2020-09-20 09:13:46,Bank Transfer,Success,799.87,SGD,SGP,Asia,,false,2020-09-20 09:13:46,ashley.marks069@commerce.example.com
,PAY-202009-00000003371,ORD-202009-0000005496,CUST-0000148807,2020-09-21 02:31:09,Paytm,Success,568.9,EUR,DEU,Europe,,false,2020-09-21 02:31:09,adam.gordon030@commerce.example.com
,PAY-202009-00000003372,ORD-202009-0000002648,CUST-0000146758,2020-09-04 18:35:31,Phonepe,Success,406.18,AUD,AUS,Oceania,,false,2020-09-04 18:35:31,micheal.hall064@dataops.example.com
,PAY-202009-00000003373,ORD-202009-0000003167,CUST-0000152859,2020-09-25 19:03:42,Bank Transfer,Success,1217.04,INR,IND,Asia,,false,2020-09-25 19:03:42,lance.williams029@platform.example.com
,PAY-202009-00000003374,ORD-202009-0000002247,CUST-0000139236,2020-09-15 01:42:43,Debit Card,Success,1571.76,USD,USA,North America,,false,2020-09-15 01:42:43,lance.williams029@platform.example.com
,PAY-202009-00000003375,ORD-202009-0000004561,CUST-0000139159,2020-09-19 07:19:35,Paytm,Pending,275.32,CAD,CAN,North America,,false,2020-09-19 07:19:35,michael.johnson061@platform.example.com
,PAY-202009-00000003376,ORD-202009-0000003821,CUST-0000140131,2020-09-29 02:56:59,Gift Card,Success,1933.78,EUR,DEU,Europe,,false,2020-09-29 02:56:59,peter.martinez098@platform.example.com
,PAY-202009-00000003377,ORD-202009-0000002104,CUST-0000141377,2020-09-16 12:31:12,Buy Now Pay Later,Success,1851.06,EUR,NLD,Europe,,false,2020-09-16 12:31:12,alyssa.richards002@commerce.example.com
,PAY-202009-00000003378,ORD-202009-0000002595,CUST-0000136665,2020-09-16 18:42:46,Apple Pay,Success,1360.11,GBP,GBR,Europe,,false,2020-09-16 18:42:46,peter.martinez098@platform.example.com
,PAY-202009-00000003379,ORD-202009-0000000948,CUST-0000138287,2020-09-03 17:28:56,Credit Card,Success,2986.68,EUR,ESP,Europe,,false,2020-09-03 17:28:56,ryan.steele043@commerce.example.com
,PAY-202009-00000003380,ORD-202009-0000000356,CUST-0000149893,2020-09-06 09:45:13,Paytm,Success,1352.42,EUR,NLD,Europe,,false,2020-09-06 09:45:13,joseph.johnson049@dataops.example.com
,PAY-202009-00000003381,ORD-202009-0000000674,CUST-0000140787,2020-09-11 18:20:57,Credit Card,Success,3163.46,EUR,ESP,Europe,,false,2020-09-11 18:20:57,andrea.cummings039@platform.example.com
,PAY-202009-00000003382,ORD-202009-0000002543,CUST-0000153529,2020-09-21 09:04:10,Bank Transfer,Success,2879.53,EUR,FRA,Europe,,false,2020-09-21 09:04:10,jennifer.bauer068@analytics.example.com
,PAY-202009-00000003383,ORD-202009-0000001840,CUST-0000152404,2020-09-01 13:07:36,Phonepe,Success,2673.39,EUR,ESP,Europe,,false,2020-09-01 13:07:36,brandi.carter038@dataops.example.com
,PAY-202009-00000003384,ORD-202009-0000001249,CUST-0000135688,2020-09-18 08:07:32,PayPal,Success,1529.61,JPY,JPN,Asia,,false,2020-09-18 08:07:32,michael.johnson061@platform.example.com
,PAY-202009-00000003385,ORD-202009-0000004281,CUST-0000152801,2020-09-02 08:39:24,Phonepe,Success,3460.3,USD,USA,North America,,false,2020-09-02 08:39:24,micheal.chen050@dataops.example.com
,PAY-202009-00000003386,ORD-202009-0000003225,CUST-0000147218,2020-09-30 05:11:48,Phonepe,Failed,2037.52,CAD,CAN,North America,Network timeout,false,2020-09-30 05:11:48,james.proctor094@dataops.example.com
,PAY-202009-00000003387,ORD-202009-0000002757,CUST-0000135025,2020-09-25 19:24:08,Paytm,Success,1860.09,EUR,DEU,Europe,,false,2020-09-25 19:24:08,michelle.sims041@analytics.example.com
,PAY-202009-00000003388,ORD-202009-0000001114,CUST-0000144635,2020-09-24 04:12:52,Apple Pay,Success,3392.48,BRL,BRA,South America,,false,2020-09-24 04:12:52,megan.cunningham013@commerce.example.com
,PAY-202009-00000003389,ORD-202009-0000000648,CUST-0000144317,2020-09-02 00:36:34,Google Pay,Success,2088.29,EUR,DEU,Europe,,false,2020-09-02 00:36:34,maria.ashley046@analytics.example.com
,PAY-202009-00000003390,ORD-202009-0000004964,CUST-0000151907,2020-09-05 03:35:37,Google Pay,Success,299.99,SGD,SGP,Asia,,false,2020-09-05 03:35:37,jeffery.miller012@commerce.example.com
,PAY-202009-00000003391,ORD-202009-0000005778,CUST-0000144390,2020-09-01 22:42:02,Gift Card,Success,2839.25,AED,ARE,Asia,,false,2020-09-01 22:42:02,timothy.cannon081@analytics.example.com
,PAY-202009-00000003392,ORD-202009-0000001477,CUST-0000146014,2020-09-21 00:13:00,Apple Pay,Success,1662.06,GBP,GBR,Europe,,false,2020-09-21 00:13:00,stephen.clark001@analytics.example.com
,PAY-202009-00000003393,ORD-202009-0000004186,CUST-0000148087,2020-09-12 05:46:01,Gift Card,Pending,356.45,SGD,SGP,Asia,,false,2020-09-12 05:46:01,patrick.gonzalez035@dataops.example.com
,PAY-202009-00000003394,ORD-202009-0000001225,CUST-0000145959,2020-09-15 21:11:29,Paytm,Success,2838.56,EUR,ITA,Europe,,false,2020-09-15 21:11:29,maria.ashley046@analytics.example.com
,PAY-202009-00000003395,ORD-202009-0000001191,CUST-0000138101,2020-09-21 19:24:07,Credit Card,Success,2087.94,EUR,DEU,Europe,,false,2020-09-21 19:24:07,taylor.cunningham023@commerce.example.com
,PAY-202009-00000003396,ORD-202009-0000004656,CUST-0000146495,2020-09-15 02:25:42,Gift Card,Success,2251.69,CAD,CAN,North America,,false,2020-09-15 02:25:42,timothy.cameron104@commerce.example.com
,PAY-202009-00000003397,ORD-202009-0000001446,CUST-0000142434,2020-09-14 23:41:39,PayPal,Success,3295.22,AED,ARE,Asia,,false,2020-09-14 23:41:39,micheal.hall064@dataops.example.com
,PAY-202009-00000003398,ORD-202009-0000004047,CUST-0000142874,2020-09-16 16:44:13,PayPal,Success,964.68,AUD,AUS,Oceania,,false,2020-09-16 16:44:13,lance.williams029@platform.example.com
,PAY-202009-00000003399,ORD-202009-0000002634,CUST-0000134535,2020-09-07 21:04:48,Google Pay,Failed,2828.65,JPY,JPN,Asia,Fraud check failed,false,2020-09-07 21:04:48,timothy.cameron104@commerce.example.com
,PAY-202009-00000003400,ORD-202009-0000005618,CUST-0000152795,2020-09-26 06:10:15,Apple Pay,Success,3094.49,EUR,FRA,Europe,,false,2020-09-26 06:10:15,eric.mullen052@dataops.example.com
,PAY-202009-00000003401,ORD-202009-0000004923,CUST-0000153367,2020-09-13 17:29:19,PayPal,Success,2748.23,AED,ARE,Asia,,false,2020-09-13 17:29:19,alyssa.richards002@commerce.example.com
,PAY-202009-00000003402,ORD-202009-0000002961,CUST-0000141782,2020-09-04 09:59:44,Debit Card,Success,3383.83,INR,IND,Asia,,false,2020-09-04 09:59:44,michael.berger060@platform.example.com
,PAY-202009-00000003403,ORD-202009-0000001848,CUST-0000153594,2020-09-11 02:32:05,Credit Card,Success,2546.7,EUR,ITA,Europe,,false,2020-09-11 02:32:05,jennifer.bauer068@analytics.example.com
,PAY-202009-00000003404,ORD-202009-0000005322,CUST-0000141468,2020-09-29 18:43:51,PayPal,Success,1915.92,EUR,ESP,Europe,,false,2020-09-29 18:43:51,andrea.cummings039@platform.example.com
,PAY-202009-00000003405,ORD-202009-0000001433,CUST-0000144595,2020-09-20 09:26:50,Credit Card,Success,1686.23,INR,IND,Asia,,false,2020-09-20 09:26:50,maria.ashley046@analytics.example.com
,PAY-202009-00000003406,ORD-202009-0000002809,CUST-0000152339,2020-09-07 02:13:49,Buy Now Pay Later,Success,2687.3,INR,IND,Asia,,false,2020-09-07 02:13:49,micheal.hall064@dataops.example.com
,PAY-202009-00000003407,ORD-202009-0000003925,CUST-0000136337,2020-09-01 02:10:42,Buy Now Pay Later,Success,3425.9,SGD,SGP,Asia,,false,2020-09-01 02:10:42,michelle.bender024@analytics.example.com
,PAY-202009-00000003408,ORD-202009-0000004300,CUST-0000153275,2020-09-17 17:12:00,Paytm,Success,2945.7,AED,ARE,Asia,,false,2020-09-17 17:12:00,james.proctor094@dataops.example.com
,PAY-202009-00000003409,ORD-202009-0000000305,CUST-0000153007,2020-09-05 20:23:07,Phonepe,Success,1429.0,USD,USA,North America,,false,2020-09-05 20:23:07,michael.johnson061@platform.example.com
,PAY-202009-00000003410,ORD-202009-0000001546,CUST-0000152297,2020-09-16 05:15:19,Paytm,Success,1206.48,EUR,ESP,Europe,,false,2020-09-16 05:15:19,brandi.carter038@dataops.example.com
,PAY-202009-00000003411,ORD-202009-0000004204,CUST-0000149873,2020-09-01 23:06:11,PayPal,Refunded,3227.06,AUD,AUS,Oceania,,true,2020-09-01 23:06:11,michelle.bender024@analytics.example.com
,PAY-202009-00000003412,ORD-202009-0000004083,CUST-0000147316,2020-09-03 00:34:45,Gift Card,Success,3191.99,BRL,BRA,South America,,false,2020-09-03 00:34:45,michael.berger060@platform.example.com
,PAY-202009-00000003413,ORD-202009-0000000257,CUST-0000152686,2020-09-03 13:49:25,Bank Transfer,Success,2353.01,EUR,FRA,Europe,,false,2020-09-03 13:49:25,stephen.clark001@analytics.example.com
,PAY-202009-00000003414,ORD-202009-0000001833,CUST-0000151222,2020-09-25 21:51:30,PayPal,Success,246.43,EUR,ESP,Europe,,false,2020-09-25 21:51:30,micheal.chen050@dataops.example.com
,PAY-202009-00000003415,ORD-202009-0000005647,CUST-0000147591,2020-09-19 05:33:40,Buy Now Pay Later,Success,596.45,EUR,ESP,Europe,,false,2020-09-19 05:33:40,timothy.cameron104@commerce.example.com
,PAY-202009-00000003416,ORD-202009-0000001052,CUST-0000148151,2020-09-19 23:48:47,Phonepe,Success,2588.49,INR,IND,Asia,,false,2020-09-19 23:48:47,michelle.bender024@analytics.example.com
,PAY-202009-00000003417,ORD-202009-0000003190,CUST-0000135673,2020-09-21 18:59:10,PayPal,Success,312.15,EUR,ESP,Europe,,false,2020-09-21 18:59:10,ryan.steele043@commerce.example.com
,PAY-202009-00000003418,ORD-202009-0000004465,CUST-0000154068,2020-09-26 02:42:06,Credit Card,Success,3442.98,AUD,AUS,Oceania,,false,2020-09-26 02:42:06,megan.cunningham013@commerce.example.com
,PAY-202009-00000003419,ORD-202009-0000005823,CUST-0000147192,2020-09-20 20:16:20,Gift Card,Success,1337.27,CAD,CAN,North America,,false,2020-09-20 20:16:20,eric.mullen052@dataops.example.com
,PAY-202009-00000003420,ORD-202009-0000005750,CUST-0000151856,2020-09-23 12:41:26,Debit Card,Success,3152.43,MXN,MEX,North America,,false,2020-09-23 12:41:26,tina.williams074@commerce.example.com
,PAY-202009-00000003421,ORD-202009-0000000199,CUST-0000152409,2020-09-07 10:03:08,Buy Now Pay Later,Success,2457.32,SGD,SGP,Asia,,false,2020-09-07 10:03:08,eric.horton058@analytics.example.com
,PAY-202009-00000003422,ORD-202009-0000001834,CUST-0000138042,2020-09-23 09:07:00,Bank Transfer,Success,2527.38,BRL,BRA,South America,,false,2020-09-23 09:07:00,patrick.gonzalez035@dataops.example.com
,PAY-202009-00000003423,ORD-202009-0000004528,CUST-0000152824,2020-09-21 18:15:05,PayPal,Success,3105.26,EUR,ITA,Europe,,false,2020-09-21 18:15:05,stephen.daniels076@commerce.example.com
,PAY-202009-00000003424,ORD-202009-0000000414,CUST-0000153538,2020-09-20 00:09:15,Buy Now Pay Later,Success,1527.0,USD,USA,North America,,false,2020-09-20 00:09:15,david.cabrera119@dataops.example.com
,PAY-202009-00000003425,ORD-202009-0000006143,CUST-0000150079,2020-09-24 05:36:37,Bank Transfer,Success,2912.04,EUR,ITA,Europe,,false,2020-09-24 05:36:37,michael.berger060@platform.example.com
,PAY-202009-00000003426,ORD-202009-0000006540,CUST-0000141050,2020-09-17 20:05:13,Bank Transfer,Success,1085.58,EUR,NLD,Europe,,false,2020-09-17 20:05:13,micheal.hall064@dataops.example.com
,PAY-202009-00000003427,ORD-202009-0000005607,CUST-0000154106,2020-09-15 00:11:40,Apple Pay,Success,3263.49,INR,IND,Asia,,false,2020-09-15 00:11:40,peter.martinez098@platform.example.com
,PAY-202009-00000003428,ORD-202009-0000006019,CUST-0000148547,2020-09-25 21:10:47,Paytm,Success,408.28,EUR,FRA,Europe,,false,2020-09-25 21:10:47,andrea.cummings039@platform.example.com
,PAY-202009-00000003429,ORD-202009-0000004406,CUST-0000148447,2020-09-28 07:55:49,Paytm,Success,252.31,EUR,ITA,Europe,,false,2020-09-28 07:55:49,eric.horton058@analytics.example.com
,PAY-202009-00000003430,ORD-202009-0000002185,CUST-0000152552,2020-09-01 01:55:10,Credit Card,Success,328.33,BRL,BRA,South America,,false,2020-09-01 01:55:10,timothy.cameron104@commerce.example.com
,PAY-202009-00000003431,ORD-202009-0000003818,CUST-0000149056,2020-09-29 00:15:48,Google Pay,Success,835.74,EUR,NLD,Europe,,false,2020-09-29 00:15:48,brandon.yu006@analytics.example.com
,PAY-202009-00000003432,ORD-202009-0000001832,CUST-0000145360,2020-09-07 23:57:53,Gift Card,Success,2981.22,AED,ARE,Asia,,false,2020-09-07 23:57:53,michelle.sims041@analytics.example.com
,PAY-202009-00000003433,ORD-202009-0000002305,CUST-0000147335,2020-09-27 08:47:56,Bank Transfer,Success,2443.34,SGD,SGP,Asia,,false,2020-09-27 08:47:56,lance.williams029@platform.example.com
,PAY-202009-00000003434,ORD-202009-0000001392,CUST-0000138854,2020-09-06 15:18:30,Credit Card,Refunded,3282.49,EUR,NLD,Europe,,true,2020-09-06 15:18:30,adam.gordon030@commerce.example.com
,PAY-202009-00000003435,ORD-202009-0000004082,CUST-0000142772,2020-09-13 07:40:47,Debit Card,Success,61.3,GBP,GBR,Europe,,false,2020-09-13 07:40:47,brandon.yu006@analytics.example.com
,PAY-202009-00000003436,ORD-202009-0000006538,CUST-0000147968,2020-09-01 15:15:23,Debit Card,Success,1577.54,MXN,MEX,North America,,false,2020-09-01 15:15:23,timothy.cameron104@commerce.example.com
,PAY-202009-00000003437,ORD-202009-0000004205,CUST-0000150031,2020-09-11 14:29:37,Phonepe,Success,182.35,AUD,AUS,Oceania,,false,2020-09-11 14:29:37,victor.palmer071@platform.example.com
,PAY-202009-00000003438,ORD-202009-0000001981,CUST-0000150082,2020-09-20 17:35:37,Debit Card,Success,2628.53,EUR,NLD,Europe,,false,2020-09-20 17:35:37,joseph.johnson049@dataops.example.com
,PAY-202009-00000003439,ORD-202009-0000003361,CUST-0000136092,2020-09-30 05:28:50,Debit Card,Success,2372.3,CAD,CAN,North America,,false,2020-09-30 05:28:50,alyssa.richards002@commerce.example.com
,PAY-202009-00000003440,ORD-202009-0000004813,CUST-0000140799,2020-09-04 12:13:55,Phonepe,Success,2578.69,AED,ARE,Asia,,false,2020-09-04 12:13:55,kelsey.taylor010@platform.example.com
,PAY-202009-00000003441,ORD-202009-0000003046,CUST-0000147170,2020-09-08 22:31:45,Paytm,Success,1844.06,GBP,GBR,Europe,,false,2020-09-08 22:31:45,stephen.clark001@analytics.example.com
,PAY-202009-00000003442,ORD-202009-0000003014,CUST-0000140044,2020-09-23 17:37:22,Debit Card,Success,1539.67,MXN,MEX,North America,,false,2020-09-23 17:37:22,ashley.marks069@commerce.example.com
,PAY-202009-00000003443,ORD-202009-0000001663,CUST-0000139615,2020-09-29 18:49:43,Debit Card,Success,364.16,MXN,MEX,North America,,false,2020-09-29 18:49:43,john.mullins109@commerce.example.com
,PAY-202009-00000003444,ORD-202009-0000000625,CUST-0000151905,2020-09-03 22:48:32,Buy Now Pay Later,Success,1609.94,EUR,FRA,Europe,,false,2020-09-03 22:48:32,peter.martinez098@platform.example.com
,PAY-202009-00000003445,ORD-202009-0000003842,CUST-0000149700,2020-09-23 17:05:37,Debit Card,Success,2088.71,SGD,SGP,Asia,,false,2020-09-23 17:05:37,alyssa.richards002@commerce.example.com
,PAY-202009-00000003446,ORD-202009-0000003260,CUST-0000153050,2020-09-11 18:24:25,Buy Now Pay Later,Success,424.49,AED,ARE,Asia,,false,2020-09-11 18:24:25,eric.mullen052@dataops.example.com
,PAY-202009-00000003447,ORD-202009-0000004830,CUST-0000146080,2020-09-12 19:57:26,Gift Card,Success,189.42,USD,USA,North America,,false,2020-09-12 19:57:26,brandon.yu006@analytics.example.com
,PAY-202009-00000003448,ORD-202009-0000002027,CUST-0000136694,2020-09-09 11:14:44,PayPal,Success,3473.69,CAD,CAN,North America,,false,2020-09-09 11:14:44,michael.berger060@platform.example.com
,PAY-202009-00000003449,ORD-202009-0000006499,CUST-0000153585,2020-09-21 09:54:08,Google Pay,Success,2444.49,EUR,FRA,Europe,,false,2020-09-21 09:54:08,brandi.carter038@dataops.example.com
,PAY-202009-00000003450,ORD-202009-0000003184,CUST-0000138918,2020-09-23 20:37:43,Paytm,Refunded,3444.69,BRL,BRA,South America,,true,2020-09-23 20:37:43,eric.mullen052@dataops.example.com
,PAY-202009-00000003451,ORD-202009-0000006369,CUST-0000140113,2020-09-01 20:31:52,Apple Pay,Pending,1974.57,EUR,DEU,Europe,,false,2020-09-01 20:31:52,michael.berger060@platform.example.com
,PAY-202009-00000003452,ORD-202009-0000000512,CUST-0000146827,2020-09-12 11:18:07,Debit Card,Success,3032.64,EUR,NLD,Europe,,false,2020-09-12 11:18:07,john.mullins109@commerce.example.com
,PAY-202009-00000003453,ORD-202009-0000003703,CUST-0000137373,2020-09-18 12:51:49,Paytm,Success,2209.97,EUR,ITA,Europe,,false,2020-09-18 12:51:49,eric.horton058@analytics.example.com
,PAY-202009-00000003454,ORD-202009-0000001518,CUST-0000146832,2020-09-27 03:11:55,Apple Pay,Refunded,245.39,INR,IND,Asia,,true,2020-09-27 03:11:55,jeffery.miller012@commerce.example.com
,PAY-202009-00000003455,ORD-202009-0000005234,CUST-0000135695,2020-09-05 00:24:32,Phonepe,Success,115.42,EUR,NLD,Europe,,false,2020-09-05 00:24:32,joseph.johnson049@dataops.example.com
,PAY-202009-00000003456,ORD-202009-0000006436,CUST-0000151110,2020-09-22 18:32:52,Bank Transfer,Success,2563.86,CAD,CAN,North America,,false,2020-09-22 18:32:52,alyssa.richards002@commerce.example.com
,PAY-202009-00000003457,ORD-202009-0000000699,CUST-0000141690,2020-09-18 07:43:04,Apple Pay,Success,2117.54,GBP,GBR,Europe,,false,2020-09-18 07:43:04,john.mullins109@commerce.example.com
,PAY-202009-00000003458,ORD-202009-0000004202,CUST-0000141786,2020-09-20 02:15:05,Gift Card,Success,100.21,AUD,AUS,Oceania,,false,2020-09-20 02:15:05,andrea.cummings039@platform.example.com
,PAY-202009-00000003459,ORD-202009-0000003762,CUST-0000147441,2020-09-02 19:24:08,Gift Card,Success,847.46,EUR,FRA,Europe,,false,2020-09-02 19:24:08,susan.rice083@commerce.example.com
,PAY-202009-00000003460,ORD-202009-0000004305,CUST-0000144095,2020-09-10 18:45:50,Credit Card,Success,403.79,INR,IND,Asia,,false,2020-09-10 18:45:50,timothy.cannon081@analytics.example.com
,PAY-202009-00000003461,ORD-202009-0000001314,CUST-0000141453,2020-09-18 02:13:08,Gift Card,Success,2912.7,MXN,MEX,North America,,false,2020-09-18 02:13:08,jeffery.miller012@commerce.example.com
,PAY-202009-00000003462,ORD-202009-0000000790,CUST-0000144158,2020-09-08 07:17:13,Credit Card,Success,1902.87,INR,IND,Asia,,false,2020-09-08 07:17:13,stephen.daniels076@commerce.example.com
,PAY-202009-00000003463,ORD-202009-0000006017,CUST-0000141499,2020-09-20 14:21:13,Google Pay,Success,2199.36,USD,USA,North America,,false,2020-09-20 14:21:13,stephen.daniels076@commerce.example.com
,PAY-202009-00000003464,ORD-202009-0000003373,CUST-0000135798,2020-09-08 01:45:41,Paytm,Success,2045.06,EUR,ITA,Europe,,false,2020-09-08 01:45:41,timothy.cannon081@analytics.example.com
,PAY-202009-00000003465,ORD-202009-0000003051,CUST-0000143341,2020-09-26 20:47:15,Apple Pay,Success,2691.37,EUR,FRA,Europe,,false,2020-09-26 20:47:15,joseph.johnson049@dataops.example.com
,PAY-202009-00000003466,ORD-202009-0000005394,CUST-0000142356,2020-09-04 18:16:14,Buy Now Pay Later,Failed,1074.03,EUR,DEU,Europe,Invalid CVV,false,2020-09-04 18:16:14,eric.mullen052@dataops.example.com
,PAY-202009-00000003467,ORD-202009-0000000528,CUST-0000145909,2020-09-29 15:51:59,Apple Pay,Success,2745.8,BRL,BRA,South America,,false,2020-09-29 15:51:59,jennifer.bauer068@analytics.example.com
,PAY-202009-00000003468,ORD-202009-0000000031,CUST-0000153989,2020-09-13 16:52:53,Phonepe,Success,2228.44,AED,ARE,Asia,,false,2020-09-13 16:52:53,joseph.johnson049@dataops.example.com
,PAY-202009-00000003469,ORD-202009-0000005590,CUST-0000139346,2020-09-08 05:48:24,Google Pay,Success,531.37,EUR,NLD,Europe,,false,2020-09-08 05:48:24,jennifer.hudson020@analytics.example.com
,PAY-202009-00000003470,ORD-202009-0000000733,CUST-0000151802,2020-09-01 02:04:26,Credit Card,Success,1075.64,AED,ARE,Asia,,false,2020-09-01 02:04:26,eric.horton058@analytics.example.com
,PAY-202009-00000003471,ORD-202009-0000006492,CUST-0000151984,2020-09-21 17:27:54,Paytm,Success,2899.28,SGD,SGP,Asia,,false,2020-09-21 17:27:54,peter.martinez098@platform.example.com
,PAY-202009-00000003472,ORD-202009-0000000478,CUST-0000138118,2020-09-14 19:22:59,Apple Pay,Success,612.36,MXN,MEX,North America,,false,2020-09-14 19:22:59,brandon.yu006@analytics.example.com
,PAY-202009-00000003473,ORD-202009-0000004778,CUST-0000137201,2020-09-16 18:57:31,Paytm,Success,3123.68,AUD,AUS,Oceania,,false,2020-09-16 18:57:31,stephen.clark001@analytics.example.com
,PAY-202009-00000003474,ORD-202009-0000002636,CUST-0000150179,2020-09-12 19:34:45,Bank Transfer,Success,98.81,EUR,DEU,Europe,,false,2020-09-12 19:34:45,brandon.yu006@analytics.example.com
,PAY-202009-00000003475,ORD-202009-0000002885,CUST-0000153856,2020-09-10 08:58:26,Paytm,Failed,662.28,EUR,ESP,Europe,Insufficient funds,false,2020-09-10 08:58:26,brandon.yu006@analytics.example.com
,PAY-202009-00000003476,ORD-202009-0000000657,CUST-0000135624,2020-09-16 23:28:58,Phonepe,Success,2134.31,SGD,SGP,Asia,,false,2020-09-16 23:28:58,megan.cunningham013@commerce.example.com
,PAY-202009-00000003477,ORD-202009-0000000470,CUST-0000152444,2020-09-23 01:29:41,PayPal,Success,2809.45,EUR,DEU,Europe,,false,2020-09-23 01:29:41,adam.gordon030@commerce.example.com
,PAY-202009-00000003478,ORD-202009-0000005214,CUST-0000148746,2020-09-05 11:52:35,PayPal,Success,560.17,EUR,NLD,Europe,,false,2020-09-05 11:52:35,jeffery.miller012@commerce.example.com
,PAY-202009-00000003479,ORD-202009-0000004776,CUST-0000148990,2020-09-05 06:34:33,Debit Card,Success,1542.31,EUR,ESP,Europe,,false,2020-09-05 06:34:33,brandi.carter038@dataops.example.com
,PAY-202009-00000003480,ORD-202009-0000000664,CUST-0000148399,2020-09-11 21:17:36,Credit Card,Success,448.95,EUR,ITA,Europe,,false,2020-09-11 21:17:36,michael.johnson061@platform.example.com
,PAY-202009-00000003481,ORD-202009-0000005413,CUST-0000146001,2020-09-23 22:38:38,Google Pay,Success,627.75,INR,IND,Asia,,false,2020-09-23 22:38:38,megan.cunningham013@commerce.example.com
,PAY-202009-00000003482,ORD-202009-0000001125,CUST-0000134435,2020-09-01 03:05:52,Debit Card,Success,1605.67,JPY,JPN,Asia,,false,2020-09-01 03:05:52,joseph.johnson049@dataops.example.com
,PAY-202009-00000003483,ORD-202009-0000006274,CUST-0000145351,2020-09-19 18:31:38,Gift Card,Success,3260.74,AED,ARE,Asia,,false,2020-09-19 18:31:38,peter.martinez098@platform.example.com
,PAY-202009-00000003484,ORD-202009-0000005860,CUST-0000136102,2020-09-01 02:35:27,Google Pay,Success,3085.59,EUR,DEU,Europe,,false,2020-09-01 02:35:27,micheal.hall064@dataops.example.com
,PAY-202009-00000003485,ORD-202009-0000005281,CUST-0000137473,2020-09-27 04:09:10,Debit Card,Success,3370.72,INR,IND,Asia,,false,2020-09-27 04:09:10,stephen.clark001@analytics.example.com
,PAY-202009-00000003486,ORD-202009-0000003319,CUST-0000143900,2020-09-21 16:16:11,Paytm,Success,2338.53,SGD,SGP,Asia,,false,2020-09-21 16:16:11,ashley.marks069@commerce.example.com
,PAY-202009-00000003487,ORD-202009-0000003792,CUST-0000140452,2020-09-28 12:40:28,Buy Now Pay Later,Success,258.68,EUR,ITA,Europe,,false,2020-09-28 12:40:28,michelle.sims041@analytics.example.com
,PAY-202009-00000003488,ORD-202009-0000000096,CUST-0000137619,2020-09-27 23:23:22,PayPal,Success,2352.98,MXN,MEX,North America,,false,2020-09-27 23:23:22,peter.martinez098@platform.example.com
,PAY-202009-00000003489,ORD-202009-0000002297,CUST-0000148186,2020-09-21 16:49:53,Gift Card,Success,1483.26,CAD,CAN,North America,,false,2020-09-21 16:49:53,peter.martinez098@platform.example.com
,PAY-202009-00000003490,ORD-202009-0000000641,CUST-0000144254,2020-09-09 20:49:43,PayPal,Success,2610.88,EUR,FRA,Europe,,false,2020-09-09 20:49:43,taylor.cunningham023@commerce.example.com
,PAY-202009-00000003491,ORD-202009-0000004854,CUST-0000147491,2020-09-23 04:28:52,Apple Pay,Success,1062.62,INR,IND,Asia,,false,2020-09-23 04:28:52,maria.ashley046@analytics.example.com
,PAY-202009-00000003492,ORD-202009-0000003625,CUST-0000152139,2020-09-05 19:19:18,Phonepe,Success,2833.26,GBP,GBR,Europe,,false,2020-09-05 19:19:18,adam.gordon030@commerce.example.com
,PAY-202009-00000003493,ORD-202009-0000002984,CUST-0000141250,2020-09-15 16:10:35,Debit Card,Success,2628.06,EUR,ITA,Europe,,false,2020-09-15 16:10:35,taylor.cunningham023@commerce.example.com
,PAY-202009-00000003494,ORD-202009-0000004706,CUST-0000153035,2020-09-19 23:32:14,Phonepe,Success,903.43,JPY,JPN,Asia,,false,2020-09-19 23:32:14,maria.ashley046@analytics.example.com
,PAY-202009-00000003495,ORD-202009-0000002300,CUST-0000143971,2020-09-06 23:14:35,Phonepe,Success,3086.12,AUD,AUS,Oceania,,false,2020-09-06 23:14:35,michelle.sims041@analytics.example.com
,PAY-202009-00000003496,ORD-202009-0000000135,CUST-0000139666,2020-09-06 12:32:44,Bank Transfer,Success,2306.08,AED,ARE,Asia,,false,2020-09-06 12:32:44,eric.mullen052@dataops.example.com
,PAY-202009-00000003497,ORD-202009-0000006401,CUST-0000137123,2020-09-27 18:25:19,Apple Pay,Success,732.73,AUD,AUS,Oceania,,false,2020-09-27 18:25:19,peter.martinez098@platform.example.com
,PAY-202009-00000003498,ORD-202009-0000003530,CUST-0000141337,2020-09-04 19:19:02,Paytm,Success,1369.41,MXN,MEX,North America,,false,2020-09-04 19:19:02,kelsey.taylor010@platform.example.com
,PAY-202009-00000003499,ORD-202009-0000001443,CUST-0000134865,2020-09-06 18:59:13,Debit Card,Success,1202.38,CAD,CAN,North America,,false,2020-09-06 18:59:13,micheal.chen050@dataops.example.com
,PAY-202009-00000003500,ORD-202009-0000000837,CUST-0000145027,2020-09-14 13:15:41,Gift Card,Success,2977.39,USD,USA,North America,,false,2020-09-14 13:15:41,stephen.clark001@analytics.example.com
,PAY-202009-00000003501,ORD-202009-0000002829,CUST-0000135026,2020-09-22 10:37:29,Google Pay,Success,2415.8,EUR,DEU,Europe,,false,2020-09-22 10:37:29,jennifer.hudson020@analytics.example.com
,PAY-202009-00000003502,ORD-202009-0000003829,CUST-0000149737,2020-09-24 10:01:30,Google Pay,Failed,3402.98,EUR,DEU,Europe,Fraud check failed,false,2020-09-24 10:01:30,maria.ashley046@analytics.example.com
,PAY-202009-00000003503,ORD-202009-0000004350,CUST-0000142262,2020-09-20 18:20:46,Gift Card,Success,135.6,BRL,BRA,South America,,false,2020-09-20 18:20:46,tina.williams074@commerce.example.com
,PAY-202009-00000003504,ORD-202009-0000005666,CUST-0000152697,2020-09-27 19:57:15,PayPal,Success,1321.43,EUR,DEU,Europe,,false,2020-09-27 19:57:15,adam.gordon030@commerce.example.com
,PAY-202009-00000003505,ORD-202009-0000000529,CUST-0000148754,2020-09-24 11:12:06,Gift Card,Success,289.61,GBP,GBR,Europe,,false,2020-09-24 11:12:06,jennifer.bauer068@analytics.example.com
,PAY-202009-00000003506,ORD-202009-0000005247,CUST-0000145765,2020-09-05 23:45:29,Apple Pay,Success,1595.04,INR,IND,Asia,,false,2020-09-05 23:45:29,john.mullins109@commerce.example.com
,PAY-202009-00000003507,ORD-202009-0000006576,CUST-0000152896,2020-09-29 03:48:18,Paytm,Success,1832.56,EUR,NLD,Europe,,false,2020-09-29 03:48:18,james.proctor094@dataops.example.com
,PAY-202009-00000003508,ORD-202009-0000003154,CUST-0000141578,2020-09-24 15:38:39,Phonepe,Success,1999.92,USD,USA,North America,,false,2020-09-24 15:38:39,james.proctor094@dataops.example.com
,PAY-202009-00000003509,ORD-202009-0000004891,CUST-0000149452,2020-09-08 15:43:42,PayPal,Success,2286.16,SGD,SGP,Asia,,false,2020-09-08 15:43:42,timothy.cannon081@analytics.example.com
,PAY-202009-00000003510,ORD-202009-0000003137,CUST-0000135003,2020-09-14 03:47:17,Credit Card,Success,946.55,USD,USA,North America,,false,2020-09-14 03:47:17,timothy.cannon081@analytics.example.com
,PAY-202009-00000003511,ORD-202009-0000003272,CUST-0000139842,2020-09-08 02:02:21,Credit Card,Success,930.5,SGD,SGP,Asia,,false,2020-09-08 02:02:21,kelsey.taylor010@platform.example.com
,PAY-202009-00000003512,ORD-202009-0000001997,CUST-0000152170,2020-09-05 18:04:42,Paytm,Success,204.62,GBP,GBR,Europe,,false,2020-09-05 18:04:42,timothy.cannon081@analytics.example.com
,PAY-202009-00000003513,ORD-202009-0000005810,CUST-0000144452,2020-09-19 04:22:43,Bank Transfer,Success,425.77,USD,USA,North America,,false,2020-09-19 04:22:43,andrea.cummings039@platform.example.com
,PAY-202009-00000003514,ORD-202009-0000000369,CUST-0000152704,2020-09-09 12:31:45,Bank Transfer,Success,1796.16,MXN,MEX,North America,,false,2020-09-09 12:31:45,micheal.hall064@dataops.example.com
,PAY-202009-00000003515,ORD-202009-0000002707,CUST-0000143098,2020-09-26 22:51:53,Debit Card,Success,3140.36,EUR,FRA,Europe,,false,2020-09-26 22:51:53,alyssa.richards002@commerce.example.com
,PAY-202009-00000003516,ORD-202009-0000002829,CUST-0000137738,2020-09-07 15:40:12,PayPal,Success,1307.12,AUD,AUS,Oceania,,false,2020-09-07 15:40:12,joseph.johnson049@dataops.example.com
,PAY-202009-00000003517,ORD-202009-0000002381,CUST-0000152652,2020-09-21 05:12:06,Debit Card,Failed,3194.64,EUR,ITA,Europe,Fraud check failed,false,2020-09-21 05:12:06,timothy.cannon081@analytics.example.com
,PAY-202009-00000003518,ORD-202009-0000004500,CUST-0000140101,2020-09-11 01:22:26,Buy Now Pay Later,Success,2712.77,INR,IND,Asia,,false,2020-09-11 01:22:26,ryan.steele043@commerce.example.com
,PAY-202009-00000003519,ORD-202009-0000003538,CUST-0000148355,2020-09-07 13:37:44,Paytm,Success,794.74,MXN,MEX,North America,,false,2020-09-07 13:37:44,timothy.cannon081@analytics.example.com
,PAY-202009-00000003520,ORD-202009-0000004215,CUST-0000142996,2020-09-28 20:35:20,Google Pay,Failed,129.69,EUR,FRA,Europe,Network timeout,false,2020-09-28 20:35:20,stephen.clark001@analytics.example.com
,PAY-202009-00000003521,ORD-202009-0000003360,CUST-0000142152,2020-09-22 15:11:50,Bank Transfer,Success,1231.44,CAD,CAN,North America,,false,2020-09-22 15:11:50,timothy.cameron104@commerce.example.com
,PAY-202009-00000003522,ORD-202009-0000002535,CUST-0000147030,2020-09-17 15:36:52,Bank Transfer,Success,2198.57,INR,IND,Asia,,false,2020-09-17 15:36:52,jeffery.miller012@commerce.example.com
,PAY-202009-00000003523,ORD-202009-0000003442,CUST-0000149135,2020-09-30 01:37:35,Phonepe,Success,2806.77,EUR,FRA,Europe,,false,2020-09-30 01:37:35,peter.martinez098@platform.example.com
,PAY-202009-00000003524,ORD-202009-0000002542,CUST-0000151752,2020-09-14 05:54:01,Buy Now Pay Later,Success,116.27,BRL,BRA,South America,,false,2020-09-14 05:54:01,joseph.johnson049@dataops.example.com
,PAY-202009-00000003525,ORD-202009-0000000010,CUST-0000142015,2020-09-14 02:26:17,Apple Pay,Success,1994.56,USD,USA,North America,,false,2020-09-14 02:26:17,joseph.johnson049@dataops.example.com
,PAY-202009-00000003526,ORD-202009-0000002910,CUST-0000146683,2020-09-16 00:59:05,Phonepe,Success,2919.6,INR,IND,Asia,,false,2020-09-16 00:59:05,eric.horton058@analytics.example.com
,PAY-202009-00000003527,ORD-202009-0000002356,CUST-0000135511,2020-09-29 08:22:26,Gift Card,Success,3069.34,AED,ARE,Asia,,false,2020-09-29 08:22:26,timothy.cannon081@analytics.example.com
,PAY-202009-00000003528,ORD-202009-0000005038,CUST-0000143137,2020-09-09 12:44:36,Apple Pay,Success,1996.79,EUR,DEU,Europe,,false,2020-09-09 12:44:36,adam.gordon030@commerce.example.com
,PAY-202009-00000003529,ORD-202009-0000005989,CUST-0000146722,2020-09-15 20:52:58,Gift Card,Success,3001.01,EUR,DEU,Europe,,false,2020-09-15 20:52:58,michelle.sims041@analytics.example.com
,PAY-202009-00000003530,ORD-202009-0000002451,CUST-0000138136,2020-09-14 01:11:56,Phonepe,Success,2286.57,MXN,MEX,North America,,false,2020-09-14 01:11:56,adam.gordon030@commerce.example.com
,PAY-202009-00000003531,ORD-202009-0000002411,CUST-0000140308,2020-09-05 04:38:07,Debit Card,Success,1194.76,GBP,GBR,Europe,,false,2020-09-05 04:38:07,james.proctor094@dataops.example.com
,PAY-202009-00000003532,ORD-202009-0000000111,CUST-0000134835,2020-09-10 05:43:37,PayPal,Success,2420.82,AED,ARE,Asia,,false,2020-09-10 05:43:37,joseph.johnson049@dataops.example.com
,PAY-202009-00000003533,ORD-202009-0000001696,CUST-0000135262,2020-09-07 18:35:06,Paytm,Success,55.36,JPY,JPN,Asia,,false,2020-09-07 18:35:06,michelle.bender024@analytics.example.com
,PAY-202009-00000003534,ORD-202009-0000002186,CUST-0000138186,2020-09-20 07:38:13,Credit Card,Success,595.14,EUR,NLD,Europe,,false,2020-09-20 07:38:13,brandi.carter038@dataops.example.com
,PAY-202009-00000003535,ORD-202009-0000006098,CUST-0000144536,2020-09-23 09:41:26,PayPal,Success,655.88,EUR,ESP,Europe,,false,2020-09-23 09:41:26,taylor.cunningham023@commerce.example.com
,PAY-202009-00000003536,ORD-202009-0000006284,CUST-0000139597,2020-09-15 14:19:18,Credit Card,Pending,1818.06,USD,USA,North America,,false,2020-09-15 14:19:18,peter.martinez098@platform.example.com
,PAY-202009-00000003537,ORD-202009-0000000369,CUST-0000137610,2020-09-25 21:33:57,Paytm,Success,801.19,INR,IND,Asia,,false,2020-09-25 21:33:57,eric.horton058@analytics.example.com
,PAY-202009-00000003538,ORD-202009-0000005642,CUST-0000148419,2020-09-13 18:35:58,Paytm,Success,1370.96,EUR,ITA,Europe,,false,2020-09-13 18:35:58,tina.williams074@commerce.example.com
,PAY-202009-00000003539,ORD-202009-0000005165,CUST-0000137500,2020-09-14 13:50:56,Debit Card,Pending,2568.85,AED,ARE,Asia,,false,2020-09-14 13:50:56,brandi.carter038@dataops.example.com
,PAY-202009-00000003540,ORD-202009-0000005702,CUST-0000141372,2020-09-17 18:03:37,Credit Card,Success,1142.81,EUR,NLD,Europe,,false,2020-09-17 18:03:37,michael.berger060@platform.example.com
,PAY-202009-00000003541,ORD-202009-0000003154,CUST-0000140638,2020-09-17 16:27:01,Google Pay,Success,2949.06,CAD,CAN,North America,,false,2020-09-17 16:27:01,james.proctor094@dataops.example.com
,PAY-202009-00000003542,ORD-202009-0000005731,CUST-0000149339,2020-09-27 01:19:21,Debit Card,Success,1960.84,EUR,NLD,Europe,,false,2020-09-27 01:19:21,michael.berger060@platform.example.com
,PAY-202009-00000003543,ORD-202009-0000006363,CUST-0000139928,2020-09-25 09:48:56,Google Pay,Success,1105.49,CAD,CAN,North America,,false,2020-09-25 09:48:56,lance.williams029@platform.example.com
,PAY-202009-00000003544,ORD-202009-0000001577,CUST-0000153844,2020-09-09 05:49:48,Gift Card,Success,3405.61,EUR,ITA,Europe,,false,2020-09-09 05:49:48,michael.berger060@platform.example.com
,PAY-202009-00000003545,ORD-202009-0000000297,CUST-0000148953,2020-09-17 06:00:01,Paytm,Success,1801.26,BRL,BRA,South America,,false,2020-09-17 06:00:01,adam.gordon030@commerce.example.com
,PAY-202009-00000003546,ORD-202009-0000006327,CUST-0000136416,2020-09-02 14:21:37,Debit Card,Success,2612.06,EUR,ESP,Europe,,false,2020-09-02 14:21:37,eric.mullen052@dataops.example.com
,PAY-202009-00000003547,ORD-202009-0000005277,CUST-0000138699,2020-09-02 08:41:52,Apple Pay,Success,3476.05,INR,IND,Asia,,false,2020-09-02 08:41:52,kelsey.taylor010@platform.example.com
,PAY-202009-00000003548,ORD-202009-0000005940,CUST-0000139532,2020-09-30 18:21:46,Google Pay,Success,809.48,EUR,NLD,Europe,,false,2020-09-30 18:21:46,michelle.bender024@analytics.example.com
,PAY-202009-00000003549,ORD-202009-0000000681,CUST-0000142204,2020-09-26 23:41:09,Phonepe,Success,487.57,EUR,ESP,Europe,,false,2020-09-26 23:41:09,michael.johnson061@platform.example.com
,PAY-202009-00000003550,ORD-202009-0000003393,CUST-0000135955,2020-09-14 05:44:53,PayPal,Pending,2718.2,GBP,GBR,Europe,,false,2020-09-14 05:44:53,lance.williams029@platform.example.com
,PAY-202009-00000003551,ORD-202009-0000001489,CUST-0000141750,2020-09-19 05:58:00,Gift Card,Success,3351.13,EUR,NLD,Europe,,false,2020-09-19 05:58:00,brandon.yu006@analytics.example.com
,PAY-202009-00000003552,ORD-202009-0000005977,CUST-0000137904,2020-09-19 21:14:30,Google Pay,Success,535.64,CAD,CAN,North America,,false,2020-09-19 21:14:30,micheal.chen050@dataops.example.com
,PAY-202009-00000003553,ORD-202009-0000003796,CUST-0000137635,2020-09-04 02:28:52,Google Pay,Success,1679.59,CAD,CAN,North America,,false,2020-09-04 02:28:52,michael.berger060@platform.example.com
,PAY-202009-00000003554,ORD-202009-0000005646,CUST-0000135858,2020-09-11 17:41:37,Phonepe,Success,1369.66,MXN,MEX,North America,,false,2020-09-11 17:41:37,john.mullins109@commerce.example.com
,PAY-202009-00000003555,ORD-202009-0000005599,CUST-0000147721,2020-09-09 07:30:56,Apple Pay,Success,1997.5,BRL,BRA,South America,,false,2020-09-09 07:30:56,brandi.carter038@dataops.example.com
,PAY-202009-00000003556,ORD-202009-0000002815,CUST-0000149909,2020-09-14 02:32:19,Debit Card,Failed,2403.24,BRL,BRA,South America,Insufficient funds,false,2020-09-14 02:32:19,lance.williams029@platform.example.com
,PAY-202009-00000003557,ORD-202009-0000001477,CUST-0000145036,2020-09-13 19:02:30,Paytm,Success,1563.78,BRL,BRA,South America,,false,2020-09-13 19:02:30,eric.mullen052@dataops.example.com
,PAY-202009-00000003558,ORD-202009-0000002974,CUST-0000138978,2020-09-18 03:23:16,Paytm,Success,2376.48,USD,USA,North America,,false,2020-09-18 03:23:16,maria.ashley046@analytics.example.com
,PAY-202009-00000003559,ORD-202009-0000004069,CUST-0000150749,2020-09-11 01:58:38,Paytm,Success,1899.48,EUR,ITA,Europe,,false,2020-09-11 01:58:38,megan.cunningham013@commerce.example.com
,PAY-202009-00000003560,ORD-202009-0000004496,CUST-0000152919,2020-09-30 21:33:28,Gift Card,Success,474.82,BRL,BRA,South America,,false,2020-09-30 21:33:28,adam.gordon030@commerce.example.com
,PAY-202009-00000003561,ORD-202009-0000000239,CUST-0000138427,2020-09-27 03:59:22,Paytm,Failed,2043.49,EUR,DEU,Europe,Fraud check failed,false,2020-09-27 03:59:22,eric.mullen052@dataops.example.com
,PAY-202009-00000003562,ORD-202009-0000000729,CUST-0000148038,2020-09-25 20:32:09,Google Pay,Success,1823.69,EUR,NLD,Europe,,false,2020-09-25 20:32:09,john.mullins109@commerce.example.com
,PAY-202009-00000003563,ORD-202009-0000006057,CUST-0000136015,2020-09-26 19:09:34,Gift Card,Success,257.5,EUR,DEU,Europe,,false,2020-09-26 19:09:34,kelsey.taylor010@platform.example.com
,PAY-202009-00000003564,ORD-202009-0000006570,CUST-0000137342,2020-09-19 22:43:56,Google Pay,Success,977.25,GBP,GBR,Europe,,false,2020-09-19 22:43:56,joseph.johnson049@dataops.example.com
,PAY-202009-00000003565,ORD-202009-0000002823,CUST-0000135813,2020-09-12 07:06:53,Paytm,Success,1930.1,EUR,ITA,Europe,,false,2020-09-12 07:06:53,joseph.johnson049@dataops.example.com
,PAY-202009-00000003566,ORD-202009-0000006180,CUST-0000138536,2020-09-07 03:50:36,Gift Card,Success,3063.64,EUR,ESP,Europe,,false,2020-09-07 03:50:36,timothy.cameron104@commerce.example.com
,PAY-202009-00000003567,ORD-202009-0000004209,CUST-0000136950,2020-09-08 05:26:19,Apple Pay,Success,670.39,EUR,DEU,Europe,,false,2020-09-08 05:26:19,tina.williams074@commerce.example.com
,PAY-202009-00000003568,ORD-202009-0000006429,CUST-0000146225,2020-09-14 13:34:28,Buy Now Pay Later,Success,1665.02,EUR,ITA,Europe,,false,2020-09-14 13:34:28,alyssa.richards002@commerce.example.com
,PAY-202009-00000003569,ORD-202009-0000003159,CUST-0000148032,2020-09-17 05:44:17,PayPal,Success,1859.36,INR,IND,Asia,,false,2020-09-17 05:44:17,stephen.clark001@analytics.example.com
,PAY-202009-00000003570,ORD-202009-0000004408,CUST-0000145048,2020-09-12 04:51:39,Google Pay,Failed,2407.32,JPY,JPN,Asia,Card declined,false,2020-09-12 04:51:39,timothy.cameron104@commerce.example.com
,PAY-202009-00000003571,ORD-202009-0000004188,CUST-0000149725,2020-09-14 01:33:13,Paytm,Success,1442.34,CAD,CAN,North America,,false,2020-09-14 01:33:13,eric.horton058@analytics.example.com
,PAY-202009-00000003572,ORD-202009-0000000570,CUST-0000138054,2020-09-16 23:36:29,Gift Card,Pending,1838.15,BRL,BRA,South America,,false,2020-09-16 23:36:29,patrick.gonzalez035@dataops.example.com
,PAY-202009-00000003573,ORD-202009-0000004892,CUST-0000148053,2020-09-02 00:41:18,Debit Card,Success,2614.91,EUR,DEU,Europe,,false,2020-09-02 00:41:18,taylor.cunningham023@commerce.example.com
,PAY-202009-00000003574,ORD-202009-0000003899,CUST-0000148056,2020-09-15 19:45:05,Phonepe,Success,2954.01,EUR,ESP,Europe,,false,2020-09-15 19:45:05,michelle.sims041@analytics.example.com
,PAY-202009-00000003575,ORD-202009-0000003649,CUST-0000149505,2020-09-28 18:41:37,Apple Pay,Success,2213.81,SGD,SGP,Asia,,false,2020-09-28 18:41:37,kelsey.taylor010@platform.example.com
,PAY-202009-00000003576,ORD-202009-0000000035,CUST-0000137506,2020-09-03 23:55:33,PayPal,Success,3422.43,EUR,DEU,Europe,,false,2020-09-03 23:55:33,ashley.marks069@commerce.example.com
,PAY-202009-00000003577,ORD-202009-0000001887,CUST-0000140074,2020-09-28 07:16:45,Paytm,Success,2798.41,EUR,NLD,Europe,,false,2020-09-28 07:16:45,victor.palmer071@platform.example.com
,PAY-202009-00000003578,ORD-202009-0000003812,CUST-0000140862,2020-09-10 01:48:05,Buy Now Pay Later,Success,2340.22,SGD,SGP,Asia,,false,2020-09-10 01:48:05,peter.martinez098@platform.example.com
,PAY-202009-00000003579,ORD-202009-0000000020,CUST-0000153000,2020-09-01 17:28:43,Buy Now Pay Later,Success,2496.57,EUR,ESP,Europe,,false,2020-09-01 17:28:43,lance.williams029@platform.example.com
,PAY-202009-00000003580,ORD-202009-0000006538,CUST-0000140534,2020-09-02 08:22:30,Bank Transfer,Success,2908.44,GBP,GBR,Europe,,false,2020-09-02 08:22:30,maria.ashley046@analytics.example.com
,PAY-202009-00000003581,ORD-202009-0000001902,CUST-0000148481,2020-09-04 23:46:11,Paytm,Success,1235.11,AUD,AUS,Oceania,,false,2020-09-04 23:46:11,brandon.yu006@analytics.example.com
,PAY-202009-00000003582,ORD-202009-0000000142,CUST-0000152308,2020-09-28 20:41:54,PayPal,Success,2026.53,USD,USA,North America,,false,2020-09-28 20:41:54,timothy.cameron104@commerce.example.com
,PAY-202009-00000003583,ORD-202009-0000003758,CUST-0000149647,2020-09-27 05:45:45,Apple Pay,Success,146.88,AUD,AUS,Oceania,,false,2020-09-27 05:45:45,patrick.gonzalez035@dataops.example.com
,PAY-202009-00000003584,ORD-202009-0000001855,CUST-0000147444,2020-09-28 00:40:49,Gift Card,Failed,3023.07,EUR,NLD,Europe,Card declined,false,2020-09-28 00:40:49,timothy.cameron104@commerce.example.com
,PAY-202009-00000003585,ORD-202009-0000006529,CUST-0000149069,2020-09-08 23:30:48,Bank Transfer,Success,2067.71,GBP,GBR,Europe,,false,2020-09-08 23:30:48,tina.williams074@commerce.example.com
,PAY-202009-00000003586,ORD-202009-0000001175,CUST-0000135555,2020-09-08 09:05:18,Phonepe,Pending,1025.44,AED,ARE,Asia,,false,2020-09-08 09:05:18,taylor.cunningham023@commerce.example.com
,PAY-202009-00000003587,ORD-202009-0000005676,CUST-0000143895,2020-09-19 09:22:06,Phonepe,Success,717.32,AUD,AUS,Oceania,,false,2020-09-19 09:22:06,susan.rice083@commerce.example.com
,PAY-202009-00000003588,ORD-202009-0000003557,CUST-0000145877,2020-09-05 13:48:04,Credit Card,Success,3241.88,EUR,FRA,Europe,,false,2020-09-05 13:48:04,michael.johnson061@platform.example.com
,PAY-202009-00000003589,ORD-202009-0000004295,CUST-0000142227,2020-09-08 23:57:25,Phonepe,Success,2403.79,EUR,DEU,Europe,,false,2020-09-08 23:57:25,michelle.sims041@analytics.example.com
,PAY-202009-00000003590,ORD-202009-0000004457,CUST-0000144399,2020-09-30 13:55:05,Google Pay,Success,1691.31,USD,USA,North America,,false,2020-09-30 13:55:05,jennifer.hudson020@analytics.example.com
,PAY-202009-00000003591,ORD-202009-0000002638,CUST-0000145052,2020-09-13 01:36:00,PayPal,Success,2442.04,EUR,ITA,Europe,,false,2020-09-13 01:36:00,john.mullins109@commerce.example.com
,PAY-202009-00000003592,ORD-202009-0000002914,CUST-0000143457,2020-09-28 20:13:33,Bank Transfer,Success,1601.29,EUR,FRA,Europe,,false,2020-09-28 20:13:33,taylor.cunningham023@commerce.example.com
,PAY-202009-00000003593,ORD-202009-0000003048,CUST-0000140659,2020-09-19 03:31:58,Credit Card,Success,1802.83,AED,ARE,Asia,,false,2020-09-19 03:31:58,megan.cunningham013@commerce.example.com
,PAY-202009-00000003594,ORD-202009-0000001412,CUST-0000146171,2020-09-11 20:22:24,Paytm,Success,669.47,EUR,DEU,Europe,,false,2020-09-11 20:22:24,jeffery.miller012@commerce.example.com
,PAY-202009-00000003595,ORD-202009-0000002269,CUST-0000139616,2020-09-30 19:37:47,PayPal,Success,889.09,CAD,CAN,North America,,false,2020-09-30 19:37:47,peter.martinez098@platform.example.com
,PAY-202009-00000003596,ORD-202009-0000004365,CUST-0000141730,2020-09-06 09:59:27,Credit Card,Success,2564.86,BRL,BRA,South America,,false,2020-09-06 09:59:27,john.mullins109@commerce.example.com
,PAY-202009-00000003597,ORD-202009-0000004152,CUST-0000148974,2020-09-03 13:59:38,Bank Transfer,Success,2190.86,EUR,NLD,Europe,,false,2020-09-03 13:59:38,michelle.bender024@analytics.example.com
,PAY-202009-00000003598,ORD-202009-0000006157,CUST-0000147112,2020-09-11 18:07:16,Phonepe,Success,1206.14,AUD,AUS,Oceania,,false,2020-09-11 18:07:16,patrick.gonzalez035@dataops.example.com
,PAY-202009-00000003599,ORD-202009-0000001633,CUST-0000143417,2020-09-26 05:25:03,PayPal,Success,2703.54,SGD,SGP,Asia,,false,2020-09-26 05:25:03,brandi.carter038@dataops.example.com
,PAY-202009-00000003600,ORD-202009-0000004568,CUST-0000136080,2020-09-28 02:14:36,Credit Card,Success,2093.2,CAD,CAN,North America,,false,2020-09-28 02:14:36,andrea.cummings039@platform.example.com
,PAY-202009-00000003601,ORD-202009-0000000593,CUST-0000135321,2020-09-27 10:03:13,Credit Card,Success,3114.99,EUR,NLD,Europe,,false,2020-09-27 10:03:13,michelle.bender024@analytics.example.com
,PAY-202009-00000003602,ORD-202009-0000004049,CUST-0000152202,2020-09-12 01:54:55,Google Pay,Success,871.73,INR,IND,Asia,,false,2020-09-12 01:54:55,micheal.hall064@dataops.example.com
,PAY-202009-00000003603,ORD-202009-0000003740,CUST-0000145183,2020-09-03 16:31:56,Paytm,Success,887.65,BRL,BRA,South America,,false,2020-09-03 16:31:56,stephen.clark001@analytics.example.com
,PAY-202009-00000003604,ORD-202009-0000001174,CUST-0000145612,2020-09-03 19:00:55,Paytm,Success,1689.32,EUR,NLD,Europe,,false,2020-09-03 19:00:55,peter.martinez098@platform.example.com
,PAY-202009-00000003605,ORD-202009-0000005913,CUST-0000153186,2020-09-11 14:13:44,Google Pay,Success,1152.44,GBP,GBR,Europe,,false,2020-09-11 14:13:44,stephen.clark001@analytics.example.com
,PAY-202009-00000003606,ORD-202009-0000000806,CUST-0000139882,2020-09-09 21:09:24,Gift Card,Success,463.11,JPY,JPN,Asia,,false,2020-09-09 21:09:24,adam.gordon030@commerce.example.com
,PAY-202009-00000003607,ORD-202009-0000005890,CUST-0000140299,2020-09-05 07:31:36,Debit Card,Success,1860.73,BRL,BRA,South America,,false,2020-09-05 07:31:36,lance.williams029@platform.example.com
,PAY-202009-00000003608,ORD-202009-0000003672,CUST-0000151264,2020-09-17 20:56:33,Buy Now Pay Later,Success,1403.81,INR,IND,Asia,,false,2020-09-17 20:56:33,brandi.carter038@dataops.example.com
,PAY-202009-00000003609,ORD-202009-0000005649,CUST-0000138176,2020-09-19 10:59:22,Gift Card,Success,1686.98,INR,IND,Asia,,false,2020-09-19 10:59:22,micheal.hall064@dataops.example.com
,PAY-202009-00000003610,ORD-202009-0000006304,CUST-0000136039,2020-09-30 07:02:04,PayPal,Success,2185.94,GBP,GBR,Europe,,false,2020-09-30 07:02:04,stephen.daniels076@commerce.example.com
,PAY-202009-00000003611,ORD-202009-0000003517,CUST-0000144541,2020-09-10 05:56:33,Google Pay,Success,123.27,MXN,MEX,North America,,false,2020-09-10 05:56:33,maria.ashley046@analytics.example.com
,PAY-202009-00000003612,ORD-202009-0000004411,CUST-0000140086,2020-09-11 17:09:03,Phonepe,Success,2027.53,EUR,ITA,Europe,,false,2020-09-11 17:09:03,micheal.hall064@dataops.example.com
,PAY-202009-00000003613,ORD-202009-0000000842,CUST-0000134509,2020-09-25 19:32:29,Gift Card,Success,2232.07,CAD,CAN,North America,,false,2020-09-25 19:32:29,adam.gordon030@commerce.example.com
,PAY-202009-00000003614,ORD-202009-0000005716,CUST-0000151743,2020-09-29 09:37:26,Credit Card,Success,2444.82,EUR,DEU,Europe,,false,2020-09-29 09:37:26,timothy.cameron104@commerce.example.com
,PAY-202009-00000003615,ORD-202009-0000003632,CUST-0000138687,2020-09-05 09:39:24,Phonepe,Success,589.11,EUR,NLD,Europe,,false,2020-09-05 09:39:24,jeffery.miller012@commerce.example.com
,PAY-202009-00000003616,ORD-202009-0000005459,CUST-0000138631,2020-09-20 00:56:43,Gift Card,Success,358.48,JPY,JPN,Asia,,false,2020-09-20 00:56:43,timothy.cameron104@commerce.example.com
,PAY-202009-00000003617,ORD-202009-0000005704,CUST-0000150111,2020-09-22 12:24:37,Google Pay,Success,792.69,EUR,FRA,Europe,,false,2020-09-22 12:24:37,patrick.gonzalez035@dataops.example.com
,PAY-202009-00000003618,ORD-202009-0000001327,CUST-0000136085,2020-09-10 10:54:19,Bank Transfer,Success,996.06,EUR,NLD,Europe,,false,2020-09-10 10:54:19,alyssa.richards002@commerce.example.com
,PAY-202009-00000003619,ORD-202009-0000005127,CUST-0000150279,2020-09-12 22:33:14,Apple Pay,Success,3221.17,EUR,ITA,Europe,,false,2020-09-12 22:33:14,patrick.gonzalez035@dataops.example.com
,PAY-202009-00000003620,ORD-202009-0000004883,CUST-0000138004,2020-09-29 09:36:58,Apple Pay,Success,706.24,INR,IND,Asia,,false,2020-09-29 09:36:58,michael.johnson061@platform.example.com
,PAY-202009-00000003621,ORD-202009-0000002788,CUST-0000140467,2020-09-01 00:11:11,Credit Card,Success,366.46,EUR,ITA,Europe,,false,2020-09-01 00:11:11,michael.johnson061@platform.example.com
,PAY-202009-00000003622,ORD-202009-0000005584,CUST-0000151738,2020-09-17 14:33:13,Google Pay,Success,2110.0,BRL,BRA,South America,,false,2020-09-17 14:33:13,jennifer.hudson020@analytics.example.com
,PAY-202009-00000003623,ORD-202009-0000005132,CUST-0000135792,2020-09-22 13:49:36,Bank Transfer,Success,2273.63,MXN,MEX,North America,,false,2020-09-22 13:49:36,eric.horton058@analytics.example.com
,PAY-202009-00000003624,ORD-202009-0000004413,CUST-0000136767,2020-09-29 05:02:18,Phonepe,Success,3024.36,EUR,NLD,Europe,,false,2020-09-29 05:02:18,joseph.johnson049@dataops.example.com
,PAY-202009-00000003625,ORD-202009-0000001938,CUST-0000151955,2020-09-17 01:09:40,Bank Transfer,Success,2123.65,USD,USA,North America,,false,2020-09-17 01:09:40,adam.gordon030@commerce.example.com
,PAY-202009-00000003626,ORD-202009-0000003077,CUST-0000140032,2020-09-15 07:45:12,Phonepe,Success,1353.01,USD,USA,North America,,false,2020-09-15 07:45:12,megan.cunningham013@commerce.example.com
,PAY-202009-00000003627,ORD-202009-0000001908,CUST-0000136883,2020-09-27 11:52:15,PayPal,Pending,2231.53,EUR,ITA,Europe,,false,2020-09-27 11:52:15,kelsey.taylor010@platform.example.com
,PAY-202009-00000003628,ORD-202009-0000003805,CUST-0000138564,2020-09-06 19:54:32,Apple Pay,Success,1268.46,MXN,MEX,North America,,false,2020-09-06 19:54:32,ashley.marks069@commerce.example.com
,PAY-202009-00000003629,ORD-202009-0000002814,CUST-0000140559,2020-09-19 12:11:06,Phonepe,Success,2288.14,BRL,BRA,South America,,false,2020-09-19 12:11:06,megan.cunningham013@commerce.example.com
,PAY-202009-00000003630,ORD-202009-0000000668,CUST-0000152174,2020-09-02 13:32:25,Google Pay,Success,135.81,AED,ARE,Asia,,false,2020-09-02 13:32:25,jennifer.bauer068@analytics.example.com
,PAY-202009-00000003631,ORD-202009-0000005412,CUST-0000138385,2020-09-08 15:47:22,PayPal,Success,955.52,EUR,FRA,Europe,,false,2020-09-08 15:47:22,jennifer.bauer068@analytics.example.com
,PAY-202009-00000003632,ORD-202009-0000006544,CUST-0000145161,2020-09-04 03:20:29,Buy Now Pay Later,Success,1407.63,USD,USA,North America,,false,2020-09-04 03:20:29,david.cabrera119@dataops.example.com
,PAY-202009-00000003633,ORD-202009-0000001924,CUST-0000150354,2020-09-06 12:53:34,Buy Now Pay Later,Success,1171.71,MXN,MEX,North America,,false,2020-09-06 12:53:34,patrick.gonzalez035@dataops.example.com
,PAY-202009-00000003634,ORD-202009-0000003464,CUST-0000144194,2020-09-18 13:24:05,Buy Now Pay Later,Success,2383.62,USD,USA,North America,,false,2020-09-18 13:24:05,jeffery.miller012@commerce.example.com
,PAY-202009-00000003635,ORD-202009-0000005890,CUST-0000147896,2020-09-16 16:57:51,Gift Card,Success,2781.11,INR,IND,Asia,,false,2020-09-16 16:57:51,jeffery.miller012@commerce.example.com
,PAY-202009-00000003636,ORD-202009-0000001708,CUST-0000141636,2020-09-29 05:20:26,Gift Card,Success,2539.58,JPY,JPN,Asia,,false,2020-09-29 05:20:26,jennifer.hudson020@analytics.example.com
,PAY-202009-00000003637,ORD-202009-0000003403,CUST-0000136310,2020-09-28 14:10:29,Buy Now Pay Later,Success,2745.32,MXN,MEX,North America,,false,2020-09-28 14:10:29,joseph.johnson049@dataops.example.com
,PAY-202009-00000003638,ORD-202009-0000003023,CUST-0000141285,2020-09-06 14:57:56,PayPal,Success,2151.0,AUD,AUS,Oceania,,false,2020-09-06 14:57:56,michael.berger060@platform.example.com
,PAY-202009-00000003639,ORD-202009-0000006542,CUST-0000136992,2020-09-27 22:54:44,Bank Transfer,Success,2037.73,BRL,BRA,South America,,false,2020-09-27 22:54:44,timothy.cannon081@analytics.example.com
,PAY-202009-00000003640,ORD-202009-0000001495,CUST-0000135148,2020-09-01 18:49:28,PayPal,Success,1715.5,BRL,BRA,South America,,false,2020-09-01 18:49:28,tina.williams074@commerce.example.com
,PAY-202009-00000003641,ORD-202009-0000000526,CUST-0000152008,2020-09-14 06:15:55,Phonepe,Success,1273.59,GBP,GBR,Europe,,false,2020-09-14 06:15:55,david.cabrera119@dataops.example.com
,PAY-202009-00000003642,ORD-202009-0000000893,CUST-0000136972,2020-09-17 23:11:29,Gift Card,Success,904.27,EUR,DEU,Europe,,false,2020-09-17 23:11:29,peter.martinez098@platform.example.com
,PAY-202009-00000003643,ORD-202009-0000000465,CUST-0000145728,2020-09-25 02:02:42,Credit Card,Success,521.97,EUR,ITA,Europe,,false,2020-09-25 02:02:42,eric.horton058@analytics.example.com
,PAY-202009-00000003644,ORD-202009-0000001733,CUST-0000139669,2020-09-05 06:58:18,Apple Pay,Success,3423.27,EUR,FRA,Europe,,false,2020-09-05 06:58:18,alyssa.richards002@commerce.example.com
,PAY-202009-00000003645,ORD-202009-0000005319,CUST-0000143968,2020-09-25 03:42:35,Phonepe,Pending,2127.01,EUR,FRA,Europe,,false,2020-09-25 03:42:35,susan.rice083@commerce.example.com
,PAY-202009-00000003646,ORD-202009-0000001222,CUST-0000151713,2020-09-10 04:29:08,Debit Card,Success,3281.69,CAD,CAN,North America,,false,2020-09-10 04:29:08,ashley.marks069@commerce.example.com
,PAY-202009-00000003647,ORD-202009-0000006509,CUST-0000150299,2020-09-04 12:12:09,Buy Now Pay Later,Success,478.03,EUR,FRA,Europe,,false,2020-09-04 12:12:09,michelle.sims041@analytics.example.com
,PAY-202009-00000003648,ORD-202009-0000005156,CUST-0000140145,2020-09-07 15:28:02,Paytm,Success,2955.47,EUR,NLD,Europe,,false,2020-09-07 15:28:02,timothy.cameron104@commerce.example.com
,PAY-202009-00000003649,ORD-202009-0000002054,CUST-0000134579,2020-09-02 00:58:09,Paytm,Success,936.07,INR,IND,Asia,,false,2020-09-02 00:58:09,james.proctor094@dataops.example.com
,PAY-202009-00000003650,ORD-202009-0000004268,CUST-0000141556,2020-09-04 11:50:44,Paytm,Success,1157.62,EUR,ITA,Europe,,false,2020-09-04 11:50:44,andrea.cummings039@platform.example.com
,PAY-202009-00000003651,ORD-202009-0000004688,CUST-0000153927,2020-09-19 08:35:19,Debit Card,Success,2541.71,EUR,FRA,Europe,,false,2020-09-19 08:35:19,alyssa.richards002@commerce.example.com
,PAY-202009-00000003652,ORD-202009-0000001223,CUST-0000150395,2020-09-25 02:06:57,Buy Now Pay Later,Success,513.44,USD,USA,North America,,false,2020-09-25 02:06:57,stephen.clark001@analytics.example.com
,PAY-202009-00000003653,ORD-202009-0000006129,CUST-0000140668,2020-09-22 03:58:05,Buy Now Pay Later,Success,1302.41,GBP,GBR,Europe,,false,2020-09-22 03:58:05,michelle.sims041@analytics.example.com
,PAY-202009-00000003654,ORD-202009-0000006362,CUST-0000153146,2020-09-18 03:58:43,Paytm,Success,3176.32,EUR,ITA,Europe,,false,2020-09-18 03:58:43,megan.cunningham013@commerce.example.com
,PAY-202009-00000003655,ORD-202009-0000005696,CUST-0000151754,2020-09-01 20:09:11,Paytm,Success,2770.76,AED,ARE,Asia,,false,2020-09-01 20:09:11,brandon.yu006@analytics.example.com
,PAY-202009-00000003656,ORD-202009-0000002827,CUST-0000137505,2020-09-02 18:09:47,Apple Pay,Success,3274.32,EUR,FRA,Europe,,false,2020-09-02 18:09:47,stephen.clark001@analytics.example.com
,PAY-202009-00000003657,ORD-202009-0000003738,CUST-0000139264,2020-09-26 00:39:27,Gift Card,Success,302.54,EUR,DEU,Europe,,false,2020-09-26 00:39:27,victor.palmer071@platform.example.com
,PAY-202009-00000003658,ORD-202009-0000004103,CUST-0000141476,2020-09-17 18:34:08,Paytm,Failed,2777.01,AED,ARE,Asia,Insufficient funds,false,2020-09-17 18:34:08,tina.williams074@commerce.example.com
,PAY-202009-00000003659,ORD-202009-0000000215,CUST-0000137247,2020-09-25 21:18:05,Phonepe,Success,1583.21,EUR,ESP,Europe,,false,2020-09-25 21:18:05,brandon.yu006@analytics.example.com
,PAY-202009-00000003660,ORD-202009-0000006248,CUST-0000145211,2020-09-05 17:22:18,Gift Card,Refunded,561.76,AED,ARE,Asia,,true,2020-09-05 17:22:18,david.cabrera119@dataops.example.com
,PAY-202009-00000003661,ORD-202009-0000003866,CUST-0000136275,2020-09-02 11:54:19,Credit Card,Success,1505.0,EUR,ITA,Europe,,false,2020-09-02 11:54:19,ryan.steele043@commerce.example.com
,PAY-202009-00000003662,ORD-202009-0000001811,CUST-0000153952,2020-09-17 20:59:35,Buy Now Pay Later,Success,2786.62,INR,IND,Asia,,false,2020-09-17 20:59:35,brandon.yu006@analytics.example.com
,PAY-202009-00000003663,ORD-202009-0000001596,CUST-0000147849,2020-09-08 05:55:08,Paytm,Success,73.77,USD,USA,North America,,false,2020-09-08 05:55:08,david.cabrera119@dataops.example.com
,PAY-202009-00000003664,ORD-202009-0000000260,CUST-0000136017,2020-09-02 19:36:35,Paytm,Success,1645.09,EUR,FRA,Europe,,false,2020-09-02 19:36:35,adam.gordon030@commerce.example.com
,PAY-202009-00000003665,ORD-202009-0000002050,CUST-0000134426,2020-09-10 18:40:02,Credit Card,Success,2910.22,AED,ARE,Asia,,false,2020-09-10 18:40:02,michael.johnson061@platform.example.com
,PAY-202009-00000003666,ORD-202009-0000002409,CUST-0000154016,2020-09-15 04:55:40,Paytm,Success,2460.82,EUR,NLD,Europe,,false,2020-09-15 04:55:40,stephen.daniels076@commerce.example.com
,PAY-202009-00000003667,ORD-202009-0000001037,CUST-0000145027,2020-09-06 05:34:42,Gift Card,Success,1395.83,EUR,ESP,Europe,,false,2020-09-06 05:34:42,joseph.johnson049@dataops.example.com
,PAY-202009-00000003668,ORD-202009-0000000318,CUST-0000137261,2020-09-20 07:57:25,Credit Card,Success,1451.64,EUR,ESP,Europe,,false,2020-09-20 07:57:25,brandon.yu006@analytics.example.com
,PAY-202009-00000003669,ORD-202009-0000000447,CUST-0000141905,2020-09-03 11:29:20,Credit Card,Success,36.34,EUR,ITA,Europe,,false,2020-09-03 11:29:20,brandi.carter038@dataops.example.com
,PAY-202009-00000003670,ORD-202009-0000001782,CUST-0000147239,2020-09-17 13:49:33,Gift Card,Success,687.43,EUR,FRA,Europe,,false,2020-09-17 13:49:33,jennifer.hudson020@analytics.example.com
,PAY-202009-00000003671,ORD-202009-0000001609,CUST-0000142408,2020-09-12 12:29:15,Debit Card,Refunded,1979.06,GBP,GBR,Europe,,true,2020-09-12 12:29:15,jeffery.miller012@commerce.example.com
,PAY-202009-00000003672,ORD-202009-0000006047,CUST-0000139331,2020-09-29 21:05:12,Debit Card,Success,1808.53,EUR,ITA,Europe,,false,2020-09-29 21:05:12,peter.martinez098@platform.example.com
,PAY-202009-00000003673,ORD-202009-0000006091,CUST-0000139944,2020-09-19 22:13:56,Bank Transfer,Failed,2917.18,GBP,GBR,Europe,Network timeout,false,2020-09-19 22:13:56,jennifer.hudson020@analytics.example.com
,PAY-202009-00000003674,ORD-202009-0000001222,CUST-0000153613,2020-09-15 02:09:03,PayPal,Success,2284.09,AED,ARE,Asia,,false,2020-09-15 02:09:03,michelle.sims041@analytics.example.com
,PAY-202009-00000003675,ORD-202009-0000002791,CUST-0000150910,2020-09-08 01:28:36,Credit Card,Success,3038.32,EUR,NLD,Europe,,false,2020-09-08 01:28:36,ryan.steele043@commerce.example.com
,PAY-202009-00000003676,ORD-202009-0000000832,CUST-0000139417,2020-09-01 21:52:53,Paytm,Success,1433.59,EUR,ESP,Europe,,false,2020-09-01 21:52:53,stephen.daniels076@commerce.example.com
,PAY-202009-00000003677,ORD-202009-0000000970,CUST-0000135093,2020-09-16 18:44:59,Buy Now Pay Later,Success,2344.03,AED,ARE,Asia,,false,2020-09-16 18:44:59,micheal.hall064@dataops.example.com
,PAY-202009-00000003678,ORD-202009-0000005957,CUST-0000147119,2020-09-18 22:28:37,Apple Pay,Success,3343.16,EUR,NLD,Europe,,false,2020-09-18 22:28:37,john.mullins109@commerce.example.com
,PAY-202009-00000003679,ORD-202009-0000006018,CUST-0000146284,2020-09-16 14:33:20,Paytm,Success,588.17,EUR,DEU,Europe,,false,2020-09-16 14:33:20,michelle.bender024@analytics.example.com
,PAY-202009-00000003680,ORD-202009-0000000164,CUST-0000150191,2020-09-20 03:47:42,Google Pay,Success,1714.51,BRL,BRA,South America,,false,2020-09-20 03:47:42,david.cabrera119@dataops.example.com
,PAY-202009-00000003681,ORD-202009-0000003281,CUST-0000153168,2020-09-12 20:59:30,PayPal,Success,2053.32,CAD,CAN,North America,,false,2020-09-12 20:59:30,jeffery.miller012@commerce.example.com
,PAY-202009-00000003682,ORD-202009-0000001727,CUST-0000140265,2020-09-03 00:38:11,Google Pay,Refunded,1663.52,EUR,DEU,Europe,,true,2020-09-03 00:38:11,timothy.cannon081@analytics.example.com
,PAY-202009-00000003683,ORD-202009-0000003380,CUST-0000136727,2020-09-03 07:17:14,Paytm,Success,2839.69,EUR,DEU,Europe,,false,2020-09-03 07:17:14,patrick.gonzalez035@dataops.example.com
,PAY-202009-00000003684,ORD-202009-0000003697,CUST-0000139273,2020-09-26 15:39:29,Gift Card,Success,1650.84,BRL,BRA,South America,,false,2020-09-26 15:39:29,megan.cunningham013@commerce.example.com
,PAY-202009-00000003685,ORD-202009-0000004240,CUST-0000140974,2020-09-07 18:39:17,Buy Now Pay Later,Success,2998.27,CAD,CAN,North America,,false,2020-09-07 18:39:17,adam.gordon030@commerce.example.com
,PAY-202009-00000003686,ORD-202009-0000003952,CUST-0000136763,2020-09-27 12:49:26,Credit Card,Success,445.07,USD,USA,North America,,false,2020-09-27 12:49:26,jennifer.hudson020@analytics.example.com
,PAY-202009-00000003687,ORD-202009-0000001861,CUST-0000136591,2020-09-08 16:01:17,Google Pay,Success,3223.41,EUR,ITA,Europe,,false,2020-09-08 16:01:17,jennifer.bauer068@analytics.example.com
,PAY-202009-00000003688,ORD-202009-0000003442,CUST-0000141407,2020-09-23 10:12:28,Gift Card,Pending,445.4,JPY,JPN,Asia,,false,2020-09-23 10:12:28,adam.gordon030@commerce.example.com
,PAY-202009-00000003689,ORD-202009-0000003152,CUST-0000144035,2020-09-12 09:48:55,Gift Card,Success,393.86,AUD,AUS,Oceania,,false,2020-09-12 09:48:55,susan.rice083@commerce.example.com
,PAY-202009-00000003690,ORD-202009-0000001691,CUST-0000148278,2020-09-27 00:45:48,Buy Now Pay Later,Refunded,1031.82,AED,ARE,Asia,,true,2020-09-27 00:45:48,micheal.chen050@dataops.example.com
,PAY-202009-00000003691,ORD-202009-0000003166,CUST-0000142518,2020-09-17 18:44:35,Gift Card,Success,242.18,EUR,NLD,Europe,,false,2020-09-17 18:44:35,peter.martinez098@platform.example.com
,PAY-202009-00000003692,ORD-202009-0000004716,CUST-0000135991,2020-09-07 04:47:42,Debit Card,Success,481.82,CAD,CAN,North America,,false,2020-09-07 04:47:42,taylor.cunningham023@commerce.example.com
,PAY-202009-00000003693,ORD-202009-0000006422,CUST-0000141993,2020-09-25 21:13:37,Phonepe,Success,2514.12,JPY,JPN,Asia,,false,2020-09-25 21:13:37,stephen.daniels076@commerce.example.com
,PAY-202009-00000003694,ORD-202009-0000006303,CUST-0000141174,2020-09-16 10:27:16,Paytm,Success,2628.26,EUR,NLD,Europe,,false,2020-09-16 10:27:16,ashley.marks069@commerce.example.com
,PAY-202009-00000003695,ORD-202009-0000006038,CUST-0000153491,2020-09-30 08:50:56,Google Pay,Success,1118.14,EUR,FRA,Europe,,false,2020-09-30 08:50:56,michael.berger060@platform.example.com
,PAY-202009-00000003696,ORD-202009-0000004023,CUST-0000146467,2020-09-16 02:46:21,Apple Pay,Success,1643.15,BRL,BRA,South America,,false,2020-09-16 02:46:21,timothy.cameron104@commerce.example.com
,PAY-202009-00000003697,ORD-202009-0000001635,CUST-0000138371,2020-09-04 07:46:48,PayPal,Success,2801.47,EUR,DEU,Europe,,false,2020-09-04 07:46:48,john.mullins109@commerce.example.com
,PAY-202009-00000003698,ORD-202009-0000005620,CUST-0000142179,2020-09-12 21:12:43,Credit Card,Success,2431.98,JPY,JPN,Asia,,false,2020-09-12 21:12:43,andrea.cummings039@platform.example.com
,PAY-202009-00000003699,ORD-202009-0000005930,CUST-0000153569,2020-09-04 19:41:30,Credit Card,Success,2475.55,INR,IND,Asia,,false,2020-09-04 19:41:30,patrick.gonzalez035@dataops.example.com
,PAY-202009-00000003700,ORD-202009-0000000185,CUST-0000139479,2020-09-27 21:40:04,PayPal,Success,3457.79,AUD,AUS,Oceania,,false,2020-09-27 21:40:04,stephen.daniels076@commerce.example.com
,PAY-202009-00000003701,ORD-202009-0000001288,CUST-0000136377,2020-09-01 01:56:54,Bank Transfer,Success,2038.86,CAD,CAN,North America,,false,2020-09-01 01:56:54,micheal.hall064@dataops.example.com
,PAY-202009-00000003702,ORD-202009-0000001234,CUST-0000151156,2020-09-07 17:18:30,Google Pay,Success,1316.95,EUR,ESP,Europe,,false,2020-09-07 17:18:30,eric.horton058@analytics.example.com
,PAY-202009-00000003703,ORD-202009-0000002935,CUST-0000142971,2020-09-05 21:11:44,Debit Card,Success,2263.23,GBP,GBR,Europe,,false,2020-09-05 21:11:44,alyssa.richards002@commerce.example.com
,PAY-202009-00000003704,ORD-202009-0000005217,CUST-0000147752,2020-09-22 16:15:03,Credit Card,Success,990.81,MXN,MEX,North America,,false,2020-09-22 16:15:03,jennifer.hudson020@analytics.example.com
,PAY-202009-00000003705,ORD-202009-0000000007,CUST-0000148449,2020-09-04 16:41:23,Credit Card,Success,272.61,SGD,SGP,Asia,,false,2020-09-04 16:41:23,michael.johnson061@platform.example.com
,PAY-202009-00000003706,ORD-202009-0000006230,CUST-0000139425,2020-09-07 09:45:13,Paytm,Success,1201.22,JPY,JPN,Asia,,false,2020-09-07 09:45:13,patrick.gonzalez035@dataops.example.com
,PAY-202009-00000003707,ORD-202009-0000002530,CUST-0000136637,2020-09-14 19:28:24,Buy Now Pay Later,Success,3184.81,AED,ARE,Asia,,false,2020-09-14 19:28:24,jennifer.hudson020@analytics.example.com
,PAY-202009-00000003708,ORD-202009-0000003459,CUST-0000147556,2020-09-09 21:11:37,Paytm,Refunded,3225.8,EUR,FRA,Europe,,true,2020-09-09 21:11:37,maria.ashley046@analytics.example.com
,PAY-202009-00000003709,ORD-202009-0000005975,CUST-0000141668,2020-09-15 06:34:59,Gift Card,Success,485.34,CAD,CAN,North America,,false,2020-09-15 06:34:59,lance.williams029@platform.example.com
,PAY-202009-00000003710,ORD-202009-0000000260,CUST-0000151036,2020-09-04 10:13:24,Debit Card,Success,1837.44,JPY,JPN,Asia,,false,2020-09-04 10:13:24,john.mullins109@commerce.example.com
,PAY-202009-00000003711,ORD-202009-0000002667,CUST-0000153349,2020-09-02 02:05:39,Buy Now Pay Later,Success,591.91,BRL,BRA,South America,,false,2020-09-02 02:05:39,alyssa.richards002@commerce.example.com
,PAY-202009-00000003712,ORD-202009-0000004390,CUST-0000136681,2020-09-05 22:56:49,Buy Now Pay Later,Success,2041.63,INR,IND,Asia,,false,2020-09-05 22:56:49,eric.horton058@analytics.example.com
,PAY-202009-00000003713,ORD-202009-0000001749,CUST-0000141268,2020-09-04 23:00:18,Apple Pay,Refunded,3102.0,AUD,AUS,Oceania,,true,2020-09-04 23:00:18,victor.palmer071@platform.example.com
,PAY-202009-00000003714,ORD-202009-0000005490,CUST-0000141150,2020-09-08 12:45:15,Gift Card,Success,3024.81,MXN,MEX,North America,,false,2020-09-08 12:45:15,ryan.steele043@commerce.example.com
,PAY-202009-00000003715,ORD-202009-0000002341,CUST-0000149819,2020-09-28 23:07:42,Paytm,Success,1218.62,USD,USA,North America,,false,2020-09-28 23:07:42,eric.horton058@analytics.example.com
,PAY-202009-00000003716,ORD-202009-0000006434,CUST-0000145000,2020-09-05 15:25:27,Gift Card,Success,664.9,EUR,FRA,Europe,,false,2020-09-05 15:25:27,maria.ashley046@analytics.example.com
,PAY-202009-00000003717,ORD-202009-0000000486,CUST-0000134871,2020-09-16 17:23:32,Buy Now Pay Later,Failed,3126.14,EUR,FRA,Europe,Invalid CVV,false,2020-09-16 17:23:32,micheal.chen050@dataops.example.com
,PAY-202009-00000003718,ORD-202009-0000006383,CUST-0000141142,2020-09-25 05:01:53,Debit Card,Success,2005.99,EUR,ESP,Europe,,false,2020-09-25 05:01:53,brandon.yu006@analytics.example.com
,PAY-202009-00000003719,ORD-202009-0000004751,CUST-0000152239,2020-09-01 10:49:58,Apple Pay,Success,764.37,EUR,DEU,Europe,,false,2020-09-01 10:49:58,stephen.daniels076@commerce.example.com
,PAY-202009-00000003720,ORD-202009-0000002454,CUST-0000144382,2020-09-19 03:08:39,Buy Now Pay Later,Success,261.85,EUR,ITA,Europe,,false,2020-09-19 03:08:39,stephen.clark001@analytics.example.com
,PAY-202009-00000003721,ORD-202009-0000005648,CUST-0000147364,2020-09-03 12:13:20,PayPal,Success,3064.69,SGD,SGP,Asia,,false,2020-09-03 12:13:20,brandi.carter038@dataops.example.com
,PAY-202009-00000003722,ORD-202009-0000005374,CUST-0000142634,2020-09-07 11:30:25,Paytm,Success,788.83,USD,USA,North America,,false,2020-09-07 11:30:25,timothy.cannon081@analytics.example.com
,PAY-202009-00000003723,ORD-202009-0000004334,CUST-0000137834,2020-09-14 06:43:18,Gift Card,Success,2158.01,JPY,JPN,Asia,,false,2020-09-14 06:43:18,joseph.johnson049@dataops.example.com
,PAY-202009-00000003724,ORD-202009-0000001629,CUST-0000134615,2020-09-05 06:44:10,Apple Pay,Success,2157.3,BRL,BRA,South America,,false,2020-09-05 06:44:10,tina.williams074@commerce.example.com
,PAY-202009-00000003725,ORD-202009-0000005049,CUST-0000142490,2020-09-09 03:46:10,Buy Now Pay Later,Success,2469.99,INR,IND,Asia,,false,2020-09-09 03:46:10,michelle.sims041@analytics.example.com
,PAY-202009-00000003726,ORD-202009-0000004514,CUST-0000153418,2020-09-12 05:58:24,Google Pay,Success,19.26,EUR,DEU,Europe,,false,2020-09-12 05:58:24,michelle.bender024@analytics.example.com
,PAY-202009-00000003727,ORD-202009-0000001311,CUST-0000152225,2020-09-18 11:19:37,Phonepe,Success,558.21,MXN,MEX,North America,,false,2020-09-18 11:19:37,brandon.yu006@analytics.example.com
,PAY-202009-00000003728,ORD-202009-0000001665,CUST-0000148476,2020-09-08 22:20:36,Apple Pay,Success,751.81,BRL,BRA,South America,,false,2020-09-08 22:20:36,lance.williams029@platform.example.com
,PAY-202009-00000003729,ORD-202009-0000003305,CUST-0000137890,2020-09-09 18:52:50,Phonepe,Success,2413.22,USD,USA,North America,,false,2020-09-09 18:52:50,joseph.johnson049@dataops.example.com
,PAY-202009-00000003730,ORD-202009-0000002896,CUST-0000144766,2020-09-23 19:48:00,Credit Card,Success,3375.78,EUR,NLD,Europe,,false,2020-09-23 19:48:00,jennifer.bauer068@analytics.example.com
,PAY-202009-00000003731,ORD-202009-0000002111,CUST-0000149375,2020-09-25 01:04:03,PayPal,Success,618.56,AED,ARE,Asia,,false,2020-09-25 01:04:03,eric.mullen052@dataops.example.com
,PAY-202009-00000003732,ORD-202009-0000003589,CUST-0000138235,2020-09-25 23:40:15,Gift Card,Success,106.56,INR,IND,Asia,,false,2020-09-25 23:40:15,susan.rice083@commerce.example.com
,PAY-202009-00000003733,ORD-202009-0000002638,CUST-0000152683,2020-09-15 21:58:10,Debit Card,Success,816.83,EUR,ESP,Europe,,false,2020-09-15 21:58:10,stephen.daniels076@commerce.example.com
,PAY-202009-00000003734,ORD-202009-0000001465,CUST-0000153502,2020-09-05 13:09:45,Buy Now Pay Later,Success,148.68,USD,USA,North America,,false,2020-09-05 13:09:45,taylor.cunningham023@commerce.example.com
,PAY-202009-00000003735,ORD-202009-0000002626,CUST-0000142714,2020-09-10 23:24:29,Buy Now Pay Later,Failed,2642.74,EUR,ESP,Europe,Fraud check failed,false,2020-09-10 23:24:29,timothy.cannon081@analytics.example.com
,PAY-202009-00000003736,ORD-202009-0000000908,CUST-0000140392,2020-09-24 02:54:21,Debit Card,Success,2921.25,CAD,CAN,North America,,false,2020-09-24 02:54:21,james.proctor094@dataops.example.com
,PAY-202009-00000003737,ORD-202009-0000003826,CUST-0000145185,2020-09-19 18:20:08,Credit Card,Success,3010.75,EUR,ESP,Europe,,false,2020-09-19 18:20:08,timothy.cameron104@commerce.example.com
,PAY-202009-00000003738,ORD-202009-0000002025,CUST-0000140473,2020-09-23 13:37:02,Paytm,Success,1346.83,SGD,SGP,Asia,,false,2020-09-23 13:37:02,susan.rice083@commerce.example.com
,PAY-202009-00000003739,ORD-202009-0000004888,CUST-0000140502,2020-09-02 20:23:05,PayPal,Success,692.1,AUD,AUS,Oceania,,false,2020-09-02 20:23:05,michael.berger060@platform.example.com
,PAY-202009-00000003740,ORD-202009-0000006010,CUST-0000137040,2020-09-24 01:51:54,Bank Transfer,Success,559.99,EUR,ITA,Europe,,false,2020-09-24 01:51:54,jennifer.bauer068@analytics.example.com
,PAY-202009-00000003741,ORD-202009-0000003188,CUST-0000136119,2020-09-14 05:19:21,PayPal,Success,2327.19,MXN,MEX,North America,,false,2020-09-14 05:19:21,michael.berger060@platform.example.com
,PAY-202009-00000003742,ORD-202009-0000004335,CUST-0000152534,2020-09-17 21:12:08,Debit Card,Success,1131.83,AED,ARE,Asia,,false,2020-09-17 21:12:08,tina.williams074@commerce.example.com
,PAY-202009-00000003743,ORD-202009-0000001966,CUST-0000144212,2020-09-12 03:33:39,PayPal,Failed,3262.48,USD,USA,North America,Insufficient funds,false,2020-09-12 03:33:39,maria.ashley046@analytics.example.com
,PAY-202009-00000003744,ORD-202009-0000002826,CUST-0000152763,2020-09-09 11:19:05,Debit Card,Failed,93.83,CAD,CAN,North America,Card declined,false,2020-09-09 11:19:05,stephen.daniels076@commerce.example.com
,PAY-202009-00000003745,ORD-202009-0000006496,CUST-0000144172,2020-09-08 12:53:38,Debit Card,Pending,2146.04,BRL,BRA,South America,,false,2020-09-08 12:53:38,patrick.gonzalez035@dataops.example.com
,PAY-202009-00000003746,ORD-202009-0000004374,CUST-0000138191,2020-09-09 22:09:57,Gift Card,Success,862.39,EUR,ITA,Europe,,false,2020-09-09 22:09:57,david.cabrera119@dataops.example.com
,PAY-202009-00000003747,ORD-202009-0000001646,CUST-0000139224,2020-09-16 03:46:06,Apple Pay,Success,3448.88,EUR,NLD,Europe,,false,2020-09-16 03:46:06,james.proctor094@dataops.example.com
,PAY-202009-00000003748,ORD-202009-0000000354,CUST-0000144906,2020-09-16 13:23:27,Apple Pay,Success,3197.61,EUR,ESP,Europe,,false,2020-09-16 13:23:27,kelsey.taylor010@platform.example.com
,PAY-202009-00000003749,ORD-202009-0000001065,CUST-0000139785,2020-09-16 01:01:14,Buy Now Pay Later,Success,2484.73,AED,ARE,Asia,,false,2020-09-16 01:01:14,alyssa.richards002@commerce.example.com
,PAY-202009-00000003750,ORD-202009-0000001168,CUST-0000147574,2020-09-22 03:33:57,Bank Transfer,Success,1802.68,SGD,SGP,Asia,,false,2020-09-22 03:33:57,lance.williams029@platform.example.com
,PAY-202009-00000003751,ORD-202009-0000002730,CUST-0000150317,2020-09-09 01:04:13,Gift Card,Success,2929.54,EUR,ESP,Europe,,false,2020-09-09 01:04:13,james.proctor094@dataops.example.com
,PAY-202009-00000003752,ORD-202009-0000004252,CUST-0000152066,2020-09-11 19:18:42,Gift Card,Success,1561.99,GBP,GBR,Europe,,false,2020-09-11 19:18:42,brandon.yu006@analytics.example.com
,PAY-202009-00000003753,ORD-202009-0000005321,CUST-0000136270,2020-09-18 01:33:14,Google Pay,Pending,515.79,EUR,NLD,Europe,,false,2020-09-18 01:33:14,maria.ashley046@analytics.example.com
,PAY-202009-00000003754,ORD-202009-0000005030,CUST-0000138465,2020-09-24 07:39:12,Paytm,Success,2576.17,MXN,MEX,North America,,false,2020-09-24 07:39:12,timothy.cameron104@commerce.example.com
,PAY-202009-00000003755,ORD-202009-0000001147,CUST-0000141903,2020-09-01 14:51:56,Phonepe,Success,1645.89,USD,USA,North America,,false,2020-09-01 14:51:56,susan.rice083@commerce.example.com
,PAY-202009-00000003756,ORD-202009-0000001509,CUST-0000145281,2020-09-22 11:32:14,Phonepe,Success,1423.01,BRL,BRA,South America,,false,2020-09-22 11:32:14,lance.williams029@platform.example.com
,PAY-202009-00000003757,ORD-202009-0000004460,CUST-0000144161,2020-09-26 06:40:58,Phonepe,Success,2472.67,USD,USA,North America,,false,2020-09-26 06:40:58,michelle.sims041@analytics.example.com
,PAY-202009-00000003758,ORD-202009-0000003647,CUST-0000142536,2020-09-28 08:44:12,Phonepe,Success,522.34,BRL,BRA,South America,,false,2020-09-28 08:44:12,john.mullins109@commerce.example.com
,PAY-202009-00000003759,ORD-202009-0000004714,CUST-0000154072,2020-09-28 14:15:07,PayPal,Success,549.51,MXN,MEX,North America,,false,2020-09-28 14:15:07,taylor.cunningham023@commerce.example.com
,PAY-202009-00000003760,ORD-202009-0000003200,CUST-0000139477,2020-09-25 17:47:40,Debit Card,Success,2732.93,AUD,AUS,Oceania,,false,2020-09-25 17:47:40,david.cabrera119@dataops.example.com
,PAY-202009-00000003761,ORD-202009-0000005670,CUST-0000138429,2020-09-29 06:42:08,Apple Pay,Success,1732.28,INR,IND,Asia,,false,2020-09-29 06:42:08,andrea.cummings039@platform.example.com
,PAY-202009-00000003762,ORD-202009-0000001192,CUST-0000145380,2020-09-13 12:34:04,Apple Pay,Success,3100.52,EUR,NLD,Europe,,false,2020-09-13 12:34:04,timothy.cameron104@commerce.example.com
,PAY-202009-00000003763,ORD-202009-0000004408,CUST-0000138135,2020-09-02 23:25:17,Buy Now Pay Later,Failed,788.32,USD,USA,North America,Card declined,false,2020-09-02 23:25:17,jennifer.bauer068@analytics.example.com
,PAY-202009-00000003764,ORD-202009-0000006392,CUST-0000151225,2020-09-14 20:02:48,Phonepe,Success,636.76,CAD,CAN,North America,,false,2020-09-14 20:02:48,michelle.bender024@analytics.example.com
,PAY-202009-00000003765,ORD-202009-0000004893,CUST-0000152571,2020-09-22 19:33:30,Credit Card,Success,1793.31,CAD,CAN,North America,,false,2020-09-22 19:33:30,susan.rice083@commerce.example.com
,PAY-202009-00000003766,ORD-202009-0000005527,CUST-0000145971,2020-09-11 13:59:41,Phonepe,Success,1418.19,INR,IND,Asia,,false,2020-09-11 13:59:41,stephen.daniels076@commerce.example.com
,PAY-202009-00000003767,ORD-202009-0000002153,CUST-0000148858,2020-09-08 06:31:48,Debit Card,Success,2091.24,AED,ARE,Asia,,false,2020-09-08 06:31:48,joseph.johnson049@dataops.example.com
,PAY-202009-00000003768,ORD-202009-0000006423,CUST-0000146577,2020-09-15 14:58:15,Credit Card,Success,52.38,AED,ARE,Asia,,false,2020-09-15 14:58:15,timothy.cannon081@analytics.example.com
,PAY-202009-00000003769,ORD-202009-0000000517,CUST-0000146734,2020-09-26 10:49:46,Buy Now Pay Later,Success,927.35,CAD,CAN,North America,,false,2020-09-26 10:49:46,eric.horton058@analytics.example.com
,PAY-202009-00000003770,ORD-202009-0000000503,CUST-0000150512,2020-09-30 21:34:03,Gift Card,Success,1870.66,INR,IND,Asia,,false,2020-09-30 21:34:03,john.mullins109@commerce.example.com
,PAY-202009-00000003771,ORD-202009-0000001157,CUST-0000150459,2020-09-09 19:41:36,Phonepe,Success,3308.09,EUR,DEU,Europe,,false,2020-09-09 19:41:36,timothy.cameron104@commerce.example.com
,PAY-202009-00000003772,ORD-202009-0000004389,CUST-0000153354,2020-09-23 12:42:56,PayPal,Success,1898.07,EUR,FRA,Europe,,false,2020-09-23 12:42:56,megan.cunningham013@commerce.example.com
,PAY-202009-00000003773,ORD-202009-0000001902,CUST-0000150136,2020-09-05 14:18:36,Apple Pay,Success,1399.72,AUD,AUS,Oceania,,false,2020-09-05 14:18:36,taylor.cunningham023@commerce.example.com
,PAY-202009-00000003774,ORD-202009-0000002064,CUST-0000137186,2020-09-29 09:52:40,Gift Card,Success,2317.49,INR,IND,Asia,,false,2020-09-29 09:52:40,ryan.steele043@commerce.example.com
,PAY-202009-00000003775,ORD-202009-0000005122,CUST-0000144323,2020-09-11 04:50:23,PayPal,Success,224.74,EUR,DEU,Europe,,false,2020-09-11 04:50:23,michael.johnson061@platform.example.com
,PAY-202009-00000003776,ORD-202009-0000006424,CUST-0000146426,2020-09-06 10:37:06,Gift Card,Success,939.36,CAD,CAN,North America,,false,2020-09-06 10:37:06,kelsey.taylor010@platform.example.com
,PAY-202009-00000003777,ORD-202009-0000000396,CUST-0000141021,2020-09-17 07:26:34,Gift Card,Success,1673.14,INR,IND,Asia,,false,2020-09-17 07:26:34,adam.gordon030@commerce.example.com
,PAY-202009-00000003778,ORD-202009-0000000908,CUST-0000135373,2020-09-08 23:33:30,Credit Card,Success,313.01,EUR,ITA,Europe,,false,2020-09-08 23:33:30,micheal.hall064@dataops.example.com
,PAY-202009-00000003779,ORD-202009-0000003633,CUST-0000141661,2020-09-16 08:32:26,Buy Now Pay Later,Success,2429.03,EUR,FRA,Europe,,false,2020-09-16 08:32:26,megan.cunningham013@commerce.example.com
,PAY-202009-00000003780,ORD-202009-0000006049,CUST-0000143079,2020-09-02 13:00:49,Bank Transfer,Success,542.58,EUR,FRA,Europe,,false,2020-09-02 13:00:49,michael.berger060@platform.example.com
,PAY-202009-00000003781,ORD-202009-0000004738,CUST-0000147382,2020-09-10 20:17:29,Google Pay,Success,2189.77,CAD,CAN,North America,,false,2020-09-10 20:17:29,andrea.cummings039@platform.example.com
,PAY-202009-00000003782,ORD-202009-0000006502,CUST-0000153110,2020-09-30 11:10:42,Apple Pay,Failed,2367.69,MXN,MEX,North America,Network timeout,false,2020-09-30 11:10:42,eric.mullen052@dataops.example.com
,PAY-202009-00000003783,ORD-202009-0000004319,CUST-0000138377,2020-09-12 06:40:00,Credit Card,Success,2312.65,EUR,ITA,Europe,,false,2020-09-12 06:40:00,joseph.johnson049@dataops.example.com
,PAY-202009-00000003784,ORD-202009-0000005802,CUST-0000136852,2020-09-19 21:52:22,Phonepe,Success,3178.25,EUR,FRA,Europe,,false,2020-09-19 21:52:22,tina.williams074@commerce.example.com
,PAY-202009-00000003785,ORD-202009-0000003335,CUST-0000149765,2020-09-01 12:52:53,Google Pay,Failed,1368.63,CAD,CAN,North America,Insufficient funds,false,2020-09-01 12:52:53,brandi.carter038@dataops.example.com
,PAY-202009-00000003786,ORD-202009-0000005358,CUST-0000138056,2020-09-15 23:27:11,Google Pay,Success,2842.4,JPY,JPN,Asia,,false,2020-09-15 23:27:11,james.proctor094@dataops.example.com
,PAY-202009-00000003787,ORD-202009-0000005965,CUST-0000150241,2020-09-19 07:46:21,Credit Card,Success,369.55,BRL,BRA,South America,,false,2020-09-19 07:46:21,james.proctor094@dataops.example.com
,PAY-202009-00000003788,ORD-202009-0000001135,CUST-0000149687,2020-09-21 14:13:10,Paytm,Success,611.6,EUR,FRA,Europe,,false,2020-09-21 14:13:10,jennifer.bauer068@analytics.example.com
,PAY-202009-00000003789,ORD-202009-0000002285,CUST-0000140776,2020-09-07 20:06:41,Credit Card,Success,2254.61,EUR,DEU,Europe,,false,2020-09-07 20:06:41,james.proctor094@dataops.example.com
,PAY-202009-00000003790,ORD-202009-0000002946,CUST-0000136923,2020-09-16 20:51:51,Buy Now Pay Later,Success,1470.49,EUR,NLD,Europe,,false,2020-09-16 20:51:51,eric.horton058@analytics.example.com
,PAY-202009-00000003791,ORD-202009-0000005165,CUST-0000135951,2020-09-24 00:47:42,Phonepe,Success,1082.06,EUR,ESP,Europe,,false,2020-09-24 00:47:42,eric.horton058@analytics.example.com
,PAY-202009-00000003792,ORD-202009-0000003191,CUST-0000141109,2020-09-06 19:23:23,Buy Now Pay Later,Success,1255.55,AUD,AUS,Oceania,,false,2020-09-06 19:23:23,john.mullins109@commerce.example.com
,PAY-202009-00000003793,ORD-202009-0000000770,CUST-0000143542,2020-09-28 08:36:41,Gift Card,Pending,1707.36,EUR,DEU,Europe,,false,2020-09-28 08:36:41,alyssa.richards002@commerce.example.com
,PAY-202009-00000003794,ORD-202009-0000005123,CUST-0000142995,2020-09-19 13:21:25,Phonepe,Success,806.21,AED,ARE,Asia,,false,2020-09-19 13:21:25,timothy.cameron104@commerce.example.com
,PAY-202009-00000003795,ORD-202009-0000001945,CUST-0000148477,2020-09-29 06:47:28,Gift Card,Success,1084.65,JPY,JPN,Asia,,false,2020-09-29 06:47:28,jeffery.miller012@commerce.example.com
,PAY-202009-00000003796,ORD-202009-0000002977,CUST-0000138362,2020-09-13 18:29:16,Paytm,Success,3136.72,AED,ARE,Asia,,false,2020-09-13 18:29:16,victor.palmer071@platform.example.com
,PAY-202009-00000003797,ORD-202009-0000001099,CUST-0000147019,2020-09-27 20:54:09,Debit Card,Success,189.76,AED,ARE,Asia,,false,2020-09-27 20:54:09,adam.gordon030@commerce.example.com
,PAY-202009-00000003798,ORD-202009-0000004535,CUST-0000135122,2020-09-21 19:59:15,Gift Card,Pending,2246.69,EUR,NLD,Europe,,false,2020-09-21 19:59:15,micheal.hall064@dataops.example.com
,PAY-202009-00000003799,ORD-202009-0000005147,CUST-0000145105,2020-09-27 21:02:38,Bank Transfer,Success,101.2,AED,ARE,Asia,,false,2020-09-27 21:02:38,victor.palmer071@platform.example.com
,PAY-202009-00000003800,ORD-202009-0000001811,CUST-0000139155,2020-09-03 13:01:11,Google Pay,Success,235.11,CAD,CAN,North America,,false,2020-09-03 13:01:11,david.cabrera119@dataops.example.com
,PAY-202009-00000003801,ORD-202009-0000000262,CUST-0000137368,2020-09-23 19:08:23,Buy Now Pay Later,Success,3119.6,EUR,ITA,Europe,,false,2020-09-23 19:08:23,maria.ashley046@analytics.example.com
,PAY-202009-00000003802,ORD-202009-0000000343,CUST-0000148016,2020-09-22 22:12:28,Apple Pay,Success,2232.16,AED,ARE,Asia,,false,2020-09-22 22:12:28,adam.gordon030@commerce.example.com
,PAY-202009-00000003803,ORD-202009-0000002211,CUST-0000147104,2020-09-11 02:06:52,Phonepe,Success,2872.34,EUR,ESP,Europe,,false,2020-09-11 02:06:52,kelsey.taylor010@platform.example.com
,PAY-202009-00000003804,ORD-202009-0000005965,CUST-0000145344,2020-09-19 00:47:25,Debit Card,Pending,1389.43,AUD,AUS,Oceania,,false,2020-09-19 00:47:25,ryan.steele043@commerce.example.com
,PAY-202009-00000003805,ORD-202009-0000004105,CUST-0000149155,2020-09-19 07:20:51,Apple Pay,Success,1426.88,EUR,FRA,Europe,,false,2020-09-19 07:20:51,stephen.clark001@analytics.example.com
,PAY-202009-00000003806,ORD-202009-0000004128,CUST-0000141576,2020-09-29 09:34:08,Google Pay,Success,608.09,SGD,SGP,Asia,,false,2020-09-29 09:34:08,ashley.marks069@commerce.example.com
,PAY-202009-00000003807,ORD-202009-0000005086,CUST-0000145416,2020-09-24 22:35:25,Credit Card,Success,103.91,SGD,SGP,Asia,,false,2020-09-24 22:35:25,micheal.chen050@dataops.example.com
,PAY-202009-00000003808,ORD-202009-0000003777,CUST-0000140778,2020-09-01 20:15:31,PayPal,Success,1064.62,BRL,BRA,South America,,false,2020-09-01 20:15:31,stephen.daniels076@commerce.example.com
,PAY-202009-00000003809,ORD-202009-0000001288,CUST-0000139802,2020-09-06 05:59:22,Bank Transfer,Success,268.16,INR,IND,Asia,,false,2020-09-06 05:59:22,susan.rice083@commerce.example.com
,PAY-202009-00000003810,ORD-202009-0000001442,CUST-0000138519,2020-09-15 13:13:40,Bank Transfer,Success,2294.06,AED,ARE,Asia,,false,2020-09-15 13:13:40,megan.cunningham013@commerce.example.com
,PAY-202009-00000003811,ORD-202009-0000006533,CUST-0000150024,2020-09-28 00:07:54,Paytm,Success,3440.29,BRL,BRA,South America,,false,2020-09-28 00:07:54,stephen.daniels076@commerce.example.com
,PAY-202009-00000003812,ORD-202009-0000004467,CUST-0000138963,2020-09-23 02:28:58,Buy Now Pay Later,Success,2896.89,INR,IND,Asia,,false,2020-09-23 02:28:58,timothy.cannon081@analytics.example.com
,PAY-202009-00000003813,ORD-202009-0000004844,CUST-0000149717,2020-09-29 06:55:46,Paytm,Success,863.85,SGD,SGP,Asia,,false,2020-09-29 06:55:46,megan.cunningham013@commerce.example.com
,PAY-202009-00000003814,ORD-202009-0000000767,CUST-0000148580,2020-09-03 20:18:05,Apple Pay,Success,2861.43,SGD,SGP,Asia,,false,2020-09-03 20:18:05,david.cabrera119@dataops.example.com
,PAY-202009-00000003815,ORD-202009-0000002028,CUST-0000136628,2020-09-07 04:54:41,Bank Transfer,Success,2255.71,EUR,ESP,Europe,,false,2020-09-07 04:54:41,susan.rice083@commerce.example.com
,PAY-202009-00000003816,ORD-202009-0000001813,CUST-0000136431,2020-09-19 17:17:15,Paytm,Success,2159.42,EUR,ITA,Europe,,false,2020-09-19 17:17:15,adam.gordon030@commerce.example.com
,PAY-202009-00000003817,ORD-202009-0000003940,CUST-0000150472,2020-09-28 17:06:01,Debit Card,Success,1287.02,USD,USA,North America,,false,2020-09-28 17:06:01,lance.williams029@platform.example.com
,PAY-202009-00000003818,ORD-202009-0000004255,CUST-0000144085,2020-09-14 08:16:31,Apple Pay,Success,2235.82,INR,IND,Asia,,false,2020-09-14 08:16:31,eric.mullen052@dataops.example.com
,PAY-202009-00000003819,ORD-202009-0000000010,CUST-0000151798,2020-09-13 10:09:10,Buy Now Pay Later,Success,2661.46,EUR,DEU,Europe,,false,2020-09-13 10:09:10,john.mullins109@commerce.example.com
,PAY-202009-00000003820,ORD-202009-0000001956,CUST-0000139776,2020-09-15 02:37:48,Phonepe,Pending,3279.12,EUR,DEU,Europe,,false,2020-09-15 02:37:48,adam.gordon030@commerce.example.com
,PAY-202009-00000003821,ORD-202009-0000005680,CUST-0000149690,2020-09-01 03:09:18,Bank Transfer,Success,3185.9,CAD,CAN,North America,,false,2020-09-01 03:09:18,susan.rice083@commerce.example.com
,PAY-202009-00000003822,ORD-202009-0000002249,CUST-0000141079,2020-09-17 19:53:46,Paytm,Success,1427.16,CAD,CAN,North America,,false,2020-09-17 19:53:46,ryan.steele043@commerce.example.com
,PAY-202009-00000003823,ORD-202009-0000003208,CUST-0000139078,2020-09-30 13:36:54,Bank Transfer,Success,371.52,AUD,AUS,Oceania,,false,2020-09-30 13:36:54,maria.ashley046@analytics.example.com
,PAY-202009-00000003824,ORD-202009-0000003589,CUST-0000141699,2020-09-17 13:42:30,Debit Card,Success,1408.42,EUR,DEU,Europe,,false,2020-09-17 13:42:30,timothy.cannon081@analytics.example.com
,PAY-202009-00000003825,ORD-202009-0000003626,CUST-0000139429,2020-09-23 01:15:03,Bank Transfer,Success,537.31,SGD,SGP,Asia,,false,2020-09-23 01:15:03,james.proctor094@dataops.example.com
,PAY-202009-00000003826,ORD-202009-0000001211,CUST-0000142125,2020-09-17 13:41:12,Bank Transfer,Success,315.06,GBP,GBR,Europe,,false,2020-09-17 13:41:12,timothy.cameron104@commerce.example.com
,PAY-202009-00000003827,ORD-202009-0000004845,CUST-0000144787,2020-09-10 07:09:44,Phonepe,Success,1110.37,CAD,CAN,North America,,false,2020-09-10 07:09:44,jennifer.hudson020@analytics.example.com
,PAY-202009-00000003828,ORD-202009-0000001743,CUST-0000143912,2020-09-02 07:45:11,Phonepe,Success,2130.78,USD,USA,North America,,false,2020-09-02 07:45:11,maria.ashley046@analytics.example.com
,PAY-202009-00000003829,ORD-202009-0000001910,CUST-0000137623,2020-09-06 13:12:44,Apple Pay,Success,998.15,MXN,MEX,North America,,false,2020-09-06 13:12:44,micheal.hall064@dataops.example.com
,PAY-202009-00000003830,ORD-202009-0000003723,CUST-0000134751,2020-09-20 16:51:14,Buy Now Pay Later,Success,1393.59,EUR,FRA,Europe,,false,2020-09-20 16:51:14,michael.johnson061@platform.example.com
,PAY-202009-00000003831,ORD-202009-0000004537,CUST-0000136180,2020-09-07 16:10:09,Paytm,Success,34.58,AED,ARE,Asia,,false,2020-09-07 16:10:09,victor.palmer071@platform.example.com
,PAY-202009-00000003832,ORD-202009-0000005813,CUST-0000150054,2020-09-30 07:24:57,Google Pay,Success,3243.14,EUR,NLD,Europe,,false,2020-09-30 07:24:57,patrick.gonzalez035@dataops.example.com
,PAY-202009-00000003833,ORD-202009-0000001730,CUST-0000140689,2020-09-27 10:02:36,Gift Card,Success,3347.52,SGD,SGP,Asia,,false,2020-09-27 10:02:36,tina.williams074@commerce.example.com
,PAY-202009-00000003834,ORD-202009-0000001393,CUST-0000142673,2020-09-22 22:15:34,Credit Card,Success,3253.18,EUR,NLD,Europe,,false,2020-09-22 22:15:34,brandi.carter038@dataops.example.com
,PAY-202009-00000003835,ORD-202009-0000004525,CUST-0000135639,2020-09-28 19:53:59,Apple Pay,Success,56.08,GBP,GBR,Europe,,false,2020-09-28 19:53:59,stephen.clark001@analytics.example.com
,PAY-202009-00000003836,ORD-202009-0000004386,CUST-0000145833,2020-09-14 16:52:19,Apple Pay,Success,1026.31,EUR,ITA,Europe,,false,2020-09-14 16:52:19,micheal.chen050@dataops.example.com
,PAY-202009-00000003837,ORD-202009-0000000917,CUST-0000145801,2020-09-05 20:27:29,Bank Transfer,Success,907.32,AUD,AUS,Oceania,,false,2020-09-05 20:27:29,maria.ashley046@analytics.example.com
,PAY-202009-00000003838,ORD-202009-0000002800,CUST-0000147470,2020-09-27 22:19:06,Debit Card,Success,341.25,MXN,MEX,North America,,false,2020-09-27 22:19:06,susan.rice083@commerce.example.com
,PAY-202009-00000003839,ORD-202009-0000001692,CUST-0000151167,2020-09-04 00:17:28,Debit Card,Success,1958.68,AUD,AUS,Oceania,,false,2020-09-04 00:17:28,ryan.steele043@commerce.example.com
,PAY-202009-00000003840,ORD-202009-0000004795,CUST-0000144306,2020-09-05 19:56:26,Buy Now Pay Later,Failed,3171.86,EUR,ITA,Europe,Insufficient funds,false,2020-09-05 19:56:26,brandi.carter038@dataops.example.com
,PAY-202009-00000003841,ORD-202009-0000004085,CUST-0000136272,2020-09-22 11:43:11,Buy Now Pay Later,Success,270.69,EUR,NLD,Europe,,false,2020-09-22 11:43:11,patrick.gonzalez035@dataops.example.com
,PAY-202009-00000003842,ORD-202009-0000001586,CUST-0000148856,2020-09-16 07:08:29,Bank Transfer,Success,1692.88,SGD,SGP,Asia,,false,2020-09-16 07:08:29,victor.palmer071@platform.example.com
,PAY-202009-00000003843,ORD-202009-0000000211,CUST-0000145466,2020-09-29 00:58:11,Apple Pay,Refunded,1636.1,EUR,ESP,Europe,,true,2020-09-29 00:58:11,patrick.gonzalez035@dataops.example.com
,PAY-202009-00000003844,ORD-202009-0000004798,CUST-0000147356,2020-09-26 22:26:25,Credit Card,Success,655.5,EUR,ESP,Europe,,false,2020-09-26 22:26:25,alyssa.richards002@commerce.example.com
,PAY-202009-00000003845,ORD-202009-0000002724,CUST-0000141392,2020-09-27 20:25:06,Google Pay,Success,2790.04,AED,ARE,Asia,,false,2020-09-27 20:25:06,maria.ashley046@analytics.example.com
,PAY-202009-00000003846,ORD-202009-0000003050,CUST-0000146562,2020-09-30 20:05:46,Credit Card,Failed,388.46,GBP,GBR,Europe,Invalid CVV,false,2020-09-30 20:05:46,brandon.yu006@analytics.example.com
,PAY-202009-00000003847,ORD-202009-0000002444,CUST-0000138449,2020-09-07 08:25:33,Google Pay,Success,1795.15,BRL,BRA,South America,,false,2020-09-07 08:25:33,micheal.chen050@dataops.example.com
,PAY-202009-00000003848,ORD-202009-0000002203,CUST-0000142978,2020-09-14 00:59:58,Phonepe,Success,1627.83,AUD,AUS,Oceania,,false,2020-09-14 00:59:58,lance.williams029@platform.example.com
,PAY-202009-00000003849,ORD-202009-0000003800,CUST-0000143727,2020-09-26 03:19:13,Google Pay,Success,1280.78,AED,ARE,Asia,,false,2020-09-26 03:19:13,stephen.daniels076@commerce.example.com
,PAY-202009-00000003850,ORD-202009-0000005748,CUST-0000135009,2020-09-17 01:52:30,Google Pay,Success,1119.96,EUR,NLD,Europe,,false,2020-09-17 01:52:30,ashley.marks069@commerce.example.com
,PAY-202009-00000003851,ORD-202009-0000006260,CUST-0000144104,2020-09-25 08:51:05,Debit Card,Success,718.17,INR,IND,Asia,,false,2020-09-25 08:51:05,micheal.hall064@dataops.example.com
,PAY-202009-00000003852,ORD-202009-0000003019,CUST-0000144479,2020-09-22 14:47:27,Buy Now Pay Later,Success,1116.09,JPY,JPN,Asia,,false,2020-09-22 14:47:27,eric.horton058@analytics.example.com
,PAY-202009-00000003853,ORD-202009-0000004903,CUST-0000137573,2020-09-11 07:29:00,Bank Transfer,Success,3001.85,EUR,ESP,Europe,,false,2020-09-11 07:29:00,michael.berger060@platform.example.com
,PAY-202009-00000003854,ORD-202009-0000005311,CUST-0000145266,2020-09-22 00:27:02,Credit Card,Pending,225.12,EUR,FRA,Europe,,false,2020-09-22 00:27:02,michael.johnson061@platform.example.com
,PAY-202009-00000003855,ORD-202009-0000005026,CUST-0000153569,2020-09-25 07:50:26,Bank Transfer,Success,3433.4,JPY,JPN,Asia,,false,2020-09-25 07:50:26,eric.horton058@analytics.example.com
,PAY-202009-00000003856,ORD-202009-0000000276,CUST-0000138267,2020-09-13 04:11:02,PayPal,Success,3344.97,SGD,SGP,Asia,,false,2020-09-13 04:11:02,ryan.steele043@commerce.example.com
,PAY-202009-00000003857,ORD-202009-0000002177,CUST-0000134681,2020-09-08 11:19:24,Credit Card,Success,2423.92,JPY,JPN,Asia,,false,2020-09-08 11:19:24,peter.martinez098@platform.example.com
,PAY-202009-00000003858,ORD-202009-0000004659,CUST-0000137439,2020-09-05 21:21:18,Credit Card,Success,3313.32,EUR,FRA,Europe,,false,2020-09-05 21:21:18,joseph.johnson049@dataops.example.com
,PAY-202009-00000003859,ORD-202009-0000000886,CUST-0000152680,2020-09-02 14:18:32,Debit Card,Success,592.09,GBP,GBR,Europe,,false,2020-09-02 14:18:32,stephen.clark001@analytics.example.com
,PAY-202009-00000003860,ORD-202009-0000005106,CUST-0000151016,2020-09-06 07:02:10,Buy Now Pay Later,Success,2368.19,AED,ARE,Asia,,false,2020-09-06 07:02:10,lance.williams029@platform.example.com
,PAY-202009-00000003861,ORD-202009-0000006510,CUST-0000143078,2020-09-15 10:24:16,Google Pay,Success,855.34,USD,USA,North America,,false,2020-09-15 10:24:16,eric.horton058@analytics.example.com
,PAY-202009-00000003862,ORD-202009-0000002384,CUST-0000137447,2020-09-02 18:47:04,Paytm,Success,2589.4,EUR,DEU,Europe,,false,2020-09-02 18:47:04,jeffery.miller012@commerce.example.com
,PAY-202009-00000003863,ORD-202009-0000001171,CUST-0000140083,2020-09-02 13:03:24,Paytm,Success,153.86,EUR,FRA,Europe,,false,2020-09-02 13:03:24,jennifer.hudson020@analytics.example.com
,PAY-202009-00000003864,ORD-202009-0000000065,CUST-0000138353,2020-09-05 10:20:46,Gift Card,Success,995.08,EUR,NLD,Europe,,false,2020-09-05 10:20:46,micheal.hall064@dataops.example.com
,PAY-202009-00000003865,ORD-202009-0000004596,CUST-0000140041,2020-09-22 11:50:58,Debit Card,Success,2374.12,JPY,JPN,Asia,,false,2020-09-22 11:50:58,michelle.sims041@analytics.example.com
,PAY-202009-00000003866,ORD-202009-0000002668,CUST-0000151636,2020-09-11 23:18:09,Google Pay,Success,1051.96,USD,USA,North America,,false,2020-09-11 23:18:09,timothy.cameron104@commerce.example.com
,PAY-202009-00000003867,ORD-202009-0000002667,CUST-0000140844,2020-09-29 03:06:08,Paytm,Success,1972.39,EUR,ITA,Europe,,false,2020-09-29 03:06:08,adam.gordon030@commerce.example.com
,PAY-202009-00000003868,ORD-202009-0000006061,CUST-0000138806,2020-09-27 15:30:33,Debit Card,Success,1702.83,BRL,BRA,South America,,false,2020-09-27 15:30:33,lance.williams029@platform.example.com
,PAY-202009-00000003869,ORD-202009-0000005455,CUST-0000144737,2020-09-24 22:32:02,Paytm,Success,696.3,JPY,JPN,Asia,,false,2020-09-24 22:32:02,eric.mullen052@dataops.example.com
,PAY-202009-00000003870,ORD-202009-0000004493,CUST-0000147152,2020-09-12 20:55:07,Bank Transfer,Success,1460.95,EUR,DEU,Europe,,false,2020-09-12 20:55:07,michael.berger060@platform.example.com
,PAY-202009-00000003871,ORD-202009-0000003291,CUST-0000137833,2020-09-07 12:36:37,Google Pay,Failed,2648.4,AED,ARE,Asia,Fraud check failed,false,2020-09-07 12:36:37,brandon.yu006@analytics.example.com
,PAY-202009-00000003872,ORD-202009-0000004389,CUST-0000150502,2020-09-16 21:31:13,Apple Pay,Success,2382.35,EUR,FRA,Europe,,false,2020-09-16 21:31:13,peter.martinez098@platform.example.com
,PAY-202009-00000003873,ORD-202009-0000000451,CUST-0000151601,2020-09-21 03:51:27,Buy Now Pay Later,Success,285.9,INR,IND,Asia,,false,2020-09-21 03:51:27,michelle.sims041@analytics.example.com
,PAY-202009-00000003874,ORD-202009-0000000251,CUST-0000136534,2020-09-13 04:20:25,Bank Transfer,Success,2338.69,AUD,AUS,Oceania,,false,2020-09-13 04:20:25,michael.berger060@platform.example.com
,PAY-202009-00000003875,ORD-202009-0000005696,CUST-0000149573,2020-09-09 19:56:07,Phonepe,Success,1266.78,AUD,AUS,Oceania,,false,2020-09-09 19:56:07,brandon.yu006@analytics.example.com
,PAY-202009-00000003876,ORD-202009-0000001543,CUST-0000149587,2020-09-18 10:39:33,PayPal,Success,2003.61,EUR,FRA,Europe,,false,2020-09-18 10:39:33,patrick.gonzalez035@dataops.example.com
,PAY-202009-00000003877,ORD-202009-0000003683,CUST-0000146618,2020-09-06 01:46:42,Debit Card,Success,3421.95,AUD,AUS,Oceania,,false,2020-09-06 01:46:42,adam.gordon030@commerce.example.com
,PAY-202009-00000003878,ORD-202009-0000006509,CUST-0000152026,2020-09-26 10:29:46,Gift Card,Success,1662.52,JPY,JPN,Asia,,false,2020-09-26 10:29:46,stephen.daniels076@commerce.example.com
,PAY-202009-00000003879,ORD-202009-0000002189,CUST-0000146432,2020-09-25 11:33:09,Google Pay,Success,2828.03,SGD,SGP,Asia,,false,2020-09-25 11:33:09,andrea.cummings039@platform.example.com
,PAY-202009-00000003880,ORD-202009-0000002443,CUST-0000139907,2020-09-17 21:43:06,Bank Transfer,Success,2571.24,EUR,ESP,Europe,,false,2020-09-17 21:43:06,micheal.chen050@dataops.example.com
,PAY-202009-00000003881,ORD-202009-0000002273,CUST-0000149637,2020-09-28 08:41:40,Apple Pay,Success,2628.33,EUR,FRA,Europe,,false,2020-09-28 08:41:40,timothy.cannon081@analytics.example.com
,PAY-202009-00000003882,ORD-202009-0000002898,CUST-0000148437,2020-09-05 13:41:51,Phonepe,Success,2691.37,MXN,MEX,North America,,false,2020-09-05 13:41:51,micheal.chen050@dataops.example.com
,PAY-202009-00000003883,ORD-202009-0000000141,CUST-0000138389,2020-09-10 07:16:51,Gift Card,Success,522.48,INR,IND,Asia,,false,2020-09-10 07:16:51,joseph.johnson049@dataops.example.com
,PAY-202009-00000003884,ORD-202009-0000005563,CUST-0000144316,2020-09-21 09:23:56,Apple Pay,Success,445.63,EUR,NLD,Europe,,false,2020-09-21 09:23:56,patrick.gonzalez035@dataops.example.com
,PAY-202009-00000003885,ORD-202009-0000001050,CUST-0000153641,2020-09-08 22:07:55,Apple Pay,Success,1732.18,EUR,NLD,Europe,,false,2020-09-08 22:07:55,taylor.cunningham023@commerce.example.com
,PAY-202009-00000003886,ORD-202009-0000005433,CUST-0000144089,2020-09-03 21:03:02,Apple Pay,Success,83.43,AUD,AUS,Oceania,,false,2020-09-03 21:03:02,megan.cunningham013@commerce.example.com
,PAY-202009-00000003887,ORD-202009-0000002770,CUST-0000135851,2020-09-18 09:35:24,Debit Card,Success,3434.27,EUR,DEU,Europe,,false,2020-09-18 09:35:24,timothy.cameron104@commerce.example.com
,PAY-202009-00000003888,ORD-202009-0000001873,CUST-0000149567,2020-09-02 03:52:44,Phonepe,Success,3126.33,USD,USA,North America,,false,2020-09-02 03:52:44,david.cabrera119@dataops.example.com
,PAY-202009-00000003889,ORD-202009-0000002799,CUST-0000149458,2020-09-21 01:06:21,PayPal,Success,2629.8,JPY,JPN,Asia,,false,2020-09-21 01:06:21,adam.gordon030@commerce.example.com
,PAY-202009-00000003890,ORD-202009-0000005396,CUST-0000139647,2020-09-26 04:59:14,Phonepe,Success,304.25,USD,USA,North America,,false,2020-09-26 04:59:14,brandon.yu006@analytics.example.com
,PAY-202009-00000003891,ORD-202009-0000001886,CUST-0000139883,2020-09-09 06:53:47,Debit Card,Success,470.43,EUR,FRA,Europe,,false,2020-09-09 06:53:47,susan.rice083@commerce.example.com
,PAY-202009-00000003892,ORD-202009-0000004482,CUST-0000152999,2020-09-20 11:13:23,Buy Now Pay Later,Failed,3463.43,EUR,NLD,Europe,Card declined,false,2020-09-20 11:13:23,jennifer.hudson020@analytics.example.com
,PAY-202009-00000003893,ORD-202009-0000004805,CUST-0000137895,2020-09-20 13:12:31,PayPal,Success,3229.51,INR,IND,Asia,,false,2020-09-20 13:12:31,micheal.hall064@dataops.example.com
,PAY-202009-00000003894,ORD-202009-0000004070,CUST-0000152911,2020-09-09 11:56:10,Debit Card,Success,281.46,EUR,NLD,Europe,,false,2020-09-09 11:56:10,michael.johnson061@platform.example.com
,PAY-202009-00000003895,ORD-202009-0000000163,CUST-0000137126,2020-09-20 05:39:31,Phonepe,Success,3444.49,JPY,JPN,Asia,,false,2020-09-20 05:39:31,jennifer.bauer068@analytics.example.com
,PAY-202009-00000003896,ORD-202009-0000003727,CUST-0000138719,2020-09-04 12:51:53,Paytm,Success,1027.2,EUR,FRA,Europe,,false,2020-09-04 12:51:53,ryan.steele043@commerce.example.com
,PAY-202009-00000003897,ORD-202009-0000002543,CUST-0000152773,2020-09-06 10:11:16,Phonepe,Success,3149.9,JPY,JPN,Asia,,false,2020-09-06 10:11:16,john.mullins109@commerce.example.com
,PAY-202009-00000003898,ORD-202009-0000000777,CUST-0000149010,2020-09-25 02:11:54,Buy Now Pay Later,Success,627.38,AUD,AUS,Oceania,,false,2020-09-25 02:11:54,michael.johnson061@platform.example.com
,PAY-202009-00000003899,ORD-202009-0000003337,CUST-0000134469,2020-09-01 10:36:32,PayPal,Success,1854.04,EUR,NLD,Europe,,false,2020-09-01 10:36:32,susan.rice083@commerce.example.com
,PAY-202009-00000003900,ORD-202009-0000003934,CUST-0000143521,2020-09-26 17:55:13,Bank Transfer,Success,1306.17,INR,IND,Asia,,false,2020-09-26 17:55:13,john.mullins109@commerce.example.com
,PAY-202009-00000003901,ORD-202009-0000005316,CUST-0000141464,2020-09-09 09:57:13,Paytm,Success,708.28,BRL,BRA,South America,,false,2020-09-09 09:57:13,jennifer.hudson020@analytics.example.com
,PAY-202009-00000003902,ORD-202009-0000004737,CUST-0000139535,2020-09-06 09:08:57,Phonepe,Success,3497.88,EUR,ITA,Europe,,false,2020-09-06 09:08:57,victor.palmer071@platform.example.com
,PAY-202009-00000003903,ORD-202009-0000002425,CUST-0000135518,2020-09-15 20:13:05,PayPal,Success,1838.83,EUR,FRA,Europe,,false,2020-09-15 20:13:05,jennifer.bauer068@analytics.example.com
,PAY-202009-00000003904,ORD-202009-0000006109,CUST-0000149223,2020-09-29 20:34:14,Phonepe,Success,1340.21,EUR,ITA,Europe,,false,2020-09-29 20:34:14,eric.horton058@analytics.example.com
,PAY-202009-00000003905,ORD-202009-0000004060,CUST-0000142518,2020-09-14 19:42:36,Credit Card,Success,1768.63,GBP,GBR,Europe,,false,2020-09-14 19:42:36,patrick.gonzalez035@dataops.example.com
,PAY-202009-00000003906,ORD-202009-0000004647,CUST-0000149101,2020-09-07 06:32:31,Buy Now Pay Later,Success,2681.04,SGD,SGP,Asia,,false,2020-09-07 06:32:31,timothy.cameron104@commerce.example.com
,PAY-202009-00000003907,ORD-202009-0000001794,CUST-0000143683,2020-09-12 17:47:40,Paytm,Failed,2009.99,CAD,CAN,North America,Card declined,false,2020-09-12 17:47:40,tina.williams074@commerce.example.com
,PAY-202009-00000003908,ORD-202009-0000003706,CUST-0000148912,2020-09-15 08:46:16,PayPal,Success,3425.33,AED,ARE,Asia,,false,2020-09-15 08:46:16,taylor.cunningham023@commerce.example.com
,PAY-202009-00000003909,ORD-202009-0000000141,CUST-0000151190,2020-09-25 13:42:44,Phonepe,Success,326.93,EUR,NLD,Europe,,false,2020-09-25 13:42:44,eric.mullen052@dataops.example.com
,PAY-202009-00000003910,ORD-202009-0000000915,CUST-0000146300,2020-09-18 13:06:11,Google Pay,Success,1592.82,AED,ARE,Asia,,false,2020-09-18 13:06:11,joseph.johnson049@dataops.example.com
,PAY-202009-00000003911,ORD-202009-0000006194,CUST-0000134689,2020-09-26 03:11:07,Paytm,Success,1291.69,EUR,ITA,Europe,,false,2020-09-26 03:11:07,peter.martinez098@platform.example.com
,PAY-202009-00000003912,ORD-202009-0000006541,CUST-0000134995,2020-09-14 23:47:11,Gift Card,Success,494.13,EUR,ESP,Europe,,false,2020-09-14 23:47:11,micheal.chen050@dataops.example.com
,PAY-202009-00000003913,ORD-202009-0000005994,CUST-0000146579,2020-09-13 20:43:29,Apple Pay,Success,1102.32,EUR,DEU,Europe,,false,2020-09-13 20:43:29,eric.horton058@analytics.example.com
,PAY-202009-00000003914,ORD-202009-0000002069,CUST-0000134982,2020-09-25 05:12:39,Bank Transfer,Success,20.02,EUR,DEU,Europe,,false,2020-09-25 05:12:39,stephen.daniels076@commerce.example.com
,PAY-202009-00000003915,ORD-202009-0000001624,CUST-0000140811,2020-09-20 07:31:07,Gift Card,Success,1768.61,EUR,DEU,Europe,,false,2020-09-20 07:31:07,john.mullins109@commerce.example.com
,PAY-202009-00000003916,ORD-202009-0000003503,CUST-0000147183,2020-09-28 19:31:04,Gift Card,Success,509.13,EUR,ITA,Europe,,false,2020-09-28 19:31:04,victor.palmer071@platform.example.com
,PAY-202009-00000003917,ORD-202009-0000005948,CUST-0000146313,2020-09-15 09:51:20,Paytm,Success,2394.85,EUR,FRA,Europe,,false,2020-09-15 09:51:20,alyssa.richards002@commerce.example.com
,PAY-202009-00000003918,ORD-202009-0000003661,CUST-0000136456,2020-09-17 05:18:05,PayPal,Success,1995.71,BRL,BRA,South America,,false,2020-09-17 05:18:05,alyssa.richards002@commerce.example.com
,PAY-202009-00000003919,ORD-202009-0000005203,CUST-0000151972,2020-09-25 09:57:25,Credit Card,Success,3381.03,BRL,BRA,South America,,false,2020-09-25 09:57:25,michael.johnson061@platform.example.com
,PAY-202009-00000003920,ORD-202009-0000004571,CUST-0000137386,2020-09-02 02:18:09,Credit Card,Success,2743.99,EUR,DEU,Europe,,false,2020-09-02 02:18:09,ryan.steele043@commerce.example.com
,PAY-202009-00000003921,ORD-202009-0000004189,CUST-0000140202,2020-09-15 08:04:58,PayPal,Success,649.4,MXN,MEX,North America,,false,2020-09-15 08:04:58,maria.ashley046@analytics.example.com
,PAY-202009-00000003922,ORD-202009-0000000047,CUST-0000144687,2020-09-07 17:07:14,Google Pay,Success,1217.82,USD,USA,North America,,false,2020-09-07 17:07:14,michelle.bender024@analytics.example.com
,PAY-202009-00000003923,ORD-202009-0000000111,CUST-0000138040,2020-09-16 20:27:21,PayPal,Success,2510.85,EUR,ITA,Europe,,false,2020-09-16 20:27:21,maria.ashley046@analytics.example.com
,PAY-202009-00000003924,ORD-202009-0000004248,CUST-0000141130,2020-09-08 04:52:30,Paytm,Success,611.7,JPY,JPN,Asia,,false,2020-09-08 04:52:30,ashley.marks069@commerce.example.com
,PAY-202009-00000003925,ORD-202009-0000002488,CUST-0000141593,2020-09-24 05:46:38,Buy Now Pay Later,Success,1639.21,EUR,NLD,Europe,,false,2020-09-24 05:46:38,victor.palmer071@platform.example.com
,PAY-202009-00000003926,ORD-202009-0000001360,CUST-0000150754,2020-09-05 01:04:22,PayPal,Success,2625.84,AED,ARE,Asia,,false,2020-09-05 01:04:22,michelle.sims041@analytics.example.com
,PAY-202009-00000003927,ORD-202009-0000001978,CUST-0000139395,2020-09-15 11:18:46,Debit Card,Success,116.5,EUR,DEU,Europe,,false,2020-09-15 11:18:46,taylor.cunningham023@commerce.example.com
,PAY-202009-00000003928,ORD-202009-0000001767,CUST-0000136214,2020-09-08 02:46:29,Debit Card,Success,2443.8,EUR,ESP,Europe,,false,2020-09-08 02:46:29,micheal.chen050@dataops.example.com
,PAY-202009-00000003929,ORD-202009-0000004202,CUST-0000143255,2020-09-11 03:27:22,Apple Pay,Success,1107.5,USD,USA,North America,,false,2020-09-11 03:27:22,ryan.steele043@commerce.example.com
,PAY-202009-00000003930,ORD-202009-0000001073,CUST-0000142143,2020-09-20 23:21:57,Credit Card,Success,2299.47,EUR,NLD,Europe,,false,2020-09-20 23:21:57,micheal.chen050@dataops.example.com
,PAY-202009-00000003931,ORD-202009-0000005174,CUST-0000153982,2020-09-21 18:12:44,Credit Card,Success,1648.57,EUR,NLD,Europe,,false,2020-09-21 18:12:44,eric.mullen052@dataops.example.com
,PAY-202009-00000003932,ORD-202009-0000000583,CUST-0000143634,2020-09-24 04:54:54,Paytm,Success,1979.39,INR,IND,Asia,,false,2020-09-24 04:54:54,michelle.bender024@analytics.example.com
,PAY-202009-00000003933,ORD-202009-0000000329,CUST-0000142477,2020-09-22 15:49:25,Apple Pay,Success,3237.77,GBP,GBR,Europe,,false,2020-09-22 15:49:25,michelle.bender024@analytics.example.com
,PAY-202009-00000003934,ORD-202009-0000006215,CUST-0000142483,2020-09-14 21:24:31,Gift Card,Success,2866.88,MXN,MEX,North America,,false,2020-09-14 21:24:31,victor.palmer071@platform.example.com
,PAY-202009-00000003935,ORD-202009-0000003047,CUST-0000143394,2020-09-13 17:56:21,Paytm,Success,2778.7,EUR,ITA,Europe,,false,2020-09-13 17:56:21,timothy.cannon081@analytics.example.com
,PAY-202009-00000003936,ORD-202009-0000000709,CUST-0000139608,2020-09-01 22:16:58,Credit Card,Success,1548.65,EUR,ITA,Europe,,false,2020-09-01 22:16:58,tina.williams074@commerce.example.com
,PAY-202009-00000003937,ORD-202009-0000006144,CUST-0000143490,2020-09-20 21:48:10,PayPal,Success,2868.02,MXN,MEX,North America,,false,2020-09-20 21:48:10,jeffery.miller012@commerce.example.com
,PAY-202009-00000003938,ORD-202009-0000004497,CUST-0000148679,2020-09-05 00:29:17,Paytm,Success,2338.21,EUR,ESP,Europe,,false,2020-09-05 00:29:17,timothy.cameron104@commerce.example.com
,PAY-202009-00000003939,ORD-202009-0000002170,CUST-0000136309,2020-09-02 04:33:20,Debit Card,Success,179.64,AUD,AUS,Oceania,,false,2020-09-02 04:33:20,eric.horton058@analytics.example.com
,PAY-202009-00000003940,ORD-202009-0000004188,CUST-0000140086,2020-09-10 19:02:50,Gift Card,Success,3421.65,CAD,CAN,North America,,false,2020-09-10 19:02:50,timothy.cameron104@commerce.example.com
,PAY-202009-00000003941,ORD-202009-0000002136,CUST-0000143726,2020-09-28 19:39:11,PayPal,Success,2282.92,MXN,MEX,North America,,false,2020-09-28 19:39:11,stephen.clark001@analytics.example.com
,PAY-202009-00000003942,ORD-202009-0000003643,CUST-0000146852,2020-09-10 01:19:12,Google Pay,Success,1318.52,SGD,SGP,Asia,,false,2020-09-10 01:19:12,eric.horton058@analytics.example.com
,PAY-202009-00000003943,ORD-202009-0000001516,CUST-0000134511,2020-09-30 08:13:20,Buy Now Pay Later,Success,3274.03,USD,USA,North America,,false,2020-09-30 08:13:20,patrick.gonzalez035@dataops.example.com
,PAY-202009-00000003944,ORD-202009-0000001513,CUST-0000147489,2020-09-12 20:30:00,Buy Now Pay Later,Success,1789.57,EUR,FRA,Europe,,false,2020-09-12 20:30:00,eric.horton058@analytics.example.com
,PAY-202009-00000003945,ORD-202009-0000005471,CUST-0000137396,2020-09-02 23:26:32,Bank Transfer,Success,1677.87,INR,IND,Asia,,false,2020-09-02 23:26:32,micheal.hall064@dataops.example.com
,PAY-202009-00000003946,ORD-202009-0000003352,CUST-0000142153,2020-09-18 08:50:13,Phonepe,Success,377.6,GBP,GBR,Europe,,false,2020-09-18 08:50:13,stephen.clark001@analytics.example.com
,PAY-202009-00000003947,ORD-202009-0000000079,CUST-0000134727,2020-09-12 13:09:09,Paytm,Success,2917.22,SGD,SGP,Asia,,false,2020-09-12 13:09:09,victor.palmer071@platform.example.com
,PAY-202009-00000003948,ORD-202009-0000002285,CUST-0000148471,2020-09-02 10:05:17,Credit Card,Success,3021.93,AUD,AUS,Oceania,,false,2020-09-02 10:05:17,megan.cunningham013@commerce.example.com
,PAY-202009-00000003949,ORD-202009-0000004148,CUST-0000143938,2020-09-10 05:53:10,Credit Card,Success,457.45,CAD,CAN,North America,,false,2020-09-10 05:53:10,micheal.hall064@dataops.example.com
,PAY-202009-00000003950,ORD-202009-0000001264,CUST-0000136651,2020-09-10 06:48:29,Credit Card,Success,957.6,SGD,SGP,Asia,,false,2020-09-10 06:48:29,megan.cunningham013@commerce.example.com
,PAY-202009-00000003951,ORD-202009-0000004376,CUST-0000149700,2020-09-02 04:13:08,Apple Pay,Success,1431.14,EUR,DEU,Europe,,false,2020-09-02 04:13:08,kelsey.taylor010@platform.example.com
,PAY-202009-00000003952,ORD-202009-0000001079,CUST-0000134431,2020-09-18 07:18:56,Apple Pay,Success,1380.25,AUD,AUS,Oceania,,false,2020-09-18 07:18:56,stephen.daniels076@commerce.example.com
,PAY-202009-00000003953,ORD-202009-0000000324,CUST-0000148463,2020-09-09 08:20:24,Apple Pay,Success,2512.05,EUR,DEU,Europe,,false,2020-09-09 08:20:24,micheal.hall064@dataops.example.com
,PAY-202009-00000003954,ORD-202009-0000000380,CUST-0000134833,2020-09-16 16:12:32,Apple Pay,Success,3395.87,INR,IND,Asia,,false,2020-09-16 16:12:32,maria.ashley046@analytics.example.com
,PAY-202009-00000003955,ORD-202009-0000003504,CUST-0000141293,2020-09-15 15:26:19,Gift Card,Success,1042.81,EUR,FRA,Europe,,false,2020-09-15 15:26:19,stephen.daniels076@commerce.example.com
,PAY-202009-00000003956,ORD-202009-0000006136,CUST-0000140457,2020-09-26 04:24:13,Google Pay,Success,302.43,INR,IND,Asia,,false,2020-09-26 04:24:13,joseph.johnson049@dataops.example.com
,PAY-202009-00000003957,ORD-202009-0000002930,CUST-0000152619,2020-09-27 11:07:04,Credit Card,Success,1540.05,EUR,FRA,Europe,,false,2020-09-27 11:07:04,adam.gordon030@commerce.example.com
,PAY-202009-00000003958,ORD-202009-0000002312,CUST-0000141642,2020-09-27 08:07:20,Credit Card,Success,3160.37,EUR,ESP,Europe,,false,2020-09-27 08:07:20,andrea.cummings039@platform.example.com
,PAY-202009-00000003959,ORD-202009-0000006543,CUST-0000142085,2020-09-24 10:03:17,Gift Card,Success,1061.87,JPY,JPN,Asia,,false,2020-09-24 10:03:17,adam.gordon030@commerce.example.com
,PAY-202009-00000003960,ORD-202009-0000000722,CUST-0000149801,2020-09-03 18:11:52,Phonepe,Success,2372.57,INR,IND,Asia,,false,2020-09-03 18:11:52,michelle.sims041@analytics.example.com
,PAY-202009-00000003961,ORD-202009-0000003045,CUST-0000151955,2020-09-18 22:48:07,PayPal,Success,1774.62,EUR,FRA,Europe,,false,2020-09-18 22:48:07,kelsey.taylor010@platform.example.com
,PAY-202009-00000003962,ORD-202009-0000000813,CUST-0000152169,2020-09-12 23:37:58,Phonepe,Success,2097.71,SGD,SGP,Asia,,false,2020-09-12 23:37:58,stephen.daniels076@commerce.example.com
,PAY-202009-00000003963,ORD-202009-0000002521,CUST-0000137525,2020-09-09 01:40:36,Gift Card,Failed,2349.75,INR,IND,Asia,Fraud check failed,false,2020-09-09 01:40:36,ryan.steele043@commerce.example.com
,PAY-202009-00000003964,ORD-202009-0000005932,CUST-0000142471,2020-09-07 02:25:01,PayPal,Success,1753.58,EUR,DEU,Europe,,false,2020-09-07 02:25:01,peter.martinez098@platform.example.com
,PAY-202009-00000003965,ORD-202009-0000001445,CUST-0000153670,2020-09-13 20:18:15,Apple Pay,Success,2669.43,INR,IND,Asia,,false,2020-09-13 20:18:15,jennifer.bauer068@analytics.example.com
,PAY-202009-00000003966,ORD-202009-0000000705,CUST-0000136141,2020-09-12 15:39:11,Buy Now Pay Later,Success,3259.35,AED,ARE,Asia,,false,2020-09-12 15:39:11,david.cabrera119@dataops.example.com
,PAY-202009-00000003967,ORD-202009-0000005372,CUST-0000150442,2020-09-30 00:45:00,Gift Card,Success,1090.18,EUR,ESP,Europe,,false,2020-09-30 00:45:00,david.cabrera119@dataops.example.com
,PAY-202009-00000003968,ORD-202009-0000002260,CUST-0000148493,2020-09-18 20:44:13,Buy Now Pay Later,Success,2678.11,AED,ARE,Asia,,false,2020-09-18 20:44:13,susan.rice083@commerce.example.com
,PAY-202009-00000003969,ORD-202009-0000002674,CUST-0000134774,2020-09-28 12:47:01,Gift Card,Success,36.59,CAD,CAN,North America,,false,2020-09-28 12:47:01,ashley.marks069@commerce.example.com
,PAY-202009-00000003970,ORD-202009-0000000102,CUST-0000153835,2020-09-19 11:13:46,Debit Card,Success,2008.11,EUR,DEU,Europe,,false,2020-09-19 11:13:46,david.cabrera119@dataops.example.com
,PAY-202009-00000003971,ORD-202009-0000005616,CUST-0000153687,2020-09-15 17:56:17,Debit Card,Success,81.99,EUR,ITA,Europe,,false,2020-09-15 17:56:17,maria.ashley046@analytics.example.com
,PAY-202009-00000003972,ORD-202009-0000003722,CUST-0000152365,2020-09-06 00:11:17,Paytm,Success,2178.79,EUR,NLD,Europe,,false,2020-09-06 00:11:17,brandi.carter038@dataops.example.com
,PAY-202009-00000003973,ORD-202009-0000005286,CUST-0000153478,2020-09-30 04:55:14,Google Pay,Success,1716.84,JPY,JPN,Asia,,false,2020-09-30 04:55:14,megan.cunningham013@commerce.example.com
,PAY-202009-00000003974,ORD-202009-0000001191,CUST-0000144283,2020-09-02 13:04:09,Credit Card,Success,2986.96,BRL,BRA,South America,,false,2020-09-02 13:04:09,jeffery.miller012@commerce.example.com
,PAY-202009-00000003975,ORD-202009-0000000037,CUST-0000142767,2020-09-25 01:09:31,Buy Now Pay Later,Success,2744.46,SGD,SGP,Asia,,false,2020-09-25 01:09:31,andrea.cummings039@platform.example.com
,PAY-202009-00000003976,ORD-202009-0000001671,CUST-0000142037,2020-09-23 08:33:00,Google Pay,Success,846.42,INR,IND,Asia,,false,2020-09-23 08:33:00,victor.palmer071@platform.example.com
,PAY-202009-00000003977,ORD-202009-0000006358,CUST-0000139489,2020-09-15 05:26:21,Gift Card,Success,1911.54,EUR,ITA,Europe,,false,2020-09-15 05:26:21,ryan.steele043@commerce.example.com
,PAY-202009-00000003978,ORD-202009-0000006381,CUST-0000142382,2020-09-18 08:06:18,Apple Pay,Success,138.33,EUR,NLD,Europe,,false,2020-09-18 08:06:18,kelsey.taylor010@platform.example.com
,PAY-202009-00000003979,ORD-202009-0000002703,CUST-0000154085,2020-09-30 06:06:45,Buy Now Pay Later,Success,1960.42,EUR,NLD,Europe,,false,2020-09-30 06:06:45,ashley.marks069@commerce.example.com
,PAY-202009-00000003980,ORD-202009-0000000842,CUST-0000149428,2020-09-12 06:45:22,Gift Card,Success,1322.65,CAD,CAN,North America,,false,2020-09-12 06:45:22,susan.rice083@commerce.example.com
,PAY-202009-00000003981,ORD-202009-0000000594,CUST-0000140563,2020-09-30 05:53:42,PayPal,Success,1447.63,EUR,ITA,Europe,,false,2020-09-30 05:53:42,brandi.carter038@dataops.example.com
,PAY-202009-00000003982,ORD-202009-0000002973,CUST-0000137269,2020-09-26 17:26:28,Phonepe,Success,1142.67,MXN,MEX,North America,,false,2020-09-26 17:26:28,joseph.johnson049@dataops.example.com
,PAY-202009-00000003983,ORD-202009-0000001634,CUST-0000138595,2020-09-08 13:29:29,Credit Card,Success,1810.55,CAD,CAN,North America,,false,2020-09-08 13:29:29,patrick.gonzalez035@dataops.example.com
,PAY-202009-00000003984,ORD-202009-0000004152,CUST-0000137159,2020-09-30 21:48:29,Paytm,Success,2024.46,GBP,GBR,Europe,,false,2020-09-30 21:48:29,brandi.carter038@dataops.example.com
,PAY-202009-00000003985,ORD-202009-0000000698,CUST-0000147049,2020-09-04 13:18:15,Apple Pay,Success,1486.72,INR,IND,Asia,,false,2020-09-04 13:18:15,michelle.sims041@analytics.example.com
,PAY-202009-00000003986,ORD-202009-0000005997,CUST-0000140723,2020-09-17 16:13:01,Buy Now Pay Later,Success,1122.27,SGD,SGP,Asia,,false,2020-09-17 16:13:01,timothy.cannon081@analytics.example.com
,PAY-202009-00000003987,ORD-202009-0000005395,CUST-0000135349,2020-09-26 06:28:21,Bank Transfer,Success,2291.76,CAD,CAN,North America,,false,2020-09-26 06:28:21,taylor.cunningham023@commerce.example.com
,PAY-202009-00000003988,ORD-202009-0000006542,CUST-0000142426,2020-09-17 00:02:03,Debit Card,Success,3038.5,MXN,MEX,North America,,false,2020-09-17 00:02:03,stephen.daniels076@commerce.example.com
,PAY-202009-00000003989,ORD-202009-0000001922,CUST-0000147770,2020-09-02 18:42:20,Buy Now Pay Later,Success,38.47,EUR,NLD,Europe,,false,2020-09-02 18:42:20,brandi.carter038@dataops.example.com
,PAY-202009-00000003990,ORD-202009-0000005983,CUST-0000141514,2020-09-12 21:16:13,Gift Card,Success,2168.79,INR,IND,Asia,,false,2020-09-12 21:16:13,stephen.clark001@analytics.example.com
,PAY-202009-00000003991,ORD-202009-0000001592,CUST-0000143898,2020-09-01 18:27:15,Bank Transfer,Success,2777.59,USD,USA,North America,,false,2020-09-01 18:27:15,michelle.bender024@analytics.example.com
,PAY-202009-00000003992,ORD-202009-0000006325,CUST-0000150767,2020-09-11 23:45:47,Paytm,Success,1180.98,AED,ARE,Asia,,false,2020-09-11 23:45:47,adam.gordon030@commerce.example.com
,PAY-202009-00000003993,ORD-202009-0000000746,CUST-0000144436,2020-09-03 06:37:36,PayPal,Failed,3161.76,EUR,FRA,Europe,Fraud check failed,false,2020-09-03 06:37:36,ryan.steele043@commerce.example.com
,PAY-202009-00000003994,ORD-202009-0000002810,CUST-0000139801,2020-09-20 13:52:58,Debit Card,Failed,2198.95,SGD,SGP,Asia,Fraud check failed,false,2020-09-20 13:52:58,maria.ashley046@analytics.example.com
,PAY-202009-00000003995,ORD-202009-0000004667,CUST-0000151983,2020-09-10 03:41:26,Phonepe,Success,1657.34,BRL,BRA,South America,,false,2020-09-10 03:41:26,john.mullins109@commerce.example.com
,PAY-202009-00000003996,ORD-202009-0000000930,CUST-0000152893,2020-09-29 09:02:18,Paytm,Success,1645.59,EUR,DEU,Europe,,false,2020-09-29 09:02:18,tina.williams074@commerce.example.com
,PAY-202009-00000003997,ORD-202009-0000006484,CUST-0000143675,2020-09-03 11:14:47,Phonepe,Success,2962.3,BRL,BRA,South America,,false,2020-09-03 11:14:47,maria.ashley046@analytics.example.com
,PAY-202009-00000003998,ORD-202009-0000001440,CUST-0000140965,2020-09-14 17:53:48,Buy Now Pay Later,Success,206.58,INR,IND,Asia,,false,2020-09-14 17:53:48,maria.ashley046@analytics.example.com
,PAY-202009-00000003999,ORD-202009-0000006229,CUST-0000136238,2020-09-28 22:36:52,Bank Transfer,Failed,576.99,INR,IND,Asia,Fraud check failed,false,2020-09-28 22:36:52,victor.palmer071@platform.example.com
,PAY-202009-00000004000,ORD-202009-0000004193,CUST-0000149424,2020-09-19 01:44:54,Google Pay,Success,72.36,GBP,GBR,Europe,,false,2020-09-19 01:44:54,maria.ashley046@analytics.example.com
,PAY-202009-00000004001,ORD-202009-0000001974,CUST-0000140913,2020-09-11 20:26:47,Google Pay,Success,1479.38,EUR,ESP,Europe,,false,2020-09-11 20:26:47,timothy.cannon081@analytics.example.com
,PAY-202009-00000004002,ORD-202009-0000000071,CUST-0000137243,2020-09-12 21:39:03,PayPal,Success,1597.12,SGD,SGP,Asia,,false,2020-09-12 21:39:03,james.proctor094@dataops.example.com
,PAY-202009-00000004003,ORD-202009-0000001469,CUST-0000151923,2020-09-16 10:33:51,Paytm,Success,1970.71,EUR,DEU,Europe,,false,2020-09-16 10:33:51,maria.ashley046@analytics.example.com
,PAY-202009-00000004004,ORD-202009-0000000795,CUST-0000136455,2020-09-04 05:44:44,Gift Card,Success,1255.06,JPY,JPN,Asia,,false,2020-09-04 05:44:44,adam.gordon030@commerce.example.com
,PAY-202009-00000004005,ORD-202009-0000000674,CUST-0000135592,2020-09-04 10:18:43,Debit Card,Pending,2612.39,AED,ARE,Asia,,false,2020-09-04 10:18:43,lance.williams029@platform.example.com
,PAY-202009-00000004006,ORD-202009-0000001195,CUST-0000140991,2020-09-04 06:00:45,Apple Pay,Success,2086.22,GBP,GBR,Europe,,false,2020-09-04 06:00:45,micheal.hall064@dataops.example.com
,PAY-202009-00000004007,ORD-202009-0000002310,CUST-0000135355,2020-09-02 22:19:34,Paytm,Success,2931.09,EUR,DEU,Europe,,false,2020-09-02 22:19:34,taylor.cunningham023@commerce.example.com
,PAY-202009-00000004008,ORD-202009-0000002672,CUST-0000152029,2020-09-05 21:29:22,Google Pay,Success,3114.89,EUR,NLD,Europe,,false,2020-09-05 21:29:22,micheal.hall064@dataops.example.com
,PAY-202009-00000004009,ORD-202009-0000004041,CUST-0000141571,2020-09-22 18:27:34,Paytm,Success,658.68,JPY,JPN,Asia,,false,2020-09-22 18:27:34,lance.williams029@platform.example.com
,PAY-202009-00000004010,ORD-202009-0000005751,CUST-0000144648,2020-09-19 12:07:05,Paytm,Success,3143.73,AED,ARE,Asia,,false,2020-09-19 12:07:05,james.proctor094@dataops.example.com
,PAY-202009-00000004011,ORD-202009-0000000739,CUST-0000144563,2020-09-22 08:59:47,Buy Now Pay Later,Success,311.45,USD,USA,North America,,false,2020-09-22 08:59:47,taylor.cunningham023@commerce.example.com
,PAY-202009-00000004012,ORD-202009-0000003119,CUST-0000149661,2020-09-25 18:12:12,Bank Transfer,Success,151.7,AED,ARE,Asia,,false,2020-09-25 18:12:12,stephen.clark001@analytics.example.com
,PAY-202009-00000004013,ORD-202009-0000002866,CUST-0000145157,2020-09-06 20:06:18,Google Pay,Success,1042.94,AUD,AUS,Oceania,,false,2020-09-06 20:06:18,timothy.cannon081@analytics.example.com
,PAY-202009-00000004014,ORD-202009-0000002290,CUST-0000144693,2020-09-23 09:11:22,Phonepe,Success,1243.39,AED,ARE,Asia,,false,2020-09-23 09:11:22,michelle.bender024@analytics.example.com
,PAY-202009-00000004015,ORD-202009-0000003911,CUST-0000149375,2020-09-30 07:32:55,Google Pay,Success,3047.5,SGD,SGP,Asia,,false,2020-09-30 07:32:55,micheal.chen050@dataops.example.com
,PAY-202009-00000004016,ORD-202009-0000003914,CUST-0000145055,2020-09-13 23:44:06,Google Pay,Success,999.95,EUR,ITA,Europe,,false,2020-09-13 23:44:06,brandi.carter038@dataops.example.com
,PAY-202009-00000004017,ORD-202009-0000006335,CUST-0000149816,2020-09-29 07:36:04,Debit Card,Success,812.8,EUR,FRA,Europe,,false,2020-09-29 07:36:04,michelle.bender024@analytics.example.com
,PAY-202009-00000004018,ORD-202009-0000003098,CUST-0000139730,2020-09-09 00:37:05,Google Pay,Success,912.29,EUR,ESP,Europe,,false,2020-09-09 00:37:05,brandi.carter038@dataops.example.com
,PAY-202009-00000004019,ORD-202009-0000000817,CUST-0000134846,2020-09-25 13:51:41,PayPal,Success,2167.25,MXN,MEX,North America,,false,2020-09-25 13:51:41,eric.horton058@analytics.example.com
,PAY-202009-00000004020,ORD-202009-0000006394,CUST-0000145155,2020-09-08 03:14:10,Credit Card,Success,53.14,CAD,CAN,North America,,false,2020-09-08 03:14:10,kelsey.taylor010@platform.example.com
,PAY-202009-00000004021,ORD-202009-0000005386,CUST-0000145948,2020-09-05 16:06:16,Apple Pay,Success,3362.39,EUR,DEU,Europe,,false,2020-09-05 16:06:16,stephen.clark001@analytics.example.com
,PAY-202009-00000004022,ORD-202009-0000006027,CUST-0000144887,2020-09-18 11:34:36,Apple Pay,Success,754.38,USD,USA,North America,,false,2020-09-18 11:34:36,stephen.daniels076@commerce.example.com
,PAY-202009-00000004023,ORD-202009-0000003559,CUST-0000142184,2020-09-05 15:35:47,Google Pay,Success,2801.44,EUR,DEU,Europe,,false,2020-09-05 15:35:47,ashley.marks069@commerce.example.com
,PAY-202009-00000004024,ORD-202009-0000006028,CUST-0000151989,2020-09-02 19:10:20,Apple Pay,Success,201.3,EUR,FRA,Europe,,false,2020-09-02 19:10:20,eric.horton058@analytics.example.com
,PAY-202009-00000004025,ORD-202009-0000002795,CUST-0000142769,2020-09-13 14:32:37,Phonepe,Refunded,1379.38,MXN,MEX,North America,,true,2020-09-13 14:32:37,adam.gordon030@commerce.example.com
,PAY-202009-00000004026,ORD-202009-0000004978,CUST-0000135054,2020-09-23 00:04:25,Paytm,Success,3276.56,EUR,FRA,Europe,,false,2020-09-23 00:04:25,lance.williams029@platform.example.com
,PAY-202009-00000004027,ORD-202009-0000000047,CUST-0000145071,2020-09-14 23:11:00,Gift Card,Success,1002.95,AED,ARE,Asia,,false,2020-09-14 23:11:00,megan.cunningham013@commerce.example.com
,PAY-202009-00000004028,ORD-202009-0000003223,CUST-0000141748,2020-09-05 22:41:30,Paytm,Success,1049.12,CAD,CAN,North America,,false,2020-09-05 22:41:30,timothy.cameron104@commerce.example.com
,PAY-202009-00000004029,ORD-202009-0000002443,CUST-0000140494,2020-09-04 05:48:50,Phonepe,Failed,770.27,EUR,ITA,Europe,Invalid CVV,false,2020-09-04 05:48:50,susan.rice083@commerce.example.com
,PAY-202009-00000004030,ORD-202009-0000000556,CUST-0000140216,2020-09-11 22:08:02,Gift Card,Success,2340.88,EUR,ESP,Europe,,false,2020-09-11 22:08:02,eric.mullen052@dataops.example.com
,PAY-202009-00000004031,ORD-202009-0000001112,CUST-0000136684,2020-09-15 02:59:42,Debit Card,Success,1683.82,EUR,DEU,Europe,,false,2020-09-15 02:59:42,adam.gordon030@commerce.example.com
,PAY-202009-00000004032,ORD-202009-0000000545,CUST-0000145065,2020-09-21 08:22:40,Debit Card,Success,1034.16,MXN,MEX,North America,,false,2020-09-21 08:22:40,david.cabrera119@dataops.example.com
,PAY-202009-00000004033,ORD-202009-0000002472,CUST-0000146782,2020-09-16 15:21:15,Credit Card,Success,2455.17,EUR,NLD,Europe,,false,2020-09-16 15:21:15,taylor.cunningham023@commerce.example.com
,PAY-202009-00000004034,ORD-202009-0000005279,CUST-0000143650,2020-09-30 08:42:56,PayPal,Refunded,2242.05,USD,USA,North America,,true,2020-09-30 08:42:56,eric.mullen052@dataops.example.com
,PAY-202009-00000004035,ORD-202009-0000002738,CUST-0000147411,2020-09-18 17:56:08,Debit Card,Success,613.32,EUR,DEU,Europe,,false,2020-09-18 17:56:08,brandi.carter038@dataops.example.com
,PAY-202009-00000004036,ORD-202009-0000002144,CUST-0000145372,2020-09-28 12:02:55,PayPal,Success,3214.67,EUR,NLD,Europe,,false,2020-09-28 12:02:55,michael.johnson061@platform.example.com
,PAY-202009-00000004037,ORD-202009-0000005194,CUST-0000150330,2020-09-25 16:47:59,Phonepe,Success,1271.35,AUD,AUS,Oceania,,false,2020-09-25 16:47:59,andrea.cummings039@platform.example.com
,PAY-202009-00000004038,ORD-202009-0000001974,CUST-0000146578,2020-09-26 11:15:45,Phonepe,Success,190.57,EUR,ITA,Europe,,false,2020-09-26 11:15:45,micheal.hall064@dataops.example.com
,PAY-202009-00000004039,ORD-202009-0000004367,CUST-0000149541,2020-09-08 21:38:47,Apple Pay,Success,2392.96,MXN,MEX,North America,,false,2020-09-08 21:38:47,micheal.hall064@dataops.example.com
,PAY-202009-00000004040,ORD-202009-0000005357,CUST-0000144826,2020-09-24 15:33:13,Apple Pay,Success,2830.7,SGD,SGP,Asia,,false,2020-09-24 15:33:13,timothy.cannon081@analytics.example.com
,PAY-202009-00000004041,ORD-202009-0000005765,CUST-0000147399,2020-09-20 06:28:46,PayPal,Success,1468.44,EUR,DEU,Europe,,false,2020-09-20 06:28:46,michael.berger060@platform.example.com
,PAY-202009-00000004042,ORD-202009-0000003939,CUST-0000151137,2020-09-27 12:46:24,Buy Now Pay Later,Success,2813.15,INR,IND,Asia,,false,2020-09-27 12:46:24,james.proctor094@dataops.example.com
,PAY-202009-00000004043,ORD-202009-0000000900,CUST-0000136526,2020-09-15 12:51:27,Phonepe,Success,1058.41,INR,IND,Asia,,false,2020-09-15 12:51:27,jennifer.bauer068@analytics.example.com
,PAY-202009-00000004044,ORD-202009-0000003970,CUST-0000148985,2020-09-25 00:25:41,Buy Now Pay Later,Success,2458.1,EUR,FRA,Europe,,false,2020-09-25 00:25:41,david.cabrera119@dataops.example.com
,PAY-202009-00000004045,ORD-202009-0000001293,CUST-0000148001,2020-09-21 17:13:33,Buy Now Pay Later,Success,920.44,CAD,CAN,North America,,false,2020-09-21 17:13:33,brandon.yu006@analytics.example.com
,PAY-202009-00000004046,ORD-202009-0000005581,CUST-0000148409,2020-09-21 17:44:59,Buy Now Pay Later,Success,3188.03,EUR,DEU,Europe,,false,2020-09-21 17:44:59,timothy.cameron104@commerce.example.com
,PAY-202009-00000004047,ORD-202009-0000001185,CUST-0000139439,2020-09-24 13:08:48,Google Pay,Success,2588.96,BRL,BRA,South America,,false,2020-09-24 13:08:48,brandi.carter038@dataops.example.com
,PAY-202009-00000004048,ORD-202009-0000000640,CUST-0000151452,2020-09-11 06:47:06,Debit Card,Success,1263.03,EUR,NLD,Europe,,false,2020-09-11 06:47:06,brandon.yu006@analytics.example.com
,PAY-202009-00000004049,ORD-202009-0000000701,CUST-0000146105,2020-09-16 02:10:27,Paytm,Success,3242.1,EUR,ITA,Europe,,false,2020-09-16 02:10:27,tina.williams074@commerce.example.com
,PAY-202009-00000004050,ORD-202009-0000002830,CUST-0000140064,2020-09-08 06:08:03,Buy Now Pay Later,Success,1653.92,JPY,JPN,Asia,,false,2020-09-08 06:08:03,stephen.daniels076@commerce.example.com
,PAY-202009-00000004051,ORD-202009-0000005294,CUST-0000136521,2020-09-07 06:31:09,PayPal,Success,1056.84,CAD,CAN,North America,,false,2020-09-07 06:31:09,james.proctor094@dataops.example.com
,PAY-202009-00000004052,ORD-202009-0000002951,CUST-0000140613,2020-09-21 20:45:04,Credit Card,Success,2457.04,JPY,JPN,Asia,,false,2020-09-21 20:45:04,alyssa.richards002@commerce.example.com
,PAY-202009-00000004053,ORD-202009-0000004173,CUST-0000150025,2020-09-14 18:51:41,Gift Card,Success,2955.07,MXN,MEX,North America,,false,2020-09-14 18:51:41,james.proctor094@dataops.example.com
,PAY-202009-00000004054,ORD-202009-0000003800,CUST-0000150067,2020-09-07 20:38:59,Apple Pay,Success,1634.82,AUD,AUS,Oceania,,false,2020-09-07 20:38:59,lance.williams029@platform.example.com
,PAY-202009-00000004055,ORD-202009-0000003320,CUST-0000144922,2020-09-08 00:02:44,Debit Card,Success,1086.73,EUR,DEU,Europe,,false,2020-09-08 00:02:44,kelsey.taylor010@platform.example.com
,PAY-202009-00000004056,ORD-202009-0000002133,CUST-0000145523,2020-09-29 10:57:23,Buy Now Pay Later,Refunded,2940.52,EUR,DEU,Europe,,true,2020-09-29 10:57:23,brandi.carter038@dataops.example.com
,PAY-202009-00000004057,ORD-202009-0000002913,CUST-0000134753,2020-09-19 15:14:42,Credit Card,Success,3406.17,EUR,ITA,Europe,,false,2020-09-19 15:14:42,megan.cunningham013@commerce.example.com
,PAY-202009-00000004058,ORD-202009-0000005240,CUST-0000143212,2020-09-29 03:22:45,Paytm,Failed,1402.26,EUR,ESP,Europe,Network timeout,false,2020-09-29 03:22:45,susan.rice083@commerce.example.com
,PAY-202009-00000004059,ORD-202009-0000000613,CUST-0000145408,2020-09-03 08:49:23,Phonepe,Success,445.91,USD,USA,North America,,false,2020-09-03 08:49:23,john.mullins109@commerce.example.com
,PAY-202009-00000004060,ORD-202009-0000001857,CUST-0000138516,2020-09-19 03:03:23,Gift Card,Success,497.39,AUD,AUS,Oceania,,false,2020-09-19 03:03:23,michelle.bender024@analytics.example.com
,PAY-202009-00000004061,ORD-202009-0000005418,CUST-0000135177,2020-09-03 03:29:45,Paytm,Success,1487.07,AUD,AUS,Oceania,,false,2020-09-03 03:29:45,maria.ashley046@analytics.example.com
,PAY-202009-00000004062,ORD-202009-0000003048,CUST-0000152239,2020-09-05 12:37:42,Apple Pay,Success,1746.5,EUR,FRA,Europe,,false,2020-09-05 12:37:42,adam.gordon030@commerce.example.com
,PAY-202009-00000004063,ORD-202009-0000003466,CUST-0000140210,2020-09-18 04:13:32,Buy Now Pay Later,Success,1364.22,EUR,NLD,Europe,,false,2020-09-18 04:13:32,stephen.daniels076@commerce.example.com
,PAY-202009-00000004064,ORD-202009-0000005990,CUST-0000135313,2020-09-17 20:56:38,Apple Pay,Success,897.88,CAD,CAN,North America,,false,2020-09-17 20:56:38,brandon.yu006@analytics.example.com
,PAY-202009-00000004065,ORD-202009-0000004726,CUST-0000146375,2020-09-30 08:18:27,Credit Card,Success,702.37,AED,ARE,Asia,,false,2020-09-30 08:18:27,michael.berger060@platform.example.com
,PAY-202009-00000004066,ORD-202009-0000005515,CUST-0000135255,2020-09-17 13:45:38,PayPal,Success,2734.23,INR,IND,Asia,,false,2020-09-17 13:45:38,micheal.chen050@dataops.example.com
,PAY-202009-00000004067,ORD-202009-0000005207,CUST-0000142991,2020-09-23 01:51:38,Apple Pay,Success,3486.17,EUR,ITA,Europe,,false,2020-09-23 01:51:38,stephen.clark001@analytics.example.com
,PAY-202009-00000004068,ORD-202009-0000004748,CUST-0000137403,2020-09-27 17:13:50,Apple Pay,Success,1522.98,EUR,NLD,Europe,,false,2020-09-27 17:13:50,patrick.gonzalez035@dataops.example.com
,PAY-202009-00000004069,ORD-202009-0000001996,CUST-0000146048,2020-09-24 20:23:14,Google Pay,Success,490.86,AUD,AUS,Oceania,,false,2020-09-24 20:23:14,brandi.carter038@dataops.example.com
,PAY-202009-00000004070,ORD-202009-0000001652,CUST-0000148444,2020-09-24 13:37:33,Paytm,Success,2570.24,USD,USA,North America,,false,2020-09-24 13:37:33,ashley.marks069@commerce.example.com
,PAY-202009-00000004071,ORD-202009-0000005593,CUST-0000137684,2020-09-04 05:36:36,Debit Card,Success,645.71,GBP,GBR,Europe,,false,2020-09-04 05:36:36,micheal.hall064@dataops.example.com
,PAY-202009-00000004072,ORD-202009-0000003135,CUST-0000144153,2020-09-15 11:10:41,Buy Now Pay Later,Success,1044.76,EUR,NLD,Europe,,false,2020-09-15 11:10:41,brandon.yu006@analytics.example.com
,PAY-202009-00000004073,ORD-202009-0000001218,CUST-0000137591,2020-09-03 14:00:13,Phonepe,Success,2766.69,MXN,MEX,North America,,false,2020-09-03 14:00:13,john.mullins109@commerce.example.com
,PAY-202009-00000004074,ORD-202009-0000004754,CUST-0000137911,2020-09-10 18:24:42,Bank Transfer,Success,1919.3,MXN,MEX,North America,,false,2020-09-10 18:24:42,eric.horton058@analytics.example.com
,PAY-202009-00000004075,ORD-202009-0000005912,CUST-0000139208,2020-09-20 00:44:10,Debit Card,Success,465.1,JPY,JPN,Asia,,false,2020-09-20 00:44:10,michael.berger060@platform.example.com
,PAY-202009-00000004076,ORD-202009-0000000957,CUST-0000144165,2020-09-26 19:20:34,Apple Pay,Success,2638.23,MXN,MEX,North America,,false,2020-09-26 19:20:34,eric.mullen052@dataops.example.com
,PAY-202009-00000004077,ORD-202009-0000006098,CUST-0000140663,2020-09-12 01:29:28,Gift Card,Failed,3080.69,EUR,ITA,Europe,Insufficient funds,false,2020-09-12 01:29:28,susan.rice083@commerce.example.com
,PAY-202009-00000004078,ORD-202009-0000002205,CUST-0000149980,2020-09-03 11:43:26,Google Pay,Success,1902.44,AED,ARE,Asia,,false,2020-09-03 11:43:26,tina.williams074@commerce.example.com
,PAY-202009-00000004079,ORD-202009-0000005325,CUST-0000147160,2020-09-01 04:45:57,Gift Card,Success,292.56,SGD,SGP,Asia,,false,2020-09-01 04:45:57,jennifer.hudson020@analytics.example.com
,PAY-202009-00000004080,ORD-202009-0000000811,CUST-0000138424,2020-09-07 08:53:04,Google Pay,Success,2170.88,EUR,DEU,Europe,,false,2020-09-07 08:53:04,eric.horton058@analytics.example.com
,PAY-202009-00000004081,ORD-202009-0000006006,CUST-0000150323,2020-09-16 11:51:58,Buy Now Pay Later,Success,2243.95,AED,ARE,Asia,,false,2020-09-16 11:51:58,micheal.hall064@dataops.example.com
,PAY-202009-00000004082,ORD-202009-0000002352,CUST-0000144719,2020-09-07 16:59:38,Phonepe,Success,3143.53,CAD,CAN,North America,,false,2020-09-07 16:59:38,michael.johnson061@platform.example.com
,PAY-202009-00000004083,ORD-202009-0000002552,CUST-0000143107,2020-09-08 19:54:33,Credit Card,Success,2068.49,GBP,GBR,Europe,,false,2020-09-08 19:54:33,jeffery.miller012@commerce.example.com
,PAY-202009-00000004084,ORD-202009-0000001664,CUST-0000135603,2020-09-07 00:39:11,Buy Now Pay Later,Success,1269.53,MXN,MEX,North America,,false,2020-09-07 00:39:11,andrea.cummings039@platform.example.com
,PAY-202009-00000004085,ORD-202009-0000006376,CUST-0000148838,2020-09-26 14:31:52,Buy Now Pay Later,Success,1136.97,BRL,BRA,South America,,false,2020-09-26 14:31:52,michelle.bender024@analytics.example.com
,PAY-202009-00000004086,ORD-202009-0000001149,CUST-0000152481,2020-09-30 20:38:54,Apple Pay,Success,1832.04,CAD,CAN,North America,,false,2020-09-30 20:38:54,stephen.daniels076@commerce.example.com
,PAY-202009-00000004087,ORD-202009-0000005626,CUST-0000146271,2020-09-19 02:43:22,Gift Card,Success,833.12,AED,ARE,Asia,,false,2020-09-19 02:43:22,eric.horton058@analytics.example.com
,PAY-202009-00000004088,ORD-202009-0000000132,CUST-0000151247,2020-09-18 02:13:33,Paytm,Success,1833.29,EUR,NLD,Europe,,false,2020-09-18 02:13:33,michelle.bender024@analytics.example.com
,PAY-202009-00000004089,ORD-202009-0000004844,CUST-0000148824,2020-09-10 12:08:23,Google Pay,Success,2662.64,JPY,JPN,Asia,,false,2020-09-10 12:08:23,patrick.gonzalez035@dataops.example.com
,PAY-202009-00000004090,ORD-202009-0000004698,CUST-0000153252,2020-09-25 21:06:00,Google Pay,Success,1483.21,INR,IND,Asia,,false,2020-09-25 21:06:00,patrick.gonzalez035@dataops.example.com
,PAY-202009-00000004091,ORD-202009-0000003612,CUST-0000139800,2020-09-27 19:46:23,PayPal,Success,2246.43,INR,IND,Asia,,false,2020-09-27 19:46:23,michael.johnson061@platform.example.com
,PAY-202009-00000004092,ORD-202009-0000000386,CUST-0000136734,2020-09-12 20:00:14,Credit Card,Success,2958.85,MXN,MEX,North America,,false,2020-09-12 20:00:14,eric.horton058@analytics.example.com
,PAY-202009-00000004093,ORD-202009-0000005241,CUST-0000144240,2020-09-18 15:00:36,Google Pay,Success,305.03,EUR,DEU,Europe,,false,2020-09-18 15:00:36,michael.berger060@platform.example.com
,PAY-202009-00000004094,ORD-202009-0000001659,CUST-0000134577,2020-09-07 16:04:49,PayPal,Success,2664.46,EUR,NLD,Europe,,false,2020-09-07 16:04:49,susan.rice083@commerce.example.com
,PAY-202009-00000004095,ORD-202009-0000004328,CUST-0000147522,2020-09-21 18:57:33,Debit Card,Success,1967.08,AED,ARE,Asia,,false,2020-09-21 18:57:33,micheal.chen050@dataops.example.com
,PAY-202009-00000004096,ORD-202009-0000001069,CUST-0000136871,2020-09-11 17:19:00,Debit Card,Success,2223.48,JPY,JPN,Asia,,false,2020-09-11 17:19:00,jennifer.hudson020@analytics.example.com
,PAY-202009-00000004097,ORD-202009-0000006470,CUST-0000147544,2020-09-30 04:14:04,Phonepe,Success,1423.36,EUR,DEU,Europe,,false,2020-09-30 04:14:04,michael.johnson061@platform.example.com
,PAY-202009-00000004098,ORD-202009-0000001912,CUST-0000139113,2020-09-12 06:12:13,Phonepe,Success,1268.52,EUR,FRA,Europe,,false,2020-09-12 06:12:13,lance.williams029@platform.example.com
,PAY-202009-00000004099,ORD-202009-0000004294,CUST-0000147148,2020-09-21 18:10:29,PayPal,Success,1380.2,INR,IND,Asia,,false,2020-09-21 18:10:29,michelle.sims041@analytics.example.com
,PAY-202009-00000004100,ORD-202009-0000001152,CUST-0000147074,2020-09-13 11:08:22,Google Pay,Success,1836.03,EUR,DEU,Europe,,false,2020-09-13 11:08:22,eric.mullen052@dataops.example.com
,PAY-202009-00000004101,ORD-202009-0000005301,CUST-0000150548,2020-09-22 14:07:36,Phonepe,Success,1440.73,AUD,AUS,Oceania,,false,2020-09-22 14:07:36,adam.gordon030@commerce.example.com
,PAY-202009-00000004102,ORD-202009-0000004320,CUST-0000152973,2020-09-19 03:39:01,PayPal,Success,3047.27,EUR,FRA,Europe,,false,2020-09-19 03:39:01,tina.williams074@commerce.example.com
,PAY-202009-00000004103,ORD-202009-0000006305,CUST-0000144471,2020-09-26 16:31:23,Bank Transfer,Success,2509.04,AUD,AUS,Oceania,,false,2020-09-26 16:31:23,taylor.cunningham023@commerce.example.com
,PAY-202009-00000004104,ORD-202009-0000004333,CUST-0000149145,2020-09-14 12:02:56,Paytm,Success,1077.63,CAD,CAN,North America,,false,2020-09-14 12:02:56,brandon.yu006@analytics.example.com
,PAY-202009-00000004105,ORD-202009-0000003008,CUST-0000142835,2020-09-23 13:04:52,Paytm,Success,2155.66,GBP,GBR,Europe,,false,2020-09-23 13:04:52,andrea.cummings039@platform.example.com
,PAY-202009-00000004106,ORD-202009-0000003733,CUST-0000152826,2020-09-18 07:02:56,Debit Card,Failed,1121.07,JPY,JPN,Asia,Invalid CVV,false,2020-09-18 07:02:56,jeffery.miller012@commerce.example.com
,PAY-202009-00000004107,ORD-202009-0000002998,CUST-0000138961,2020-09-14 20:12:46,Bank Transfer,Success,421.66,EUR,ITA,Europe,,false,2020-09-14 20:12:46,brandon.yu006@analytics.example.com
,PAY-202009-00000004108,ORD-202009-0000005063,CUST-0000147595,2020-09-05 05:45:22,Bank Transfer,Success,2575.57,INR,IND,Asia,,false,2020-09-05 05:45:22,michelle.bender024@analytics.example.com
,PAY-202009-00000004109,ORD-202009-0000004833,CUST-0000135630,2020-09-21 03:43:15,Paytm,Success,96.31,AUD,AUS,Oceania,,false,2020-09-21 03:43:15,patrick.gonzalez035@dataops.example.com
,PAY-202009-00000004110,ORD-202009-0000004211,CUST-0000148788,2020-09-21 16:16:48,Google Pay,Success,1731.32,EUR,ESP,Europe,,false,2020-09-21 16:16:48,stephen.daniels076@commerce.example.com
,PAY-202009-00000004111,ORD-202009-0000000322,CUST-0000153688,2020-09-25 14:00:21,Apple Pay,Success,2478.97,INR,IND,Asia,,false,2020-09-25 14:00:21,micheal.hall064@dataops.example.com
,PAY-202009-00000004112,ORD-202009-0000004426,CUST-0000150907,2020-09-12 17:16:14,Apple Pay,Success,2084.4,EUR,FRA,Europe,,false,2020-09-12 17:16:14,timothy.cannon081@analytics.example.com
,PAY-202009-00000004113,ORD-202009-0000003458,CUST-0000144715,2020-09-22 09:00:43,Paytm,Success,1482.36,JPY,JPN,Asia,,false,2020-09-22 09:00:43,micheal.hall064@dataops.example.com
,PAY-202009-00000004114,ORD-202009-0000003543,CUST-0000153001,2020-09-07 16:50:36,Debit Card,Success,474.93,SGD,SGP,Asia,,false,2020-09-07 16:50:36,eric.mullen052@dataops.example.com
,PAY-202009-00000004115,ORD-202009-0000003069,CUST-0000141831,2020-09-21 04:01:51,Credit Card,Success,2276.06,EUR,ITA,Europe,,false,2020-09-21 04:01:51,eric.mullen052@dataops.example.com
,PAY-202009-00000004116,ORD-202009-0000005250,CUST-0000151826,2020-09-18 04:33:05,PayPal,Success,1473.92,AED,ARE,Asia,,false,2020-09-18 04:33:05,john.mullins109@commerce.example.com
,PAY-202009-00000004117,ORD-202009-0000001067,CUST-0000149528,2020-09-11 07:49:08,Gift Card,Success,1244.08,EUR,ITA,Europe,,false,2020-09-11 07:49:08,michael.berger060@platform.example.com
,PAY-202009-00000004118,ORD-202009-0000003824,CUST-0000153029,2020-09-16 02:49:03,Phonepe,Failed,2121.88,EUR,ITA,Europe,Invalid CVV,false,2020-09-16 02:49:03,michelle.sims041@analytics.example.com
,PAY-202009-00000004119,ORD-202009-0000000950,CUST-0000148065,2020-09-17 18:11:22,Google Pay,Success,203.37,EUR,FRA,Europe,,false,2020-09-17 18:11:22,ashley.marks069@commerce.example.com
,PAY-202009-00000004120,ORD-202009-0000003393,CUST-0000145610,2020-09-07 14:31:10,Paytm,Success,2994.22,EUR,ITA,Europe,,false,2020-09-07 14:31:10,jennifer.hudson020@analytics.example.com
,PAY-202009-00000004121,ORD-202009-0000006257,CUST-0000143341,2020-09-28 15:48:39,Google Pay,Success,2097.63,EUR,DEU,Europe,,false,2020-09-28 15:48:39,ryan.steele043@commerce.example.com
,PAY-202009-00000004122,ORD-202009-0000001158,CUST-0000153796,2020-09-19 08:01:01,Buy Now Pay Later,Success,3039.99,INR,IND,Asia,,false,2020-09-19 08:01:01,david.cabrera119@dataops.example.com
,PAY-202009-00000004123,ORD-202009-0000003412,CUST-0000146086,2020-09-20 02:06:50,Paytm,Success,438.13,BRL,BRA,South America,,false,2020-09-20 02:06:50,micheal.chen050@dataops.example.com
,PAY-202009-00000004124,ORD-202009-0000000214,CUST-0000145742,2020-09-13 16:49:53,Debit Card,Success,1205.32,EUR,ESP,Europe,,false,2020-09-13 16:49:53,victor.palmer071@platform.example.com
,PAY-202009-00000004125,ORD-202009-0000003190,CUST-0000134563,2020-09-29 09:40:34,Phonepe,Success,467.34,EUR,DEU,Europe,,false,2020-09-29 09:40:34,alyssa.richards002@commerce.example.com
,PAY-202009-00000004126,ORD-202009-0000002466,CUST-0000147684,2020-09-04 02:25:54,Gift Card,Success,823.71,GBP,GBR,Europe,,false,2020-09-04 02:25:54,david.cabrera119@dataops.example.com
,PAY-202009-00000004127,ORD-202009-0000001736,CUST-0000146804,2020-09-09 11:33:45,Google Pay,Success,2676.66,EUR,NLD,Europe,,false,2020-09-09 11:33:45,megan.cunningham013@commerce.example.com
,PAY-202009-00000004128,ORD-202009-0000000094,CUST-0000146304,2020-09-24 12:55:43,Bank Transfer,Pending,1090.57,MXN,MEX,North America,,false,2020-09-24 12:55:43,andrea.cummings039@platform.example.com
,PAY-202009-00000004129,ORD-202009-0000006519,CUST-0000141378,2020-09-11 05:39:06,Buy Now Pay Later,Success,1704.63,EUR,NLD,Europe,,false,2020-09-11 05:39:06,victor.palmer071@platform.example.com
,PAY-202009-00000004130,ORD-202009-0000005458,CUST-0000146472,2020-09-21 08:49:21,Bank Transfer,Failed,1661.98,EUR,FRA,Europe,Invalid CVV,false,2020-09-21 08:49:21,michelle.sims041@analytics.example.com
,PAY-202009-00000004131,ORD-202009-0000005469,CUST-0000152428,2020-09-05 19:43:20,Credit Card,Success,175.64,USD,USA,North America,,false,2020-09-05 19:43:20,megan.cunningham013@commerce.example.com
,PAY-202009-00000004132,ORD-202009-0000002378,CUST-0000138011,2020-09-09 16:37:16,Apple Pay,Success,495.95,BRL,BRA,South America,,false,2020-09-09 16:37:16,kelsey.taylor010@platform.example.com
,PAY-202009-00000004133,ORD-202009-0000003838,CUST-0000139524,2020-09-25 16:14:00,Google Pay,Success,1989.29,INR,IND,Asia,,false,2020-09-25 16:14:00,victor.palmer071@platform.example.com
,PAY-202009-00000004134,ORD-202009-0000002184,CUST-0000136170,2020-09-14 20:06:45,PayPal,Success,3114.58,EUR,DEU,Europe,,false,2020-09-14 20:06:45,michael.johnson061@platform.example.com
,PAY-202009-00000004135,ORD-202009-0000000072,CUST-0000138626,2020-09-08 11:45:24,Apple Pay,Success,2879.93,EUR,ITA,Europe,,false,2020-09-08 11:45:24,michael.johnson061@platform.example.com
,PAY-202009-00000004136,ORD-202009-0000000915,CUST-0000153428,2020-09-26 22:38:04,Phonepe,Success,406.01,CAD,CAN,North America,,false,2020-09-26 22:38:04,peter.martinez098@platform.example.com
,PAY-202009-00000004137,ORD-202009-0000003899,CUST-0000136866,2020-09-23 02:19:59,PayPal,Success,1480.92,INR,IND,Asia,,false,2020-09-23 02:19:59,andrea.cummings039@platform.example.com
,PAY-202009-00000004138,ORD-202009-0000004405,CUST-0000138449,2020-09-18 09:05:23,Apple Pay,Success,827.45,CAD,CAN,North America,,false,2020-09-18 09:05:23,stephen.daniels076@commerce.example.com
,PAY-202009-00000004139,ORD-202009-0000005468,CUST-0000134711,2020-09-12 09:11:14,Buy Now Pay Later,Success,510.49,EUR,NLD,Europe,,false,2020-09-12 09:11:14,stephen.clark001@analytics.example.com
,PAY-202009-00000004140,ORD-202009-0000000124,CUST-0000137533,2020-09-25 14:21:53,PayPal,Failed,2131.15,EUR,DEU,Europe,Insufficient funds,false,2020-09-25 14:21:53,eric.horton058@analytics.example.com
,PAY-202009-00000004141,ORD-202009-0000005294,CUST-0000146939,2020-09-15 17:45:16,Credit Card,Success,3123.33,SGD,SGP,Asia,,false,2020-09-15 17:45:16,eric.mullen052@dataops.example.com
,PAY-202009-00000004142,ORD-202009-0000003012,CUST-0000136287,2020-09-26 20:31:56,Credit Card,Success,2257.72,EUR,ITA,Europe,,false,2020-09-26 20:31:56,tina.williams074@commerce.example.com
,PAY-202009-00000004143,ORD-202009-0000001850,CUST-0000142030,2020-09-19 23:10:33,Google Pay,Success,2084.34,GBP,GBR,Europe,,false,2020-09-19 23:10:33,adam.gordon030@commerce.example.com
,PAY-202009-00000004144,ORD-202009-0000000092,CUST-0000152067,2020-09-02 23:54:33,Bank Transfer,Success,714.0,MXN,MEX,North America,,false,2020-09-02 23:54:33,ryan.steele043@commerce.example.com
,PAY-202009-00000004145,ORD-202009-0000001670,CUST-0000140674,2020-09-12 12:35:48,Bank Transfer,Success,1178.89,INR,IND,Asia,,false,2020-09-12 12:35:48,john.mullins109@commerce.example.com
,PAY-202009-00000004146,ORD-202009-0000000025,CUST-0000135457,2020-09-29 13:18:55,Paytm,Success,2350.32,AUD,AUS,Oceania,,false,2020-09-29 13:18:55,kelsey.taylor010@platform.example.com
,PAY-202009-00000004147,ORD-202009-0000003921,CUST-0000153299,2020-09-19 21:36:10,Apple Pay,Success,1345.98,AUD,AUS,Oceania,,false,2020-09-19 21:36:10,jeffery.miller012@commerce.example.com
,PAY-202009-00000004148,ORD-202009-0000000983,CUST-0000135151,2020-09-19 00:08:23,Bank Transfer,Success,3113.1,AUD,AUS,Oceania,,false,2020-09-19 00:08:23,lance.williams029@platform.example.com
,PAY-202009-00000004149,ORD-202009-0000004484,CUST-0000144205,2020-09-02 09:59:20,Buy Now Pay Later,Success,1851.91,CAD,CAN,North America,,false,2020-09-02 09:59:20,alyssa.richards002@commerce.example.com
,PAY-202009-00000004150,ORD-202009-0000006073,CUST-0000144359,2020-09-11 08:39:31,Phonepe,Success,2767.3,INR,IND,Asia,,false,2020-09-11 08:39:31,david.cabrera119@dataops.example.com
,PAY-202009-00000004151,ORD-202009-0000005501,CUST-0000151374,2020-09-06 04:26:37,Phonepe,Success,464.3,BRL,BRA,South America,,false,2020-09-06 04:26:37,patrick.gonzalez035@dataops.example.com
,PAY-202009-00000004152,ORD-202009-0000001753,CUST-0000140385,2020-09-15 19:25:56,Buy Now Pay Later,Success,2051.93,EUR,ESP,Europe,,false,2020-09-15 19:25:56,timothy.cannon081@analytics.example.com
,PAY-202009-00000004153,ORD-202009-0000003803,CUST-0000145073,2020-09-20 02:12:48,Gift Card,Failed,2031.54,BRL,BRA,South America,Invalid CVV,false,2020-09-20 02:12:48,alyssa.richards002@commerce.example.com
,PAY-202009-00000004154,ORD-202009-0000002048,CUST-0000140431,2020-09-17 11:21:30,Bank Transfer,Success,2367.63,EUR,DEU,Europe,,false,2020-09-17 11:21:30,andrea.cummings039@platform.example.com
,PAY-202009-00000004155,ORD-202009-0000006083,CUST-0000144413,2020-09-19 11:30:02,Credit Card,Success,2914.1,GBP,GBR,Europe,,false,2020-09-19 11:30:02,timothy.cannon081@analytics.example.com
,PAY-202009-00000004156,ORD-202009-0000002135,CUST-0000150100,2020-09-09 21:24:18,Bank Transfer,Success,921.52,EUR,ITA,Europe,,false,2020-09-09 21:24:18,eric.mullen052@dataops.example.com
,PAY-202009-00000004157,ORD-202009-0000003300,CUST-0000145177,2020-09-01 21:55:18,PayPal,Success,3326.37,BRL,BRA,South America,,false,2020-09-01 21:55:18,michael.johnson061@platform.example.com
,PAY-202009-00000004158,ORD-202009-0000005079,CUST-0000144212,2020-09-10 02:07:40,Bank Transfer,Success,2179.96,USD,USA,North America,,false,2020-09-10 02:07:40,susan.rice083@commerce.example.com
,PAY-202009-00000004159,ORD-202009-0000000409,CUST-0000153792,2020-09-18 18:41:00,Phonepe,Success,618.85,GBP,GBR,Europe,,false,2020-09-18 18:41:00,tina.williams074@commerce.example.com
,PAY-202009-00000004160,ORD-202009-0000003959,CUST-0000137205,2020-09-15 19:15:10,Debit Card,Success,3364.65,AED,ARE,Asia,,false,2020-09-15 19:15:10,john.mullins109@commerce.example.com
,PAY-202009-00000004161,ORD-202009-0000001567,CUST-0000138753,2020-09-17 21:45:30,Apple Pay,Success,3186.17,AED,ARE,Asia,,false,2020-09-17 21:45:30,taylor.cunningham023@commerce.example.com
,PAY-202009-00000004162,ORD-202009-0000004210,CUST-0000144854,2020-09-21 03:07:37,Debit Card,Success,1480.94,EUR,NLD,Europe,,false,2020-09-21 03:07:37,susan.rice083@commerce.example.com
,PAY-202009-00000004163,ORD-202009-0000005405,CUST-0000141144,2020-09-14 23:24:51,Paytm,Success,1868.14,EUR,DEU,Europe,,false,2020-09-14 23:24:51,james.proctor094@dataops.example.com
,PAY-202009-00000004164,ORD-202009-0000003323,CUST-0000148125,2020-09-18 16:34:18,Gift Card,Pending,1361.67,EUR,FRA,Europe,,false,2020-09-18 16:34:18,jeffery.miller012@commerce.example.com
,PAY-202009-00000004165,ORD-202009-0000003973,CUST-0000135333,2020-09-01 05:56:13,Gift Card,Success,3309.38,EUR,FRA,Europe,,false,2020-09-01 05:56:13,john.mullins109@commerce.example.com
,PAY-202009-00000004166,ORD-202009-0000004704,CUST-0000152359,2020-09-12 05:16:18,Debit Card,Success,2593.6,SGD,SGP,Asia,,false,2020-09-12 05:16:18,eric.horton058@analytics.example.com
,PAY-202009-00000004167,ORD-202009-0000006527,CUST-0000135572,2020-09-04 12:56:12,PayPal,Success,2141.52,MXN,MEX,North America,,false,2020-09-04 12:56:12,michelle.bender024@analytics.example.com
,PAY-202009-00000004168,ORD-202009-0000000477,CUST-0000135995,2020-09-10 02:58:46,Gift Card,Success,2258.0,AED,ARE,Asia,,false,2020-09-10 02:58:46,stephen.clark001@analytics.example.com
,PAY-202009-00000004169,ORD-202009-0000004142,CUST-0000149273,2020-09-14 21:12:31,Apple Pay,Success,1165.65,EUR,ITA,Europe,,false,2020-09-14 21:12:31,peter.martinez098@platform.example.com
,PAY-202009-00000004170,ORD-202009-0000001219,CUST-0000151468,2020-09-13 16:49:59,Credit Card,Success,3377.81,EUR,ITA,Europe,,false,2020-09-13 16:49:59,micheal.hall064@dataops.example.com
,PAY-202009-00000004171,ORD-202009-0000000539,CUST-0000153833,2020-09-30 23:28:30,Paytm,Success,876.09,SGD,SGP,Asia,,false,2020-09-30 23:28:30,john.mullins109@commerce.example.com
,PAY-202009-00000004172,ORD-202009-0000002994,CUST-0000140812,2020-09-22 18:05:10,PayPal,Success,2742.18,SGD,SGP,Asia,,false,2020-09-22 18:05:10,maria.ashley046@analytics.example.com
,PAY-202009-00000004173,ORD-202009-0000003082,CUST-0000144969,2020-09-22 02:31:02,Apple Pay,Success,1941.98,AED,ARE,Asia,,false,2020-09-22 02:31:02,tina.williams074@commerce.example.com
,PAY-202009-00000004174,ORD-202009-0000000031,CUST-0000148045,2020-09-25 22:21:24,Debit Card,Success,1314.24,EUR,ITA,Europe,,false,2020-09-25 22:21:24,john.mullins109@commerce.example.com
,PAY-202009-00000004175,ORD-202009-0000006459,CUST-0000147102,2020-09-06 12:50:13,Buy Now Pay Later,Success,150.57,CAD,CAN,North America,,false,2020-09-06 12:50:13,michael.berger060@platform.example.com
,PAY-202009-00000004176,ORD-202009-0000002129,CUST-0000137779,2020-09-28 15:45:27,Google Pay,Success,188.13,SGD,SGP,Asia,,false,2020-09-28 15:45:27,james.proctor094@dataops.example.com
,PAY-202009-00000004177,ORD-202009-0000002440,CUST-0000148660,2020-09-01 00:07:12,Credit Card,Success,1080.34,CAD,CAN,North America,,false,2020-09-01 00:07:12,michelle.bender024@analytics.example.com
,PAY-202009-00000004178,ORD-202009-0000004168,CUST-0000139462,2020-09-11 08:20:53,PayPal,Success,3248.26,JPY,JPN,Asia,,false,2020-09-11 08:20:53,michael.johnson061@platform.example.com
,PAY-202009-00000004179,ORD-202009-0000004632,CUST-0000147709,2020-09-17 19:00:50,Paytm,Success,2624.9,JPY,JPN,Asia,,false,2020-09-17 19:00:50,micheal.hall064@dataops.example.com
,PAY-202009-00000004180,ORD-202009-0000003912,CUST-0000150191,2020-09-13 19:45:32,Paytm,Success,1218.87,EUR,DEU,Europe,,false,2020-09-13 19:45:32,stephen.clark001@analytics.example.com
,PAY-202009-00000004181,ORD-202009-0000000061,CUST-0000141227,2020-09-03 12:08:09,Apple Pay,Success,3191.11,SGD,SGP,Asia,,false,2020-09-03 12:08:09,ryan.steele043@commerce.example.com
,PAY-202009-00000004182,ORD-202009-0000000719,CUST-0000145100,2020-09-13 12:20:50,Credit Card,Success,3302.05,JPY,JPN,Asia,,false,2020-09-13 12:20:50,david.cabrera119@dataops.example.com
,PAY-202009-00000004183,ORD-202009-0000003174,CUST-0000137132,2020-09-25 03:37:36,Paytm,Success,2038.06,EUR,FRA,Europe,,false,2020-09-25 03:37:36,jennifer.hudson020@analytics.example.com
,PAY-202009-00000004184,ORD-202009-0000001115,CUST-0000138687,2020-09-13 15:50:37,Gift Card,Success,1974.36,EUR,NLD,Europe,,false,2020-09-13 15:50:37,megan.cunningham013@commerce.example.com
,PAY-202009-00000004185,ORD-202009-0000001376,CUST-0000138424,2020-09-03 16:35:39,Google Pay,Success,2966.38,EUR,FRA,Europe,,false,2020-09-03 16:35:39,brandon.yu006@analytics.example.com
,PAY-202009-00000004186,ORD-202009-0000000775,CUST-0000141282,2020-09-08 04:27:36,Debit Card,Success,3335.71,GBP,GBR,Europe,,false,2020-09-08 04:27:36,timothy.cameron104@commerce.example.com
,PAY-202009-00000004187,ORD-202009-0000003910,CUST-0000141369,2020-09-13 13:55:05,Credit Card,Failed,2234.17,INR,IND,Asia,Fraud check failed,false,2020-09-13 13:55:05,michael.berger060@platform.example.com
,PAY-202009-00000004188,ORD-202009-0000001129,CUST-0000141048,2020-09-04 15:00:09,Phonepe,Success,2039.43,EUR,NLD,Europe,,false,2020-09-04 15:00:09,jennifer.hudson020@analytics.example.com
,PAY-202009-00000004189,ORD-202009-0000001593,CUST-0000145475,2020-09-21 03:45:20,Google Pay,Success,3409.38,CAD,CAN,North America,,false,2020-09-21 03:45:20,michael.berger060@platform.example.com
,PAY-202009-00000004190,ORD-202009-0000001214,CUST-0000153478,2020-09-07 09:30:19,Buy Now Pay Later,Success,2486.54,EUR,ESP,Europe,,false,2020-09-07 09:30:19,andrea.cummings039@platform.example.com
,PAY-202009-00000004191,ORD-202009-0000005684,CUST-0000151184,2020-09-03 03:14:34,Apple Pay,Success,33.76,GBP,GBR,Europe,,false,2020-09-03 03:14:34,timothy.cannon081@analytics.example.com
,PAY-202009-00000004192,ORD-202009-0000002579,CUST-0000143600,2020-09-21 01:23:54,Google Pay,Success,2667.22,EUR,NLD,Europe,,false,2020-09-21 01:23:54,michelle.sims041@analytics.example.com
,PAY-202009-00000004193,ORD-202009-0000002032,CUST-0000136558,2020-09-17 09:21:31,Credit Card,Success,1834.03,GBP,GBR,Europe,,false,2020-09-17 09:21:31,david.cabrera119@dataops.example.com
,PAY-202009-00000004194,ORD-202009-0000004645,CUST-0000148533,2020-09-24 13:48:08,Debit Card,Success,2610.6,BRL,BRA,South America,,false,2020-09-24 13:48:08,michelle.bender024@analytics.example.com
,PAY-202009-00000004195,ORD-202009-0000000495,CUST-0000146582,2020-09-26 20:25:25,Apple Pay,Success,1096.86,EUR,ESP,Europe,,false,2020-09-26 20:25:25,micheal.hall064@dataops.example.com
,PAY-202009-00000004196,ORD-202009-0000003946,CUST-0000153041,2020-09-24 21:32:14,Gift Card,Success,2672.59,INR,IND,Asia,,false,2020-09-24 21:32:14,maria.ashley046@analytics.example.com
,PAY-202009-00000004197,ORD-202009-0000004895,CUST-0000149207,2020-09-19 20:16:42,Google Pay,Success,2549.52,AUD,AUS,Oceania,,false,2020-09-19 20:16:42,maria.ashley046@analytics.example.com
,PAY-202009-00000004198,ORD-202009-0000004715,CUST-0000145105,2020-09-22 17:13:36,Buy Now Pay Later,Success,1905.51,AUD,AUS,Oceania,,false,2020-09-22 17:13:36,micheal.chen050@dataops.example.com
,PAY-202009-00000004199,ORD-202009-0000002156,CUST-0000152857,2020-09-22 04:43:33,Gift Card,Success,2969.31,EUR,DEU,Europe,,false,2020-09-22 04:43:33,michelle.sims041@analytics.example.com
,PAY-202009-00000004200,ORD-202009-0000002530,CUST-0000148070,2020-09-05 18:20:56,Apple Pay,Success,2505.21,USD,USA,North America,,false,2020-09-05 18:20:56,micheal.chen050@dataops.example.com
,PAY-202009-00000004201,ORD-202009-0000002730,CUST-0000147450,2020-09-03 03:54:06,PayPal,Success,1210.96,SGD,SGP,Asia,,false,2020-09-03 03:54:06,victor.palmer071@platform.example.com
,PAY-202009-00000004202,ORD-202009-0000000534,CUST-0000143977,2020-09-24 11:14:06,Buy Now Pay Later,Success,1252.57,INR,IND,Asia,,false,2020-09-24 11:14:06,david.cabrera119@dataops.example.com
,PAY-202009-00000004203,ORD-202009-0000001202,CUST-0000140941,2020-09-24 22:31:43,Gift Card,Success,285.77,EUR,ITA,Europe,,false,2020-09-24 22:31:43,lance.williams029@platform.example.com
,PAY-202009-00000004204,ORD-202009-0000000709,CUST-0000134967,2020-09-22 14:45:53,Debit Card,Success,3359.92,EUR,DEU,Europe,,false,2020-09-22 14:45:53,eric.horton058@analytics.example.com
,PAY-202009-00000004205,ORD-202009-0000000343,CUST-0000146019,2020-09-25 23:01:19,Debit Card,Success,1631.9,CAD,CAN,North America,,false,2020-09-25 23:01:19,susan.rice083@commerce.example.com
,PAY-202009-00000004206,ORD-202009-0000004834,CUST-0000140175,2020-09-17 06:53:58,Debit Card,Success,2649.58,SGD,SGP,Asia,,false,2020-09-17 06:53:58,michelle.sims041@analytics.example.com
,PAY-202009-00000004207,ORD-202009-0000000889,CUST-0000136803,2020-09-05 10:01:01,Gift Card,Success,939.53,INR,IND,Asia,,false,2020-09-05 10:01:01,ryan.steele043@commerce.example.com
,PAY-202009-00000004208,ORD-202009-0000003383,CUST-0000139730,2020-09-09 13:35:51,PayPal,Success,2222.31,AUD,AUS,Oceania,,false,2020-09-09 13:35:51,micheal.chen050@dataops.example.com
,PAY-202009-00000004209,ORD-202009-0000003365,CUST-0000148627,2020-09-23 21:01:03,Bank Transfer,Success,90.86,EUR,DEU,Europe,,false,2020-09-23 21:01:03,brandi.carter038@dataops.example.com
,PAY-202009-00000004210,ORD-202009-0000005804,CUST-0000152311,2020-09-25 01:05:40,Google Pay,Success,3326.02,AED,ARE,Asia,,false,2020-09-25 01:05:40,lance.williams029@platform.example.com
,PAY-202009-00000004211,ORD-202009-0000006262,CUST-0000146773,2020-09-17 21:17:24,Gift Card,Success,3263.3,SGD,SGP,Asia,,false,2020-09-17 21:17:24,brandon.yu006@analytics.example.com
,PAY-202009-00000004212,ORD-202009-0000004027,CUST-0000149374,2020-09-24 10:16:45,Bank Transfer,Success,1131.65,EUR,DEU,Europe,,false,2020-09-24 10:16:45,john.mullins109@commerce.example.com
,PAY-202009-00000004213,ORD-202009-0000003888,CUST-0000142075,2020-09-01 07:24:55,PayPal,Success,890.27,SGD,SGP,Asia,,false,2020-09-01 07:24:55,andrea.cummings039@platform.example.com
,PAY-202009-00000004214,ORD-202009-0000000799,CUST-0000148958,2020-09-06 13:39:08,Gift Card,Success,2402.14,AUD,AUS,Oceania,,false,2020-09-06 13:39:08,david.cabrera119@dataops.example.com
,PAY-202009-00000004215,ORD-202009-0000005187,CUST-0000134533,2020-09-16 07:57:30,Debit Card,Success,2189.98,INR,IND,Asia,,false,2020-09-16 07:57:30,alyssa.richards002@commerce.example.com
,PAY-202009-00000004216,ORD-202009-0000001239,CUST-0000145456,2020-09-27 08:43:25,Buy Now Pay Later,Success,2782.85,BRL,BRA,South America,,false,2020-09-27 08:43:25,susan.rice083@commerce.example.com
,PAY-202009-00000004217,ORD-202009-0000004986,CUST-0000137261,2020-09-11 18:05:10,PayPal,Success,1219.81,EUR,ESP,Europe,,false,2020-09-11 18:05:10,stephen.clark001@analytics.example.com
,PAY-202009-00000004218,ORD-202009-0000001859,CUST-0000153620,2020-09-25 06:57:46,Buy Now Pay Later,Success,399.38,JPY,JPN,Asia,,false,2020-09-25 06:57:46,taylor.cunningham023@commerce.example.com
,PAY-202009-00000004219,ORD-202009-0000006023,CUST-0000151180,2020-09-03 15:55:01,Apple Pay,Success,2814.19,AUD,AUS,Oceania,,false,2020-09-03 15:55:01,brandi.carter038@dataops.example.com
,PAY-202009-00000004220,ORD-202009-0000005256,CUST-0000135564,2020-09-24 20:07:52,PayPal,Success,1163.44,SGD,SGP,Asia,,false,2020-09-24 20:07:52,jeffery.miller012@commerce.example.com
,PAY-202009-00000004221,ORD-202009-0000000641,CUST-0000142297,2020-09-30 15:29:15,Gift Card,Success,1521.26,EUR,ESP,Europe,,false,2020-09-30 15:29:15,michelle.sims041@analytics.example.com
,PAY-202009-00000004222,ORD-202009-0000001107,CUST-0000148965,2020-09-04 02:29:18,Phonepe,Success,3227.43,AED,ARE,Asia,,false,2020-09-04 02:29:18,megan.cunningham013@commerce.example.com
,PAY-202009-00000004223,ORD-202009-0000005157,CUST-0000140739,2020-09-30 14:44:44,Bank Transfer,Success,1668.51,EUR,DEU,Europe,,false,2020-09-30 14:44:44,ashley.marks069@commerce.example.com
,PAY-202009-00000004224,ORD-202009-0000000658,CUST-0000136350,2020-09-14 04:38:59,PayPal,Success,3363.53,INR,IND,Asia,,false,2020-09-14 04:38:59,megan.cunningham013@commerce.example.com
,PAY-202009-00000004225,ORD-202009-0000003389,CUST-0000144220,2020-09-02 22:32:36,Paytm,Success,3137.5,BRL,BRA,South America,,false,2020-09-02 22:32:36,michael.berger060@platform.example.com
,PAY-202009-00000004226,ORD-202009-0000001570,CUST-0000141045,2020-09-10 08:12:10,Google Pay,Success,1975.44,EUR,FRA,Europe,,false,2020-09-10 08:12:10,victor.palmer071@platform.example.com
,PAY-202009-00000004227,ORD-202009-0000000272,CUST-0000153579,2020-09-07 15:21:21,Bank Transfer,Success,2550.65,USD,USA,North America,,false,2020-09-07 15:21:21,michelle.sims041@analytics.example.com
,PAY-202009-00000004228,ORD-202009-0000001419,CUST-0000147638,2020-09-30 00:00:12,Debit Card,Success,2149.71,USD,USA,North America,,false,2020-09-30 00:00:12,john.mullins109@commerce.example.com
,PAY-202009-00000004229,ORD-202009-0000006072,CUST-0000146344,2020-09-03 09:04:10,PayPal,Success,2652.71,EUR,ESP,Europe,,false,2020-09-03 09:04:10,brandi.carter038@dataops.example.com
,PAY-202009-00000004230,ORD-202009-0000003885,CUST-0000145517,2020-09-18 06:45:15,Gift Card,Success,1281.57,AED,ARE,Asia,,false,2020-09-18 06:45:15,stephen.clark001@analytics.example.com
,PAY-202009-00000004231,ORD-202009-0000004278,CUST-0000152590,2020-09-19 20:54:03,Bank Transfer,Success,2296.9,INR,IND,Asia,,false,2020-09-19 20:54:03,joseph.johnson049@dataops.example.com
,PAY-202009-00000004232,ORD-202009-0000002152,CUST-0000152725,2020-09-17 15:43:17,Phonepe,Success,2015.06,MXN,MEX,North America,,false,2020-09-17 15:43:17,kelsey.taylor010@platform.example.com
,PAY-202009-00000004233,ORD-202009-0000004970,CUST-0000151367,2020-09-12 16:21:15,Phonepe,Success,288.41,GBP,GBR,Europe,,false,2020-09-12 16:21:15,jennifer.hudson020@analytics.example.com
,PAY-202009-00000004234,ORD-202009-0000005394,CUST-0000141586,2020-09-05 21:22:55,Buy Now Pay Later,Success,1894.75,EUR,ITA,Europe,,false,2020-09-05 21:22:55,john.mullins109@commerce.example.com
,PAY-202009-00000004235,ORD-202009-0000005926,CUST-0000150112,2020-09-03 16:02:12,Credit Card,Success,2499.44,MXN,MEX,North America,,false,2020-09-03 16:02:12,peter.martinez098@platform.example.com
,PAY-202009-00000004236,ORD-202009-0000003325,CUST-0000143341,2020-09-26 05:18:19,Buy Now Pay Later,Success,1311.0,MXN,MEX,North America,,false,2020-09-26 05:18:19,megan.cunningham013@commerce.example.com
,PAY-202009-00000004237,ORD-202009-0000005536,CUST-0000137383,2020-09-26 19:43:24,Buy Now Pay Later,Success,2826.76,USD,USA,North America,,false,2020-09-26 19:43:24,adam.gordon030@commerce.example.com
,PAY-202009-00000004238,ORD-202009-0000004647,CUST-0000153202,2020-09-27 04:46:34,PayPal,Success,1697.49,SGD,SGP,Asia,,false,2020-09-27 04:46:34,michael.johnson061@platform.example.com
,PAY-202009-00000004239,ORD-202009-0000004259,CUST-0000134813,2020-09-22 12:07:01,Debit Card,Success,2758.12,JPY,JPN,Asia,,false,2020-09-22 12:07:01,taylor.cunningham023@commerce.example.com
,PAY-202009-00000004240,ORD-202009-0000005527,CUST-0000136778,2020-09-15 20:01:35,Credit Card,Success,868.41,EUR,DEU,Europe,,false,2020-09-15 20:01:35,michelle.bender024@analytics.example.com
,PAY-202009-00000004241,ORD-202009-0000000052,CUST-0000143879,2020-09-27 00:38:26,Bank Transfer,Success,934.9,EUR,NLD,Europe,,false,2020-09-27 00:38:26,patrick.gonzalez035@dataops.example.com
,PAY-202009-00000004242,ORD-202009-0000004927,CUST-0000138400,2020-09-30 11:03:00,Google Pay,Pending,2454.33,AED,ARE,Asia,,false,2020-09-30 11:03:00,taylor.cunningham023@commerce.example.com
,PAY-202009-00000004243,ORD-202009-0000000973,CUST-0000142665,2020-09-18 19:44:47,Apple Pay,Pending,1593.87,EUR,ITA,Europe,,false,2020-09-18 19:44:47,micheal.hall064@dataops.example.com
,PAY-202009-00000004244,ORD-202009-0000006290,CUST-0000145684,2020-09-25 20:32:52,Buy Now Pay Later,Success,1191.83,JPY,JPN,Asia,,false,2020-09-25 20:32:52,timothy.cameron104@commerce.example.com
,PAY-202009-00000004245,ORD-202009-0000001891,CUST-0000138240,2020-09-30 09:16:05,Buy Now Pay Later,Success,3268.74,USD,USA,North America,,false,2020-09-30 09:16:05,michael.berger060@platform.example.com
,PAY-202009-00000004246,ORD-202009-0000001665,CUST-0000151885,2020-09-05 10:56:30,Credit Card,Success,2572.9,MXN,MEX,North America,,false,2020-09-05 10:56:30,jeffery.miller012@commerce.example.com
,PAY-202009-00000004247,ORD-202009-0000004571,CUST-0000136923,2020-09-12 09:44:56,Apple Pay,Pending,1474.4,AED,ARE,Asia,,false,2020-09-12 09:44:56,ryan.steele043@commerce.example.com
,PAY-202009-00000004248,ORD-202009-0000003845,CUST-0000148705,2020-09-20 17:14:13,Phonepe,Success,606.05,JPY,JPN,Asia,,false,2020-09-20 17:14:13,timothy.cannon081@analytics.example.com
,PAY-202009-00000004249,ORD-202009-0000004254,CUST-0000146045,2020-09-24 23:03:32,Buy Now Pay Later,Success,3207.21,EUR,FRA,Europe,,false,2020-09-24 23:03:32,adam.gordon030@commerce.example.com
,PAY-202009-00000004250,ORD-202009-0000005109,CUST-0000142815,2020-09-26 22:52:02,PayPal,Success,2475.12,BRL,BRA,South America,,false,2020-09-26 22:52:02,jeffery.miller012@commerce.example.com
,PAY-202009-00000004251,ORD-202009-0000000059,CUST-0000143043,2020-09-12 12:00:16,PayPal,Success,2258.22,USD,USA,North America,,false,2020-09-12 12:00:16,ryan.steele043@commerce.example.com
,PAY-202009-00000004252,ORD-202009-0000000601,CUST-0000135454,2020-09-12 04:46:38,Phonepe,Success,2874.46,BRL,BRA,South America,,false,2020-09-12 04:46:38,james.proctor094@dataops.example.com
,PAY-202009-00000004253,ORD-202009-0000003133,CUST-0000151690,2020-09-03 01:13:41,Google Pay,Success,1355.89,EUR,NLD,Europe,,false,2020-09-03 01:13:41,david.cabrera119@dataops.example.com
,PAY-202009-00000004254,ORD-202009-0000002768,CUST-0000145165,2020-09-30 13:42:12,Phonepe,Refunded,545.17,INR,IND,Asia,,true,2020-09-30 13:42:12,ashley.marks069@commerce.example.com
,PAY-202009-00000004255,ORD-202009-0000001938,CUST-0000136564,2020-09-14 11:21:02,Gift Card,Success,3439.05,AED,ARE,Asia,,false,2020-09-14 11:21:02,peter.martinez098@platform.example.com
,PAY-202009-00000004256,ORD-202009-0000001193,CUST-0000147645,2020-09-08 23:15:11,Phonepe,Success,171.08,CAD,CAN,North America,,false,2020-09-08 23:15:11,ryan.steele043@commerce.example.com
,PAY-202009-00000004257,ORD-202009-0000002171,CUST-0000141448,2020-09-17 15:01:57,Phonepe,Success,1175.67,USD,USA,North America,,false,2020-09-17 15:01:57,kelsey.taylor010@platform.example.com
,PAY-202009-00000004258,ORD-202009-0000001684,CUST-0000139940,2020-09-20 21:48:05,Apple Pay,Success,2042.93,EUR,FRA,Europe,,false,2020-09-20 21:48:05,lance.williams029@platform.example.com
,PAY-202009-00000004259,ORD-202009-0000006516,CUST-0000140271,2020-09-19 05:06:41,Google Pay,Refunded,1023.3,USD,USA,North America,,true,2020-09-19 05:06:41,victor.palmer071@platform.example.com
,PAY-202009-00000004260,ORD-202009-0000006307,CUST-0000143644,2020-09-29 01:50:35,PayPal,Success,845.85,SGD,SGP,Asia,,false,2020-09-29 01:50:35,ryan.steele043@commerce.example.com
,PAY-202009-00000004261,ORD-202009-0000006261,CUST-0000135813,2020-09-17 02:30:55,Credit Card,Success,126.42,CAD,CAN,North America,,false,2020-09-17 02:30:55,stephen.clark001@analytics.example.com
,PAY-202009-00000004262,ORD-202009-0000002018,CUST-0000135088,2020-09-02 23:47:38,Debit Card,Success,2380.0,AUD,AUS,Oceania,,false,2020-09-02 23:47:38,timothy.cameron104@commerce.example.com
,PAY-202009-00000004263,ORD-202009-0000002982,CUST-0000149469,2020-09-14 01:24:37,Phonepe,Success,2282.88,EUR,NLD,Europe,,false,2020-09-14 01:24:37,david.cabrera119@dataops.example.com
,PAY-202009-00000004264,ORD-202009-0000005547,CUST-0000147639,2020-09-23 07:40:19,Credit Card,Success,2484.71,EUR,ESP,Europe,,false,2020-09-23 07:40:19,micheal.chen050@dataops.example.com
,PAY-202009-00000004265,ORD-202009-0000004420,CUST-0000142459,2020-09-30 07:33:39,Buy Now Pay Later,Success,574.54,BRL,BRA,South America,,false,2020-09-30 07:33:39,joseph.johnson049@dataops.example.com
,PAY-202009-00000004266,ORD-202009-0000002479,CUST-0000151472,2020-09-09 20:06:33,Gift Card,Success,1769.69,EUR,DEU,Europe,,false,2020-09-09 20:06:33,kelsey.taylor010@platform.example.com
,PAY-202009-00000004267,ORD-202009-0000005758,CUST-0000145406,2020-09-26 18:36:15,Phonepe,Success,2948.47,EUR,DEU,Europe,,false,2020-09-26 18:36:15,micheal.hall064@dataops.example.com
,PAY-202009-00000004268,ORD-202009-0000001985,CUST-0000140373,2020-09-21 12:51:29,Paytm,Success,1592.08,GBP,GBR,Europe,,false,2020-09-21 12:51:29,ashley.marks069@commerce.example.com
,PAY-202009-00000004269,ORD-202009-0000000643,CUST-0000147603,2020-09-12 20:49:27,Phonepe,Success,2641.09,EUR,NLD,Europe,,false,2020-09-12 20:49:27,adam.gordon030@commerce.example.com
,PAY-202009-00000004270,ORD-202009-0000005745,CUST-0000149913,2020-09-11 09:49:54,Apple Pay,Failed,2992.71,CAD,CAN,North America,Network timeout,false,2020-09-11 09:49:54,brandi.carter038@dataops.example.com
,PAY-202009-00000004271,ORD-202009-0000002586,CUST-0000145615,2020-09-04 03:58:23,Buy Now Pay Later,Success,945.04,GBP,GBR,Europe,,false,2020-09-04 03:58:23,victor.palmer071@platform.example.com
,PAY-202009-00000004272,ORD-202009-0000001705,CUST-0000151906,2020-09-13 11:47:22,Buy Now Pay Later,Success,1361.16,USD,USA,North America,,false,2020-09-13 11:47:22,eric.horton058@analytics.example.com
,PAY-202009-00000004273,ORD-202009-0000001620,CUST-0000145310,2020-09-17 16:32:26,Gift Card,Failed,1102.48,EUR,FRA,Europe,Invalid CVV,false,2020-09-17 16:32:26,michael.johnson061@platform.example.com
,PAY-202009-00000004274,ORD-202009-0000002110,CUST-0000135764,2020-09-02 21:04:46,Credit Card,Success,3279.06,INR,IND,Asia,,false,2020-09-02 21:04:46,taylor.cunningham023@commerce.example.com
,PAY-202009-00000004275,ORD-202009-0000002010,CUST-0000143546,2020-09-28 23:21:37,Paytm,Success,2576.1,EUR,DEU,Europe,,false,2020-09-28 23:21:37,jennifer.bauer068@analytics.example.com
,PAY-202009-00000004276,ORD-202009-0000002598,CUST-0000147072,2020-09-22 21:28:00,PayPal,Success,1580.41,EUR,NLD,Europe,,false,2020-09-22 21:28:00,eric.mullen052@dataops.example.com
,PAY-202009-00000004277,ORD-202009-0000003314,CUST-0000138314,2020-09-13 05:33:14,Apple Pay,Success,3490.21,BRL,BRA,South America,,false,2020-09-13 05:33:14,stephen.clark001@analytics.example.com
,PAY-202009-00000004278,ORD-202009-0000001315,CUST-0000154101,2020-09-23 01:40:05,Paytm,Success,3443.88,MXN,MEX,North America,,false,2020-09-23 01:40:05,eric.horton058@analytics.example.com
,PAY-202009-00000004279,ORD-202009-0000005858,CUST-0000140030,2020-09-08 04:19:14,Paytm,Failed,2932.15,MXN,MEX,North America,Network timeout,false,2020-09-08 04:19:14,michelle.bender024@analytics.example.com
,PAY-202009-00000004280,ORD-202009-0000001951,CUST-0000136722,2020-09-18 20:47:49,PayPal,Success,806.57,JPY,JPN,Asia,,false,2020-09-18 20:47:49,david.cabrera119@dataops.example.com
,PAY-202009-00000004281,ORD-202009-0000000582,CUST-0000147011,2020-09-01 13:01:58,Credit Card,Success,3411.41,EUR,ITA,Europe,,false,2020-09-01 13:01:58,megan.cunningham013@commerce.example.com
,PAY-202009-00000004282,ORD-202009-0000004925,CUST-0000153919,2020-09-24 09:50:14,Paytm,Success,427.12,EUR,ITA,Europe,,false,2020-09-24 09:50:14,jennifer.bauer068@analytics.example.com
,PAY-202009-00000004283,ORD-202009-0000002543,CUST-0000143543,2020-09-19 22:34:46,PayPal,Success,917.36,EUR,NLD,Europe,,false,2020-09-19 22:34:46,tina.williams074@commerce.example.com
,PAY-202009-00000004284,ORD-202009-0000003766,CUST-0000143696,2020-09-18 03:27:31,Apple Pay,Success,1819.06,GBP,GBR,Europe,,false,2020-09-18 03:27:31,jeffery.miller012@commerce.example.com
,PAY-202009-00000004285,ORD-202009-0000001735,CUST-0000141874,2020-09-24 14:18:07,Debit Card,Success,600.26,AED,ARE,Asia,,false,2020-09-24 14:18:07,stephen.daniels076@commerce.example.com
,PAY-202009-00000004286,ORD-202009-0000004920,CUST-0000143450,2020-09-29 23:28:19,Google Pay,Success,361.54,EUR,DEU,Europe,,false,2020-09-29 23:28:19,michelle.sims041@analytics.example.com
,PAY-202009-00000004287,ORD-202009-0000004507,CUST-0000142754,2020-09-23 04:54:35,Credit Card,Failed,2871.38,EUR,ITA,Europe,Invalid CVV,false,2020-09-23 04:54:35,jeffery.miller012@commerce.example.com
,PAY-202009-00000004288,ORD-202009-0000002832,CUST-0000140727,2020-09-01 13:47:35,Apple Pay,Success,3245.35,INR,IND,Asia,,false,2020-09-01 13:47:35,joseph.johnson049@dataops.example.com
,PAY-202009-00000004289,ORD-202009-0000001998,CUST-0000141226,2020-09-20 08:07:38,PayPal,Success,680.07,AED,ARE,Asia,,false,2020-09-20 08:07:38,brandi.carter038@dataops.example.com
,PAY-202009-00000004290,ORD-202009-0000003816,CUST-0000136315,2020-09-29 12:45:29,Paytm,Success,293.69,MXN,MEX,North America,,false,2020-09-29 12:45:29,adam.gordon030@commerce.example.com
,PAY-202009-00000004291,ORD-202009-0000005867,CUST-0000153195,2020-09-21 13:26:13,Apple Pay,Success,3430.35,AED,ARE,Asia,,false,2020-09-21 13:26:13,michael.johnson061@platform.example.com
,PAY-202009-00000004292,ORD-202009-0000004076,CUST-0000146165,2020-09-16 08:02:39,Buy Now Pay Later,Success,1640.43,INR,IND,Asia,,false,2020-09-16 08:02:39,jeffery.miller012@commerce.example.com
,PAY-202009-00000004293,ORD-202009-0000005080,CUST-0000145780,2020-09-14 07:42:58,Paytm,Success,912.1,USD,USA,North America,,false,2020-09-14 07:42:58,patrick.gonzalez035@dataops.example.com
,PAY-202009-00000004294,ORD-202009-0000004443,CUST-0000140294,2020-09-04 21:09:02,Google Pay,Success,445.14,INR,IND,Asia,,false,2020-09-04 21:09:02,andrea.cummings039@platform.example.com
,PAY-202009-00000004295,ORD-202009-0000003428,CUST-0000147186,2020-09-28 04:27:06,Debit Card,Success,2832.58,AUD,AUS,Oceania,,false,2020-09-28 04:27:06,megan.cunningham013@commerce.example.com
,PAY-202009-00000004296,ORD-202009-0000004135,CUST-0000148734,2020-09-01 15:43:58,Paytm,Success,1868.74,CAD,CAN,North America,,false,2020-09-01 15:43:58,taylor.cunningham023@commerce.example.com
,PAY-202009-00000004297,ORD-202009-0000004960,CUST-0000135580,2020-09-19 23:04:33,Buy Now Pay Later,Success,3262.11,BRL,BRA,South America,,false,2020-09-19 23:04:33,peter.martinez098@platform.example.com
,PAY-202009-00000004298,ORD-202009-0000005538,CUST-0000136999,2020-09-04 21:05:53,Apple Pay,Success,980.64,EUR,NLD,Europe,,false,2020-09-04 21:05:53,michael.berger060@platform.example.com
,PAY-202009-00000004299,ORD-202009-0000004142,CUST-0000151806,2020-09-27 00:42:58,Apple Pay,Success,2694.19,EUR,NLD,Europe,,false,2020-09-27 00:42:58,jennifer.hudson020@analytics.example.com
,PAY-202009-00000004300,ORD-202009-0000003072,CUST-0000141069,2020-09-04 19:29:05,Google Pay,Success,85.65,EUR,DEU,Europe,,false,2020-09-04 19:29:05,adam.gordon030@commerce.example.com
,PAY-202009-00000004301,ORD-202009-0000002003,CUST-0000142298,2020-09-20 17:46:44,PayPal,Success,2306.8,EUR,NLD,Europe,,false,2020-09-20 17:46:44,michelle.bender024@analytics.example.com
,PAY-202009-00000004302,ORD-202009-0000003819,CUST-0000148102,2020-09-02 12:24:37,Phonepe,Success,2043.61,SGD,SGP,Asia,,false,2020-09-02 12:24:37,timothy.cannon081@analytics.example.com
,PAY-202009-00000004303,ORD-202009-0000000918,CUST-0000150923,2020-09-11 14:56:51,Buy Now Pay Later,Success,1456.66,EUR,NLD,Europe,,false,2020-09-11 14:56:51,jeffery.miller012@commerce.example.com
,PAY-202009-00000004304,ORD-202009-0000001947,CUST-0000144367,2020-09-14 04:18:02,Credit Card,Success,1515.86,EUR,ESP,Europe,,false,2020-09-14 04:18:02,susan.rice083@commerce.example.com
,PAY-202009-00000004305,ORD-202009-0000001258,CUST-0000139282,2020-09-03 12:58:47,Google Pay,Success,2635.27,CAD,CAN,North America,,false,2020-09-03 12:58:47,jeffery.miller012@commerce.example.com
,PAY-202009-00000004306,ORD-202009-0000004536,CUST-0000145594,2020-09-18 03:14:32,Apple Pay,Success,1771.98,INR,IND,Asia,,false,2020-09-18 03:14:32,michael.berger060@platform.example.com
,PAY-202009-00000004307,ORD-202009-0000003217,CUST-0000138822,2020-09-24 05:57:21,Phonepe,Success,817.79,USD,USA,North America,,false,2020-09-24 05:57:21,eric.horton058@analytics.example.com
,PAY-202009-00000004308,ORD-202009-0000002599,CUST-0000142672,2020-09-11 17:11:55,Phonepe,Success,1317.1,SGD,SGP,Asia,,false,2020-09-11 17:11:55,timothy.cameron104@commerce.example.com
,PAY-202009-00000004309,ORD-202009-0000000198,CUST-0000150894,2020-09-13 00:02:41,Bank Transfer,Success,1914.54,EUR,ESP,Europe,,false,2020-09-13 00:02:41,patrick.gonzalez035@dataops.example.com
,PAY-202009-00000004310,ORD-202009-0000000224,CUST-0000144341,2020-09-21 19:10:37,Buy Now Pay Later,Success,87.48,INR,IND,Asia,,false,2020-09-21 19:10:37,megan.cunningham013@commerce.example.com
,PAY-202009-00000004311,ORD-202009-0000002273,CUST-0000145185,2020-09-09 07:47:37,Apple Pay,Failed,2445.3,AUD,AUS,Oceania,Invalid CVV,false,2020-09-09 07:47:37,brandon.yu006@analytics.example.com
,PAY-202009-00000004312,ORD-202009-0000001166,CUST-0000147597,2020-09-25 20:23:55,Paytm,Success,3000.61,CAD,CAN,North America,,false,2020-09-25 20:23:55,ashley.marks069@commerce.example.com
,PAY-202009-00000004313,ORD-202009-0000001855,CUST-0000142059,2020-09-26 19:08:04,Gift Card,Success,1270.7,EUR,ITA,Europe,,false,2020-09-26 19:08:04,micheal.hall064@dataops.example.com
,PAY-202009-00000004314,ORD-202009-0000005389,CUST-0000150167,2020-09-23 15:09:36,Bank Transfer,Success,2663.12,MXN,MEX,North America,,false,2020-09-23 15:09:36,jeffery.miller012@commerce.example.com
,PAY-202009-00000004315,ORD-202009-0000006344,CUST-0000146445,2020-09-14 01:26:52,Google Pay,Success,234.66,EUR,ITA,Europe,,false,2020-09-14 01:26:52,jeffery.miller012@commerce.example.com
,PAY-202009-00000004316,ORD-202009-0000006322,CUST-0000144713,2020-09-21 21:25:17,Bank Transfer,Success,1659.95,USD,USA,North America,,false,2020-09-21 21:25:17,james.proctor094@dataops.example.com
,PAY-202009-00000004317,ORD-202009-0000003796,CUST-0000135113,2020-09-05 18:31:32,Bank Transfer,Success,2552.44,INR,IND,Asia,,false,2020-09-05 18:31:32,jennifer.bauer068@analytics.example.com
,PAY-202009-00000004318,ORD-202009-0000003827,CUST-0000136454,2020-09-19 01:35:49,Debit Card,Success,1989.65,USD,USA,North America,,false,2020-09-19 01:35:49,victor.palmer071@platform.example.com
,PAY-202009-00000004319,ORD-202009-0000002407,CUST-0000135767,2020-09-04 07:36:56,Google Pay,Success,1714.74,INR,IND,Asia,,false,2020-09-04 07:36:56,james.proctor094@dataops.example.com
,PAY-202009-00000004320,ORD-202009-0000004589,CUST-0000146855,2020-09-17 14:33:27,Debit Card,Success,1699.03,MXN,MEX,North America,,false,2020-09-17 14:33:27,timothy.cannon081@analytics.example.com
,PAY-202009-00000004321,ORD-202009-0000005652,CUST-0000152870,2020-09-21 00:56:26,Phonepe,Success,2431.04,MXN,MEX,North America,,false,2020-09-21 00:56:26,james.proctor094@dataops.example.com
,PAY-202009-00000004322,ORD-202009-0000001872,CUST-0000139998,2020-09-01 08:18:09,Apple Pay,Success,3382.04,EUR,NLD,Europe,,false,2020-09-01 08:18:09,michelle.sims041@analytics.example.com
,PAY-202009-00000004323,ORD-202009-0000002193,CUST-0000146477,2020-09-14 21:35:37,Paytm,Pending,1140.45,EUR,DEU,Europe,,false,2020-09-14 21:35:37,michael.berger060@platform.example.com
,PAY-202009-00000004324,ORD-202009-0000000883,CUST-0000153115,2020-09-02 10:42:10,Apple Pay,Refunded,1477.71,USD,USA,North America,,true,2020-09-02 10:42:10,brandi.carter038@dataops.example.com
,PAY-202009-00000004325,ORD-202009-0000004973,CUST-0000137119,2020-09-25 15:23:15,PayPal,Success,3188.84,AED,ARE,Asia,,false,2020-09-25 15:23:15,patrick.gonzalez035@dataops.example.com
,PAY-202009-00000004326,ORD-202009-0000000267,CUST-0000144301,2020-09-07 03:29:13,Bank Transfer,Success,2893.26,INR,IND,Asia,,false,2020-09-07 03:29:13,brandi.carter038@dataops.example.com
,PAY-202009-00000004327,ORD-202009-0000005591,CUST-0000147061,2020-09-13 13:22:26,Bank Transfer,Success,1526.09,USD,USA,North America,,false,2020-09-13 13:22:26,timothy.cannon081@analytics.example.com
,PAY-202009-00000004328,ORD-202009-0000001188,CUST-0000141660,2020-09-14 20:53:55,Bank Transfer,Success,1613.5,EUR,DEU,Europe,,false,2020-09-14 20:53:55,brandi.carter038@dataops.example.com
,PAY-202009-00000004329,ORD-202009-0000002193,CUST-0000140156,2020-09-09 00:02:55,Bank Transfer,Success,2484.93,EUR,ESP,Europe,,false,2020-09-09 00:02:55,jeffery.miller012@commerce.example.com
,PAY-202009-00000004330,ORD-202009-0000000202,CUST-0000146530,2020-09-13 02:39:11,Google Pay,Success,2367.64,MXN,MEX,North America,,false,2020-09-13 02:39:11,micheal.chen050@dataops.example.com
,PAY-202009-00000004331,ORD-202009-0000001294,CUST-0000146635,2020-09-27 20:31:15,Paytm,Success,3337.08,EUR,ITA,Europe,,false,2020-09-27 20:31:15,michelle.bender024@analytics.example.com
,PAY-202009-00000004332,ORD-202009-0000000296,CUST-0000153101,2020-09-30 10:17:00,Apple Pay,Success,3307.19,EUR,FRA,Europe,,false,2020-09-30 10:17:00,jennifer.hudson020@analytics.example.com
,PAY-202009-00000004333,ORD-202009-0000006395,CUST-0000145497,2020-09-27 13:54:59,PayPal,Success,895.23,EUR,ESP,Europe,,false,2020-09-27 13:54:59,tina.williams074@commerce.example.com
,PAY-202009-00000004334,ORD-202009-0000005245,CUST-0000142496,2020-09-18 02:55:20,Gift Card,Success,1451.51,CAD,CAN,North America,,false,2020-09-18 02:55:20,michelle.bender024@analytics.example.com
,PAY-202009-00000004335,ORD-202009-0000005162,CUST-0000150430,2020-09-06 00:05:48,Apple Pay,Success,1803.75,EUR,ESP,Europe,,false,2020-09-06 00:05:48,joseph.johnson049@dataops.example.com
,PAY-202009-00000004336,ORD-202009-0000005614,CUST-0000146723,2020-09-11 22:31:03,Gift Card,Success,134.28,SGD,SGP,Asia,,false,2020-09-11 22:31:03,lance.williams029@platform.example.com
,PAY-202009-00000004337,ORD-202009-0000001074,CUST-0000148650,2020-09-20 20:56:20,Gift Card,Success,1030.07,EUR,ESP,Europe,,false,2020-09-20 20:56:20,peter.martinez098@platform.example.com
,PAY-202009-00000004338,ORD-202009-0000003599,CUST-0000138899,2020-09-10 16:31:55,Paytm,Success,3052.48,SGD,SGP,Asia,,false,2020-09-10 16:31:55,jennifer.hudson020@analytics.example.com
,PAY-202009-00000004339,ORD-202009-0000005764,CUST-0000141514,2020-09-18 16:48:28,Phonepe,Success,3333.14,GBP,GBR,Europe,,false,2020-09-18 16:48:28,tina.williams074@commerce.example.com
,PAY-202009-00000004340,ORD-202009-0000000609,CUST-0000144174,2020-09-22 03:42:32,Credit Card,Failed,490.38,INR,IND,Asia,Invalid CVV,false,2020-09-22 03:42:32,john.mullins109@commerce.example.com
,PAY-202009-00000004341,ORD-202009-0000006114,CUST-0000137823,2020-09-20 07:10:02,Google Pay,Success,1175.36,MXN,MEX,North America,,false,2020-09-20 07:10:02,tina.williams074@commerce.example.com
,PAY-202009-00000004342,ORD-202009-0000004021,CUST-0000147688,2020-09-18 20:29:27,Paytm,Success,839.42,BRL,BRA,South America,,false,2020-09-18 20:29:27,ryan.steele043@commerce.example.com
,PAY-202009-00000004343,ORD-202009-0000003877,CUST-0000148162,2020-09-22 16:39:36,Bank Transfer,Success,3236.39,BRL,BRA,South America,,false,2020-09-22 16:39:36,megan.cunningham013@commerce.example.com
,PAY-202009-00000004344,ORD-202009-0000001609,CUST-0000145711,2020-09-03 20:36:54,Paytm,Success,1501.84,BRL,BRA,South America,,false,2020-09-03 20:36:54,timothy.cameron104@commerce.example.com
,PAY-202009-00000004345,ORD-202009-0000000471,CUST-0000140543,2020-09-19 14:56:50,Paytm,Success,1194.14,CAD,CAN,North America,,false,2020-09-19 14:56:50,jennifer.hudson020@analytics.example.com
,PAY-202009-00000004346,ORD-202009-0000004430,CUST-0000154024,2020-09-12 11:25:34,Gift Card,Success,2346.62,AED,ARE,Asia,,false,2020-09-12 11:25:34,victor.palmer071@platform.example.com
,PAY-202009-00000004347,ORD-202009-0000003019,CUST-0000151152,2020-09-19 00:19:53,PayPal,Success,2075.48,EUR,DEU,Europe,,false,2020-09-19 00:19:53,kelsey.taylor010@platform.example.com
,PAY-202009-00000004348,ORD-202009-0000004065,CUST-0000145011,2020-09-15 10:58:22,Gift Card,Success,2128.31,AED,ARE,Asia,,false,2020-09-15 10:58:22,david.cabrera119@dataops.example.com
,PAY-202009-00000004349,ORD-202009-0000000721,CUST-0000141546,2020-09-02 02:32:09,Credit Card,Success,1816.23,GBP,GBR,Europe,,false,2020-09-02 02:32:09,david.cabrera119@dataops.example.com
,PAY-202009-00000004350,ORD-202009-0000003233,CUST-0000137384,2020-09-04 19:50:23,Credit Card,Success,602.42,EUR,NLD,Europe,,false,2020-09-04 19:50:23,peter.martinez098@platform.example.com
,PAY-202009-00000004351,ORD-202009-0000006177,CUST-0000144958,2020-09-12 15:01:20,Google Pay,Success,891.23,AUD,AUS,Oceania,,false,2020-09-12 15:01:20,peter.martinez098@platform.example.com
,PAY-202009-00000004352,ORD-202009-0000001362,CUST-0000144902,2020-09-29 02:12:55,Phonepe,Success,1320.35,EUR,ITA,Europe,,false,2020-09-29 02:12:55,tina.williams074@commerce.example.com
,PAY-202009-00000004353,ORD-202009-0000006047,CUST-0000143670,2020-09-19 09:12:38,PayPal,Success,3477.26,USD,USA,North America,,false,2020-09-19 09:12:38,michelle.bender024@analytics.example.com
,PAY-202009-00000004354,ORD-202009-0000003046,CUST-0000138362,2020-09-14 20:40:32,Credit Card,Success,1805.26,JPY,JPN,Asia,,false,2020-09-14 20:40:32,joseph.johnson049@dataops.example.com
,PAY-202009-00000004355,ORD-202009-0000005997,CUST-0000150118,2020-09-12 09:09:40,Bank Transfer,Success,2073.03,EUR,ESP,Europe,,false,2020-09-12 09:09:40,timothy.cameron104@commerce.example.com
,PAY-202009-00000004356,ORD-202009-0000001667,CUST-0000151920,2020-09-20 02:47:17,Credit Card,Success,1966.75,MXN,MEX,North America,,false,2020-09-20 02:47:17,taylor.cunningham023@commerce.example.com
,PAY-202009-00000004357,ORD-202009-0000005143,CUST-0000140560,2020-09-11 04:42:14,Google Pay,Success,3361.83,USD,USA,North America,,false,2020-09-11 04:42:14,timothy.cannon081@analytics.example.com
,PAY-202009-00000004358,ORD-202009-0000004131,CUST-0000146598,2020-09-13 18:13:36,Bank Transfer,Success,369.68,INR,IND,Asia,,false,2020-09-13 18:13:36,brandi.carter038@dataops.example.com
,PAY-202009-00000004359,ORD-202009-0000003407,CUST-0000135089,2020-09-29 22:46:51,Phonepe,Success,2017.4,EUR,DEU,Europe,,false,2020-09-29 22:46:51,peter.martinez098@platform.example.com
,PAY-202009-00000004360,ORD-202009-0000002466,CUST-0000140415,2020-09-11 17:04:13,Credit Card,Success,2950.31,EUR,DEU,Europe,,false,2020-09-11 17:04:13,timothy.cameron104@commerce.example.com
,PAY-202009-00000004361,ORD-202009-0000000342,CUST-0000147403,2020-09-03 03:29:55,PayPal,Success,428.43,CAD,CAN,North America,,false,2020-09-03 03:29:55,jennifer.bauer068@analytics.example.com
,PAY-202009-00000004362,ORD-202009-0000005887,CUST-0000143509,2020-09-10 06:17:00,Gift Card,Success,576.49,EUR,DEU,Europe,,false,2020-09-10 06:17:00,ashley.marks069@commerce.example.com
,PAY-202009-00000004363,ORD-202009-0000006183,CUST-0000153172,2020-09-20 19:34:05,Buy Now Pay Later,Success,1641.28,AUD,AUS,Oceania,,false,2020-09-20 19:34:05,alyssa.richards002@commerce.example.com
,PAY-202009-00000004364,ORD-202009-0000003157,CUST-0000149847,2020-09-21 23:34:31,Credit Card,Failed,1050.77,EUR,FRA,Europe,Fraud check failed,false,2020-09-21 23:34:31,stephen.clark001@analytics.example.com
,PAY-202009-00000004365,ORD-202009-0000000496,CUST-0000146517,2020-09-20 20:52:05,Debit Card,Success,323.78,BRL,BRA,South America,,false,2020-09-20 20:52:05,david.cabrera119@dataops.example.com
,PAY-202009-00000004366,ORD-202009-0000005609,CUST-0000137010,2020-09-20 23:17:06,Phonepe,Success,2110.96,AED,ARE,Asia,,false,2020-09-20 23:17:06,alyssa.richards002@commerce.example.com
,PAY-202009-00000004367,ORD-202009-0000003326,CUST-0000145919,2020-09-28 11:52:01,Phonepe,Success,1727.7,GBP,GBR,Europe,,false,2020-09-28 11:52:01,tina.williams074@commerce.example.com
,PAY-202009-00000004368,ORD-202009-0000003109,CUST-0000147332,2020-09-17 22:32:14,Buy Now Pay Later,Success,1728.72,AUD,AUS,Oceania,,false,2020-09-17 22:32:14,ashley.marks069@commerce.example.com
,PAY-202009-00000004369,ORD-202009-0000000642,CUST-0000147856,2020-09-30 18:59:34,Phonepe,Success,1442.59,GBP,GBR,Europe,,false,2020-09-30 18:59:34,victor.palmer071@platform.example.com
,PAY-202009-00000004370,ORD-202009-0000002503,CUST-0000142017,2020-09-19 05:56:23,Apple Pay,Success,354.86,BRL,BRA,South America,,false,2020-09-19 05:56:23,ashley.marks069@commerce.example.com
,PAY-202009-00000004371,ORD-202009-0000003895,CUST-0000144648,2020-09-06 07:22:36,Gift Card,Success,648.39,AED,ARE,Asia,,false,2020-09-06 07:22:36,megan.cunningham013@commerce.example.com
,PAY-202009-00000004372,ORD-202009-0000003357,CUST-0000143165,2020-09-09 01:36:13,Debit Card,Success,3478.81,MXN,MEX,North America,,false,2020-09-09 01:36:13,michael.berger060@platform.example.com
,PAY-202009-00000004373,ORD-202009-0000002989,CUST-0000147735,2020-09-25 23:41:58,Paytm,Success,2392.91,MXN,MEX,North America,,false,2020-09-25 23:41:58,tina.williams074@commerce.example.com
,PAY-202009-00000004374,ORD-202009-0000000891,CUST-0000142582,2020-09-29 07:11:31,PayPal,Success,2100.18,BRL,BRA,South America,,false,2020-09-29 07:11:31,stephen.clark001@analytics.example.com
,PAY-202009-00000004375,ORD-202009-0000000392,CUST-0000139580,2020-09-03 06:54:26,Gift Card,Success,3461.43,BRL,BRA,South America,,false,2020-09-03 06:54:26,jennifer.hudson020@analytics.example.com
,PAY-202009-00000004376,ORD-202009-0000006334,CUST-0000136874,2020-09-16 14:22:06,Buy Now Pay Later,Success,1346.57,USD,USA,North America,,false,2020-09-16 14:22:06,brandi.carter038@dataops.example.com
,PAY-202009-00000004377,ORD-202009-0000006206,CUST-0000135562,2020-09-05 01:18:31,Gift Card,Success,1975.3,GBP,GBR,Europe,,false,2020-09-05 01:18:31,james.proctor094@dataops.example.com
,PAY-202009-00000004378,ORD-202009-0000001887,CUST-0000152707,2020-09-13 08:19:34,Paytm,Success,1591.32,AED,ARE,Asia,,false,2020-09-13 08:19:34,taylor.cunningham023@commerce.example.com
,PAY-202009-00000004379,ORD-202009-0000003977,CUST-0000138202,2020-09-30 22:26:07,Debit Card,Success,3316.97,JPY,JPN,Asia,,false,2020-09-30 22:26:07,ryan.steele043@commerce.example.com
,PAY-202009-00000004380,ORD-202009-0000005719,CUST-0000136141,2020-09-19 05:47:53,Credit Card,Refunded,1525.47,EUR,ITA,Europe,,true,2020-09-19 05:47:53,stephen.daniels076@commerce.example.com
,PAY-202009-00000004381,ORD-202009-0000005707,CUST-0000150803,2020-09-25 15:19:30,Bank Transfer,Success,2853.57,INR,IND,Asia,,false,2020-09-25 15:19:30,megan.cunningham013@commerce.example.com
,PAY-202009-00000004382,ORD-202009-0000003639,CUST-0000141659,2020-09-10 12:49:03,Paytm,Success,2046.31,EUR,ITA,Europe,,false,2020-09-10 12:49:03,victor.palmer071@platform.example.com
,PAY-202009-00000004383,ORD-202009-0000003681,CUST-0000151482,2020-09-05 21:32:34,Phonepe,Success,61.1,CAD,CAN,North America,,false,2020-09-05 21:32:34,micheal.chen050@dataops.example.com
,PAY-202009-00000004384,ORD-202009-0000002340,CUST-0000152998,2020-09-05 20:36:57,Google Pay,Success,760.86,EUR,ESP,Europe,,false,2020-09-05 20:36:57,megan.cunningham013@commerce.example.com
,PAY-202009-00000004385,ORD-202009-0000005054,CUST-0000140773,2020-09-22 23:01:51,PayPal,Success,80.43,INR,IND,Asia,,false,2020-09-22 23:01:51,stephen.clark001@analytics.example.com
,PAY-202009-00000004386,ORD-202009-0000004196,CUST-0000143723,2020-09-06 15:03:24,Google Pay,Success,2220.81,SGD,SGP,Asia,,false,2020-09-06 15:03:24,ashley.marks069@commerce.example.com
,PAY-202009-00000004387,ORD-202009-0000000142,CUST-0000152809,2020-09-08 02:21:06,Phonepe,Success,2055.89,JPY,JPN,Asia,,false,2020-09-08 02:21:06,brandon.yu006@analytics.example.com
,PAY-202009-00000004388,ORD-202009-0000005101,CUST-0000147378,2020-09-04 12:53:53,Gift Card,Success,1032.21,MXN,MEX,North America,,false,2020-09-04 12:53:53,maria.ashley046@analytics.example.com
,PAY-202009-00000004389,ORD-202009-0000002544,CUST-0000141265,2020-09-28 02:12:13,Credit Card,Success,3159.39,INR,IND,Asia,,false,2020-09-28 02:12:13,maria.ashley046@analytics.example.com
,PAY-202009-00000004390,ORD-202009-0000001924,CUST-0000144145,2020-09-16 18:40:29,Paytm,Success,2812.94,INR,IND,Asia,,false,2020-09-16 18:40:29,jeffery.miller012@commerce.example.com
,PAY-202009-00000004391,ORD-202009-0000004160,CUST-0000152059,2020-09-05 23:08:48,Google Pay,Success,3184.71,INR,IND,Asia,,false,2020-09-05 23:08:48,tina.williams074@commerce.example.com
,PAY-202009-00000004392,ORD-202009-0000003054,CUST-0000150895,2020-09-06 17:13:25,Credit Card,Failed,2148.03,AUD,AUS,Oceania,Insufficient funds,false,2020-09-06 17:13:25,maria.ashley046@analytics.example.com
,PAY-202009-00000004393,ORD-202009-0000005107,CUST-0000147247,2020-09-24 17:28:55,Bank Transfer,Pending,1941.04,SGD,SGP,Asia,,false,2020-09-24 17:28:55,ashley.marks069@commerce.example.com
,PAY-202009-00000004394,ORD-202009-0000006068,CUST-0000147440,2020-09-01 05:33:47,Bank Transfer,Success,2904.65,EUR,ESP,Europe,,false,2020-09-01 05:33:47,victor.palmer071@platform.example.com
,PAY-202009-00000004395,ORD-202009-0000002458,CUST-0000153769,2020-09-13 16:48:53,Bank Transfer,Success,487.89,GBP,GBR,Europe,,false,2020-09-13 16:48:53,maria.ashley046@analytics.example.com
,PAY-202009-00000004396,ORD-202009-0000000376,CUST-0000142434,2020-09-21 12:20:59,Buy Now Pay Later,Success,2711.06,JPY,JPN,Asia,,false,2020-09-21 12:20:59,eric.mullen052@dataops.example.com
,PAY-202009-00000004397,ORD-202009-0000005090,CUST-0000139992,2020-09-27 03:51:04,Credit Card,Success,3113.17,INR,IND,Asia,,false,2020-09-27 03:51:04,adam.gordon030@commerce.example.com
,PAY-202009-00000004398,ORD-202009-0000004257,CUST-0000142754,2020-09-15 20:10:16,Debit Card,Success,2186.84,INR,IND,Asia,,false,2020-09-15 20:10:16,stephen.daniels076@commerce.example.com
,PAY-202009-00000004399,ORD-202009-0000001873,CUST-0000140298,2020-09-08 08:28:19,Credit Card,Success,1892.9,AED,ARE,Asia,,false,2020-09-08 08:28:19,brandi.carter038@dataops.example.com
,PAY-202009-00000004400,ORD-202009-0000004661,CUST-0000147979,2020-09-19 06:54:36,Paytm,Success,1719.28,SGD,SGP,Asia,,false,2020-09-19 06:54:36,jennifer.hudson020@analytics.example.com
,PAY-202009-00000004401,ORD-202009-0000001193,CUST-0000143827,2020-09-19 10:43:32,Buy Now Pay Later,Success,3446.74,CAD,CAN,North America,,false,2020-09-19 10:43:32,eric.horton058@analytics.example.com
,PAY-202009-00000004402,ORD-202009-0000006079,CUST-0000142147,2020-09-12 11:07:43,Credit Card,Refunded,1908.03,JPY,JPN,Asia,,true,2020-09-12 11:07:43,michelle.sims041@analytics.example.com
,PAY-202009-00000004403,ORD-202009-0000004052,CUST-0000148880,2020-09-24 11:47:30,PayPal,Success,2932.65,SGD,SGP,Asia,,false,2020-09-24 11:47:30,tina.williams074@commerce.example.com
,PAY-202009-00000004404,ORD-202009-0000000551,CUST-0000136341,2020-09-08 13:12:27,Paytm,Success,1323.88,GBP,GBR,Europe,,false,2020-09-08 13:12:27,timothy.cannon081@analytics.example.com
,PAY-202009-00000004405,ORD-202009-0000001107,CUST-0000143484,2020-09-16 15:11:08,PayPal,Success,3444.02,JPY,JPN,Asia,,false,2020-09-16 15:11:08,eric.mullen052@dataops.example.com
,PAY-202009-00000004406,ORD-202009-0000003517,CUST-0000143449,2020-09-14 20:57:44,Google Pay,Success,2839.63,USD,USA,North America,,false,2020-09-14 20:57:44,patrick.gonzalez035@dataops.example.com
,PAY-202009-00000004407,ORD-202009-0000005449,CUST-0000147261,2020-09-01 14:21:43,Bank Transfer,Success,780.62,EUR,NLD,Europe,,false,2020-09-01 14:21:43,brandon.yu006@analytics.example.com
,PAY-202009-00000004408,ORD-202009-0000004579,CUST-0000145218,2020-09-04 16:35:10,Phonepe,Success,3073.03,BRL,BRA,South America,,false,2020-09-04 16:35:10,maria.ashley046@analytics.example.com
,PAY-202009-00000004409,ORD-202009-0000003455,CUST-0000140951,2020-09-17 15:45:16,Phonepe,Success,1104.83,INR,IND,Asia,,false,2020-09-17 15:45:16,peter.martinez098@platform.example.com
,PAY-202009-00000004410,ORD-202009-0000003656,CUST-0000139021,2020-09-17 09:27:19,Phonepe,Success,1264.1,CAD,CAN,North America,,false,2020-09-17 09:27:19,michelle.bender024@analytics.example.com
,PAY-202009-00000004411,ORD-202009-0000005710,CUST-0000137882,2020-09-23 08:01:48,Apple Pay,Success,1584.02,AUD,AUS,Oceania,,false,2020-09-23 08:01:48,victor.palmer071@platform.example.com
,PAY-202009-00000004412,ORD-202009-0000000489,CUST-0000142122,2020-09-19 01:39:47,Apple Pay,Success,624.72,EUR,FRA,Europe,,false,2020-09-19 01:39:47,peter.martinez098@platform.example.com
,PAY-202009-00000004413,ORD-202009-0000002803,CUST-0000139421,2020-09-08 20:26:59,Phonepe,Success,1090.91,EUR,DEU,Europe,,false,2020-09-08 20:26:59,john.mullins109@commerce.example.com
,PAY-202009-00000004414,ORD-202009-0000001378,CUST-0000152359,2020-09-22 21:59:33,Credit Card,Pending,2229.81,EUR,NLD,Europe,,false,2020-09-22 21:59:33,jeffery.miller012@commerce.example.com
,PAY-202009-00000004415,ORD-202009-0000001182,CUST-0000136117,2020-09-18 18:29:17,Bank Transfer,Success,1336.01,INR,IND,Asia,,false,2020-09-18 18:29:17,michael.johnson061@platform.example.com
,PAY-202009-00000004416,ORD-202009-0000004956,CUST-0000137384,2020-09-26 07:32:03,Paytm,Success,471.97,INR,IND,Asia,,false,2020-09-26 07:32:03,eric.mullen052@dataops.example.com
,PAY-202009-00000004417,ORD-202009-0000006155,CUST-0000149039,2020-09-17 09:21:37,Credit Card,Pending,3094.31,MXN,MEX,North America,,false,2020-09-17 09:21:37,adam.gordon030@commerce.example.com
,PAY-202009-00000004418,ORD-202009-0000000302,CUST-0000151748,2020-09-10 18:26:50,Gift Card,Success,1055.87,CAD,CAN,North America,,false,2020-09-10 18:26:50,timothy.cameron104@commerce.example.com
,PAY-202009-00000004419,ORD-202009-0000005505,CUST-0000143518,2020-09-08 05:00:32,PayPal,Success,3084.42,CAD,CAN,North America,,false,2020-09-08 05:00:32,eric.mullen052@dataops.example.com
,PAY-202009-00000004420,ORD-202009-0000003125,CUST-0000152450,2020-09-02 04:18:02,Gift Card,Success,429.1,INR,IND,Asia,,false,2020-09-02 04:18:02,micheal.chen050@dataops.example.com
,PAY-202009-00000004421,ORD-202009-0000005345,CUST-0000153732,2020-09-21 11:44:04,Phonepe,Success,2645.15,EUR,ESP,Europe,,false,2020-09-21 11:44:04,ryan.steele043@commerce.example.com
,PAY-202009-00000004422,ORD-202009-0000004887,CUST-0000139958,2020-09-16 13:04:19,Debit Card,Success,1326.27,EUR,DEU,Europe,,false,2020-09-16 13:04:19,maria.ashley046@analytics.example.com
,PAY-202009-00000004423,ORD-202009-0000001500,CUST-0000151719,2020-09-05 06:37:08,Google Pay,Success,1621.99,GBP,GBR,Europe,,false,2020-09-05 06:37:08,stephen.daniels076@commerce.example.com
,PAY-202009-00000004424,ORD-202009-0000003306,CUST-0000145840,2020-09-13 13:19:40,Gift Card,Success,2330.63,EUR,ITA,Europe,,false,2020-09-13 13:19:40,andrea.cummings039@platform.example.com
,PAY-202009-00000004425,ORD-202009-0000006204,CUST-0000148242,2020-09-17 10:12:14,Paytm,Success,722.03,INR,IND,Asia,,false,2020-09-17 10:12:14,andrea.cummings039@platform.example.com
,PAY-202009-00000004426,ORD-202009-0000005026,CUST-0000147261,2020-09-07 20:22:06,Gift Card,Success,914.8,EUR,ESP,Europe,,false,2020-09-07 20:22:06,david.cabrera119@dataops.example.com
,PAY-202009-00000004427,ORD-202009-0000001337,CUST-0000150824,2020-09-22 02:14:49,Paytm,Success,772.0,CAD,CAN,North America,,false,2020-09-22 02:14:49,james.proctor094@dataops.example.com
,PAY-202009-00000004428,ORD-202009-0000004720,CUST-0000152053,2020-09-08 11:17:31,Buy Now Pay Later,Success,3150.87,EUR,DEU,Europe,,false,2020-09-08 11:17:31,andrea.cummings039@platform.example.com
,PAY-202009-00000004429,ORD-202009-0000006428,CUST-0000135907,2020-09-25 03:06:25,Gift Card,Success,674.71,AED,ARE,Asia,,false,2020-09-25 03:06:25,eric.mullen052@dataops.example.com
,PAY-202009-00000004430,ORD-202009-0000003671,CUST-0000144696,2020-09-23 16:45:13,Gift Card,Success,1794.72,EUR,ESP,Europe,,false,2020-09-23 16:45:13,james.proctor094@dataops.example.com
,PAY-202009-00000004431,ORD-202009-0000003516,CUST-0000138627,2020-09-27 01:01:11,Google Pay,Success,324.37,BRL,BRA,South America,,false,2020-09-27 01:01:11,eric.horton058@analytics.example.com
,PAY-202009-00000004432,ORD-202009-0000006278,CUST-0000139226,2020-09-10 15:53:54,Google Pay,Refunded,960.16,BRL,BRA,South America,,true,2020-09-10 15:53:54,stephen.daniels076@commerce.example.com
,PAY-202009-00000004433,ORD-202009-0000006358,CUST-0000153024,2020-09-03 19:23:50,Apple Pay,Success,2180.96,BRL,BRA,South America,,false,2020-09-03 19:23:50,michael.berger060@platform.example.com
,PAY-202009-00000004434,ORD-202009-0000001049,CUST-0000142559,2020-09-19 15:08:17,Gift Card,Success,147.97,SGD,SGP,Asia,,false,2020-09-19 15:08:17,kelsey.taylor010@platform.example.com
,PAY-202009-00000004435,ORD-202009-0000000368,CUST-0000148401,2020-09-21 13:05:17,PayPal,Success,209.48,AUD,AUS,Oceania,,false,2020-09-21 13:05:17,adam.gordon030@commerce.example.com
,PAY-202009-00000004436,ORD-202009-0000000757,CUST-0000148730,2020-09-03 11:23:20,Paytm,Success,2053.67,EUR,FRA,Europe,,false,2020-09-03 11:23:20,timothy.cameron104@commerce.example.com
,PAY-202009-00000004437,ORD-202009-0000002302,CUST-0000152546,2020-09-30 20:57:26,Apple Pay,Success,165.35,EUR,NLD,Europe,,false,2020-09-30 20:57:26,stephen.clark001@analytics.example.com
,PAY-202009-00000004438,ORD-202009-0000000567,CUST-0000146241,2020-09-01 20:56:49,Apple Pay,Success,777.48,AUD,AUS,Oceania,,false,2020-09-01 20:56:49,tina.williams074@commerce.example.com
,PAY-202009-00000004439,ORD-202009-0000000682,CUST-0000135154,2020-09-07 11:26:00,Bank Transfer,Success,818.19,EUR,ESP,Europe,,false,2020-09-07 11:26:00,andrea.cummings039@platform.example.com
,PAY-202009-00000004440,ORD-202009-0000003829,CUST-0000134424,2020-09-14 03:00:47,Bank Transfer,Success,2757.72,INR,IND,Asia,,false,2020-09-14 03:00:47,brandi.carter038@dataops.example.com
,PAY-202009-00000004441,ORD-202009-0000005838,CUST-0000139299,2020-09-16 05:37:15,Bank Transfer,Success,354.63,AED,ARE,Asia,,false,2020-09-16 05:37:15,michael.berger060@platform.example.com
,PAY-202009-00000004442,ORD-202009-0000002270,CUST-0000141115,2020-09-13 01:16:28,Paytm,Success,745.72,EUR,ITA,Europe,,false,2020-09-13 01:16:28,megan.cunningham013@commerce.example.com
,PAY-202009-00000004443,ORD-202009-0000005739,CUST-0000146555,2020-09-09 08:11:35,Paytm,Success,552.82,MXN,MEX,North America,,false,2020-09-09 08:11:35,megan.cunningham013@commerce.example.com
,PAY-202009-00000004444,ORD-202009-0000004679,CUST-0000136391,2020-09-06 02:44:59,Buy Now Pay Later,Success,2969.12,SGD,SGP,Asia,,false,2020-09-06 02:44:59,lance.williams029@platform.example.com
,PAY-202009-00000004445,ORD-202009-0000003027,CUST-0000136315,2020-09-02 04:49:45,Gift Card,Failed,2906.48,AED,ARE,Asia,Invalid CVV,false,2020-09-02 04:49:45,jeffery.miller012@commerce.example.com
,PAY-202009-00000004446,ORD-202009-0000001467,CUST-0000137206,2020-09-22 14:38:13,Paytm,Success,682.53,EUR,ITA,Europe,,false,2020-09-22 14:38:13,timothy.cameron104@commerce.example.com
,PAY-202009-00000004447,ORD-202009-0000001781,CUST-0000149733,2020-09-29 05:22:53,Google Pay,Success,789.62,MXN,MEX,North America,,false,2020-09-29 05:22:53,adam.gordon030@commerce.example.com
,PAY-202009-00000004448,ORD-202009-0000004150,CUST-0000148447,2020-09-02 03:55:16,Phonepe,Success,2853.23,CAD,CAN,North America,,false,2020-09-02 03:55:16,victor.palmer071@platform.example.com
,PAY-202009-00000004449,ORD-202009-0000005363,CUST-0000146688,2020-09-10 23:56:22,Credit Card,Success,1068.78,INR,IND,Asia,,false,2020-09-10 23:56:22,joseph.johnson049@dataops.example.com
,PAY-202009-00000004450,ORD-202009-0000004200,CUST-0000152233,2020-09-20 13:56:39,Debit Card,Success,3381.36,MXN,MEX,North America,,false,2020-09-20 13:56:39,david.cabrera119@dataops.example.com
,PAY-202009-00000004451,ORD-202009-0000004139,CUST-0000149317,2020-09-07 13:09:56,Credit Card,Success,533.27,JPY,JPN,Asia,,false,2020-09-07 13:09:56,micheal.hall064@dataops.example.com
,PAY-202009-00000004452,ORD-202009-0000004191,CUST-0000144248,2020-09-18 08:47:18,Bank Transfer,Success,1492.47,AUD,AUS,Oceania,,false,2020-09-18 08:47:18,lance.williams029@platform.example.com
,PAY-202009-00000004453,ORD-202009-0000002903,CUST-0000148196,2020-09-27 13:16:09,Gift Card,Success,3034.4,EUR,NLD,Europe,,false,2020-09-27 13:16:09,tina.williams074@commerce.example.com
,PAY-202009-00000004454,ORD-202009-0000002849,CUST-0000148105,2020-09-12 12:45:29,Google Pay,Refunded,765.0,AUD,AUS,Oceania,,true,2020-09-12 12:45:29,timothy.cannon081@analytics.example.com
,PAY-202009-00000004455,ORD-202009-0000000703,CUST-0000148993,2020-09-26 14:20:27,Google Pay,Success,2376.17,CAD,CAN,North America,,false,2020-09-26 14:20:27,david.cabrera119@dataops.example.com
,PAY-202009-00000004456,ORD-202009-0000002090,CUST-0000152853,2020-09-04 14:27:31,Google Pay,Success,656.08,EUR,ESP,Europe,,false,2020-09-04 14:27:31,jennifer.hudson020@analytics.example.com
,PAY-202009-00000004457,ORD-202009-0000002540,CUST-0000151852,2020-09-02 02:46:51,Debit Card,Success,58.61,EUR,FRA,Europe,,false,2020-09-02 02:46:51,kelsey.taylor010@platform.example.com
,PAY-202009-00000004458,ORD-202009-0000002834,CUST-0000144717,2020-09-29 23:21:44,Gift Card,Success,3007.69,EUR,NLD,Europe,,false,2020-09-29 23:21:44,tina.williams074@commerce.example.com
,PAY-202009-00000004459,ORD-202009-0000002707,CUST-0000141233,2020-09-15 18:08:37,Apple Pay,Success,376.9,BRL,BRA,South America,,false,2020-09-15 18:08:37,timothy.cameron104@commerce.example.com
,PAY-202009-00000004460,ORD-202009-0000003239,CUST-0000143523,2020-09-12 19:24:42,Gift Card,Success,82.32,INR,IND,Asia,,false,2020-09-12 19:24:42,michelle.bender024@analytics.example.com
,PAY-202009-00000004461,ORD-202009-0000005880,CUST-0000140504,2020-09-27 00:26:15,Apple Pay,Refunded,3163.26,EUR,ESP,Europe,,true,2020-09-27 00:26:15,maria.ashley046@analytics.example.com
,PAY-202009-00000004462,ORD-202009-0000002551,CUST-0000142005,2020-09-18 06:15:46,Debit Card,Success,116.53,USD,USA,North America,,false,2020-09-18 06:15:46,ryan.steele043@commerce.example.com
,PAY-202009-00000004463,ORD-202009-0000004666,CUST-0000135388,2020-09-18 20:30:15,Gift Card,Success,2769.12,AUD,AUS,Oceania,,false,2020-09-18 20:30:15,micheal.chen050@dataops.example.com
,PAY-202009-00000004464,ORD-202009-0000004240,CUST-0000137338,2020-09-05 02:49:23,Paytm,Failed,914.9,GBP,GBR,Europe,Network timeout,false,2020-09-05 02:49:23,joseph.johnson049@dataops.example.com
,PAY-202009-00000004465,ORD-202009-0000002804,CUST-0000137474,2020-09-24 15:55:04,Apple Pay,Success,3495.56,AED,ARE,Asia,,false,2020-09-24 15:55:04,michael.johnson061@platform.example.com
,PAY-202009-00000004466,ORD-202009-0000000995,CUST-0000147351,2020-09-19 21:37:10,Phonepe,Success,1153.74,EUR,ESP,Europe,,false,2020-09-19 21:37:10,megan.cunningham013@commerce.example.com
,PAY-202009-00000004467,ORD-202009-0000005755,CUST-0000144862,2020-09-22 18:50:08,PayPal,Success,2893.87,JPY,JPN,Asia,,false,2020-09-22 18:50:08,michael.johnson061@platform.example.com
,PAY-202009-00000004468,ORD-202009-0000000516,CUST-0000137783,2020-09-29 14:12:59,Debit Card,Success,2047.9,CAD,CAN,North America,,false,2020-09-29 14:12:59,ryan.steele043@commerce.example.com
,PAY-202009-00000004469,ORD-202009-0000006555,CUST-0000140046,2020-09-02 12:19:12,Phonepe,Success,2464.93,EUR,NLD,Europe,,false,2020-09-02 12:19:12,patrick.gonzalez035@dataops.example.com
,PAY-202009-00000004470,ORD-202009-0000000511,CUST-0000152378,2020-09-16 06:44:17,Debit Card,Success,1372.98,SGD,SGP,Asia,,false,2020-09-16 06:44:17,victor.palmer071@platform.example.com
,PAY-202009-00000004471,ORD-202009-0000003729,CUST-0000144145,2020-09-15 03:35:52,Gift Card,Success,1548.94,EUR,ESP,Europe,,false,2020-09-15 03:35:52,david.cabrera119@dataops.example.com
,PAY-202009-00000004472,ORD-202009-0000002240,CUST-0000153464,2020-09-27 06:35:02,Phonepe,Success,850.73,USD,USA,North America,,false,2020-09-27 06:35:02,maria.ashley046@analytics.example.com
,PAY-202009-00000004473,ORD-202009-0000002731,CUST-0000154003,2020-09-13 20:16:04,Phonepe,Success,262.33,MXN,MEX,North America,,false,2020-09-13 20:16:04,john.mullins109@commerce.example.com
,PAY-202009-00000004474,ORD-202009-0000004956,CUST-0000150305,2020-09-04 19:54:38,Google Pay,Success,2805.73,USD,USA,North America,,false,2020-09-04 19:54:38,adam.gordon030@commerce.example.com
,PAY-202009-00000004475,ORD-202009-0000000946,CUST-0000145643,2020-09-04 14:56:55,Gift Card,Success,2281.34,EUR,NLD,Europe,,false,2020-09-04 14:56:55,brandi.carter038@dataops.example.com
,PAY-202009-00000004476,ORD-202009-0000003289,CUST-0000141303,2020-09-27 02:53:12,Paytm,Success,1106.63,EUR,ITA,Europe,,false,2020-09-27 02:53:12,alyssa.richards002@commerce.example.com
,PAY-202009-00000004477,ORD-202009-0000004149,CUST-0000136444,2020-09-02 23:27:22,Bank Transfer,Success,2604.33,JPY,JPN,Asia,,false,2020-09-02 23:27:22,alyssa.richards002@commerce.example.com
,PAY-202009-00000004478,ORD-202009-0000005983,CUST-0000145107,2020-09-18 18:16:19,Paytm,Success,445.84,AUD,AUS,Oceania,,false,2020-09-18 18:16:19,taylor.cunningham023@commerce.example.com
,PAY-202009-00000004479,ORD-202009-0000001492,CUST-0000146762,2020-09-12 02:19:38,Gift Card,Success,2307.2,CAD,CAN,North America,,false,2020-09-12 02:19:38,micheal.chen050@dataops.example.com
,PAY-202009-00000004480,ORD-202009-0000001921,CUST-0000134644,2020-09-28 20:58:59,Buy Now Pay Later,Success,3095.02,USD,USA,North America,,false,2020-09-28 20:58:59,stephen.daniels076@commerce.example.com
,PAY-202009-00000004481,ORD-202009-0000003065,CUST-0000136173,2020-09-25 21:50:54,Apple Pay,Success,2635.23,GBP,GBR,Europe,,false,2020-09-25 21:50:54,kelsey.taylor010@platform.example.com
,PAY-202009-00000004482,ORD-202009-0000006504,CUST-0000137996,2020-09-28 23:11:40,Paytm,Success,821.72,AED,ARE,Asia,,false,2020-09-28 23:11:40,alyssa.richards002@commerce.example.com
,PAY-202009-00000004483,ORD-202009-0000003186,CUST-0000145976,2020-09-20 20:10:31,Bank Transfer,Success,2784.99,MXN,MEX,North America,,false,2020-09-20 20:10:31,adam.gordon030@commerce.example.com
,PAY-202009-00000004484,ORD-202009-0000005534,CUST-0000142706,2020-09-08 09:02:05,Debit Card,Success,1242.96,MXN,MEX,North America,,false,2020-09-08 09:02:05,taylor.cunningham023@commerce.example.com
,PAY-202009-00000004485,ORD-202009-0000006032,CUST-0000148654,2020-09-12 05:21:38,Credit Card,Success,2520.4,MXN,MEX,North America,,false,2020-09-12 05:21:38,adam.gordon030@commerce.example.com
,PAY-202009-00000004486,ORD-202009-0000004290,CUST-0000152758,2020-09-04 22:33:44,Paytm,Success,1374.06,BRL,BRA,South America,,false,2020-09-04 22:33:44,stephen.daniels076@commerce.example.com
,PAY-202009-00000004487,ORD-202009-0000002164,CUST-0000136198,2020-09-21 03:45:08,Phonepe,Success,1366.3,USD,USA,North America,,false,2020-09-21 03:45:08,susan.rice083@commerce.example.com
,PAY-202009-00000004488,ORD-202009-0000005687,CUST-0000147051,2020-09-16 19:11:12,Phonepe,Pending,596.4,BRL,BRA,South America,,false,2020-09-16 19:11:12,david.cabrera119@dataops.example.com
,PAY-202009-00000004489,ORD-202009-0000002563,CUST-0000146107,2020-09-19 03:55:49,PayPal,Success,2442.13,BRL,BRA,South America,,false,2020-09-19 03:55:49,brandi.carter038@dataops.example.com
,PAY-202009-00000004490,ORD-202009-0000000570,CUST-0000139019,2020-09-11 17:51:17,Google Pay,Success,1277.77,EUR,DEU,Europe,,false,2020-09-11 17:51:17,john.mullins109@commerce.example.com
,PAY-202009-00000004491,ORD-202009-0000000221,CUST-0000140163,2020-09-24 04:47:19,Buy Now Pay Later,Success,1141.9,MXN,MEX,North America,,false,2020-09-24 04:47:19,eric.horton058@analytics.example.com
,PAY-202009-00000004492,ORD-202009-0000004817,CUST-0000145325,2020-09-10 15:16:15,Paytm,Success,731.57,EUR,FRA,Europe,,false,2020-09-10 15:16:15,timothy.cannon081@analytics.example.com
,PAY-202009-00000004493,ORD-202009-0000000027,CUST-0000142155,2020-09-24 08:35:57,Bank Transfer,Success,597.24,INR,IND,Asia,,false,2020-09-24 08:35:57,michelle.bender024@analytics.example.com
,PAY-202009-00000004494,ORD-202009-0000002953,CUST-0000137930,2020-09-27 17:49:18,PayPal,Success,2344.19,EUR,ESP,Europe,,false,2020-09-27 17:49:18,susan.rice083@commerce.example.com
,PAY-202009-00000004495,ORD-202009-0000003505,CUST-0000142873,2020-09-26 13:35:55,Phonepe,Success,1100.47,MXN,MEX,North America,,false,2020-09-26 13:35:55,james.proctor094@dataops.example.com
,PAY-202009-00000004496,ORD-202009-0000001422,CUST-0000147580,2020-09-12 00:42:47,Google Pay,Success,36.13,USD,USA,North America,,false,2020-09-12 00:42:47,david.cabrera119@dataops.example.com
,PAY-202009-00000004497,ORD-202009-0000005676,CUST-0000141617,2020-09-27 13:57:40,PayPal,Success,2240.14,EUR,NLD,Europe,,false,2020-09-27 13:57:40,patrick.gonzalez035@dataops.example.com
,PAY-202009-00000004498,ORD-202009-0000002749,CUST-0000147189,2020-09-08 13:44:32,PayPal,Success,710.7,EUR,ITA,Europe,,false,2020-09-08 13:44:32,eric.horton058@analytics.example.com
,PAY-202009-00000004499,ORD-202009-0000002277,CUST-0000149490,2020-09-06 10:19:26,Apple Pay,Pending,265.22,USD,USA,North America,,false,2020-09-06 10:19:26,michael.johnson061@platform.example.com
,PAY-202009-00000004500,ORD-202009-0000003589,CUST-0000147655,2020-09-11 19:15:07,Gift Card,Success,3062.81,EUR,FRA,Europe,,false,2020-09-11 19:15:07,stephen.clark001@analytics.example.com
,PAY-202009-00000004501,ORD-202009-0000001649,CUST-0000148357,2020-09-09 20:45:25,Google Pay,Success,1297.14,AED,ARE,Asia,,false,2020-09-09 20:45:25,taylor.cunningham023@commerce.example.com
,PAY-202009-00000004502,ORD-202009-0000005251,CUST-0000146818,2020-09-18 00:39:17,Buy Now Pay Later,Success,2408.72,SGD,SGP,Asia,,false,2020-09-18 00:39:17,timothy.cannon081@analytics.example.com
,PAY-202009-00000004503,ORD-202009-0000006334,CUST-0000153076,2020-09-18 00:28:35,Buy Now Pay Later,Success,493.1,AED,ARE,Asia,,false,2020-09-18 00:28:35,tina.williams074@commerce.example.com
,PAY-202009-00000004504,ORD-202009-0000003144,CUST-0000144105,2020-09-28 09:13:06,Paytm,Success,2582.74,AED,ARE,Asia,,false,2020-09-28 09:13:06,eric.horton058@analytics.example.com
,PAY-202009-00000004505,ORD-202009-0000003310,CUST-0000135513,2020-09-29 13:55:23,Debit Card,Success,227.58,SGD,SGP,Asia,,false,2020-09-29 13:55:23,brandon.yu006@analytics.example.com
,PAY-202009-00000004506,ORD-202009-0000001508,CUST-0000134977,2020-09-22 05:25:29,Apple Pay,Success,501.6,AUD,AUS,Oceania,,false,2020-09-22 05:25:29,jennifer.hudson020@analytics.example.com
,PAY-202009-00000004507,ORD-202009-0000003572,CUST-0000144384,2020-09-15 12:34:29,Buy Now Pay Later,Success,3099.05,SGD,SGP,Asia,,false,2020-09-15 12:34:29,stephen.daniels076@commerce.example.com
,PAY-202009-00000004508,ORD-202009-0000000625,CUST-0000154103,2020-09-07 01:07:07,Buy Now Pay Later,Success,1399.86,MXN,MEX,North America,,false,2020-09-07 01:07:07,timothy.cameron104@commerce.example.com
,PAY-202009-00000004509,ORD-202009-0000001660,CUST-0000140350,2020-09-11 14:29:06,Debit Card,Success,1276.74,EUR,FRA,Europe,,false,2020-09-11 14:29:06,maria.ashley046@analytics.example.com
,PAY-202009-00000004510,ORD-202009-0000004492,CUST-0000139817,2020-09-28 13:56:16,Buy Now Pay Later,Success,2400.08,EUR,FRA,Europe,,false,2020-09-28 13:56:16,tina.williams074@commerce.example.com
,PAY-202009-00000004511,ORD-202009-0000005406,CUST-0000146120,2020-09-03 07:31:33,Buy Now Pay Later,Success,2999.37,EUR,DEU,Europe,,false,2020-09-03 07:31:33,jeffery.miller012@commerce.example.com
,PAY-202009-00000004512,ORD-202009-0000004366,CUST-0000144933,2020-09-23 18:45:41,Phonepe,Success,2728.6,JPY,JPN,Asia,,false,2020-09-23 18:45:41,jennifer.bauer068@analytics.example.com
,PAY-202009-00000004513,ORD-202009-0000004841,CUST-0000135514,2020-09-26 13:29:42,PayPal,Success,2347.4,EUR,DEU,Europe,,false,2020-09-26 13:29:42,victor.palmer071@platform.example.com
,PAY-202009-00000004514,ORD-202009-0000000039,CUST-0000147312,2020-09-15 15:23:57,Gift Card,Success,2074.23,MXN,MEX,North America,,false,2020-09-15 15:23:57,maria.ashley046@analytics.example.com
,PAY-202009-00000004515,ORD-202009-0000000601,CUST-0000145862,2020-09-23 11:42:25,Phonepe,Success,1537.09,USD,USA,North America,,false,2020-09-23 11:42:25,joseph.johnson049@dataops.example.com
,PAY-202009-00000004516,ORD-202009-0000003328,CUST-0000137747,2020-09-17 21:49:34,Debit Card,Success,1275.88,USD,USA,North America,,false,2020-09-17 21:49:34,michael.berger060@platform.example.com
,PAY-202009-00000004517,ORD-202009-0000000796,CUST-0000147247,2020-09-02 03:09:05,Paytm,Failed,554.11,EUR,ITA,Europe,Card declined,false,2020-09-02 03:09:05,michael.johnson061@platform.example.com
,PAY-202009-00000004518,ORD-202009-0000002329,CUST-0000148587,2020-09-29 03:52:56,Gift Card,Success,680.88,EUR,FRA,Europe,,false,2020-09-29 03:52:56,alyssa.richards002@commerce.example.com
,PAY-202009-00000004519,ORD-202009-0000004976,CUST-0000138678,2020-09-09 04:48:16,Credit Card,Success,943.76,EUR,ITA,Europe,,false,2020-09-09 04:48:16,jennifer.bauer068@analytics.example.com
,PAY-202009-00000004520,ORD-202009-0000000919,CUST-0000145872,2020-09-02 16:42:11,PayPal,Success,610.65,AUD,AUS,Oceania,,false,2020-09-02 16:42:11,megan.cunningham013@commerce.example.com
,PAY-202009-00000004521,ORD-202009-0000006141,CUST-0000154088,2020-09-12 23:18:51,Phonepe,Success,1078.53,SGD,SGP,Asia,,false,2020-09-12 23:18:51,micheal.chen050@dataops.example.com
,PAY-202009-00000004522,ORD-202009-0000001245,CUST-0000134627,2020-09-03 20:48:24,Bank Transfer,Success,133.76,EUR,ITA,Europe,,false,2020-09-03 20:48:24,brandi.carter038@dataops.example.com
,PAY-202009-00000004523,ORD-202009-0000003828,CUST-0000152513,2020-09-04 04:56:05,Google Pay,Success,287.28,EUR,ITA,Europe,,false,2020-09-04 04:56:05,timothy.cameron104@commerce.example.com
,PAY-202009-00000004524,ORD-202009-0000000531,CUST-0000140474,2020-09-23 17:12:17,Credit Card,Success,2037.46,MXN,MEX,North America,,false,2020-09-23 17:12:17,john.mullins109@commerce.example.com
,PAY-202009-00000004525,ORD-202009-0000000217,CUST-0000134590,2020-09-04 19:45:16,PayPal,Success,2003.15,SGD,SGP,Asia,,false,2020-09-04 19:45:16,lance.williams029@platform.example.com
,PAY-202009-00000004526,ORD-202009-0000006137,CUST-0000144252,2020-09-06 02:27:24,Buy Now Pay Later,Success,281.24,JPY,JPN,Asia,,false,2020-09-06 02:27:24,stephen.clark001@analytics.example.com
,PAY-202009-00000004527,ORD-202009-0000004739,CUST-0000143076,2020-09-09 11:59:04,Bank Transfer,Success,1221.96,JPY,JPN,Asia,,false,2020-09-09 11:59:04,michael.johnson061@platform.example.com
,PAY-202009-00000004528,ORD-202009-0000004447,CUST-0000135887,2020-09-15 00:43:14,Google Pay,Success,407.4,INR,IND,Asia,,false,2020-09-15 00:43:14,taylor.cunningham023@commerce.example.com
,PAY-202009-00000004529,ORD-202009-0000005324,CUST-0000148092,2020-09-19 22:32:56,Phonepe,Success,2957.55,GBP,GBR,Europe,,false,2020-09-19 22:32:56,victor.palmer071@platform.example.com
,PAY-202009-00000004530,ORD-202009-0000000195,CUST-0000146937,2020-09-24 22:26:27,Apple Pay,Success,2758.57,MXN,MEX,North America,,false,2020-09-24 22:26:27,timothy.cameron104@commerce.example.com
,PAY-202009-00000004531,ORD-202009-0000001843,CUST-0000138224,2020-09-15 20:39:37,Debit Card,Success,1595.76,USD,USA,North America,,false,2020-09-15 20:39:37,kelsey.taylor010@platform.example.com
,PAY-202009-00000004532,ORD-202009-0000001953,CUST-0000146294,2020-09-07 16:24:55,Debit Card,Success,2279.68,AUD,AUS,Oceania,,false,2020-09-07 16:24:55,michelle.sims041@analytics.example.com
,PAY-202009-00000004533,ORD-202009-0000005991,CUST-0000142868,2020-09-26 03:37:24,Phonepe,Success,914.94,SGD,SGP,Asia,,false,2020-09-26 03:37:24,michelle.sims041@analytics.example.com
,PAY-202009-00000004534,ORD-202009-0000005239,CUST-0000137131,2020-09-28 01:33:56,Credit Card,Success,3377.18,EUR,ESP,Europe,,false,2020-09-28 01:33:56,eric.horton058@analytics.example.com
,PAY-202009-00000004535,ORD-202009-0000000510,CUST-0000138468,2020-09-04 19:34:09,Gift Card,Pending,790.99,AED,ARE,Asia,,false,2020-09-04 19:34:09,jennifer.bauer068@analytics.example.com
,PAY-202009-00000004536,ORD-202009-0000001348,CUST-0000144189,2020-09-06 07:12:55,Apple Pay,Success,2046.2,SGD,SGP,Asia,,false,2020-09-06 07:12:55,susan.rice083@commerce.example.com
,PAY-202009-00000004537,ORD-202009-0000001753,CUST-0000150424,2020-09-06 00:12:03,Bank Transfer,Success,910.67,EUR,DEU,Europe,,false,2020-09-06 00:12:03,victor.palmer071@platform.example.com
,PAY-202009-00000004538,ORD-202009-0000003747,CUST-0000154113,2020-09-22 11:35:27,Apple Pay,Success,3381.99,INR,IND,Asia,,false,2020-09-22 11:35:27,david.cabrera119@dataops.example.com
,PAY-202009-00000004539,ORD-202009-0000001276,CUST-0000141870,2020-09-25 05:58:40,Google Pay,Refunded,2487.14,SGD,SGP,Asia,,true,2020-09-25 05:58:40,brandon.yu006@analytics.example.com
,PAY-202009-00000004540,ORD-202009-0000004731,CUST-0000152642,2020-09-12 14:06:11,Credit Card,Success,78.81,EUR,NLD,Europe,,false,2020-09-12 14:06:11,taylor.cunningham023@commerce.example.com
,PAY-202009-00000004541,ORD-202009-0000000438,CUST-0000139162,2020-09-06 23:34:17,Google Pay,Success,639.16,EUR,ESP,Europe,,false,2020-09-06 23:34:17,joseph.johnson049@dataops.example.com
,PAY-202009-00000004542,ORD-202009-0000000462,CUST-0000153241,2020-09-09 09:16:54,Google Pay,Success,3080.01,INR,IND,Asia,,false,2020-09-09 09:16:54,alyssa.richards002@commerce.example.com
,PAY-202009-00000004543,ORD-202009-0000003048,CUST-0000141393,2020-09-04 13:50:06,Paytm,Success,369.63,JPY,JPN,Asia,,false,2020-09-04 13:50:06,jeffery.miller012@commerce.example.com
,PAY-202009-00000004544,ORD-202009-0000002433,CUST-0000136478,2020-09-25 11:23:05,Gift Card,Success,417.33,EUR,DEU,Europe,,false,2020-09-25 11:23:05,micheal.chen050@dataops.example.com
,PAY-202009-00000004545,ORD-202009-0000003513,CUST-0000138603,2020-09-07 22:11:56,Gift Card,Success,404.24,AUD,AUS,Oceania,,false,2020-09-07 22:11:56,maria.ashley046@analytics.example.com
,PAY-202009-00000004546,ORD-202009-0000003829,CUST-0000136404,2020-09-12 03:43:53,PayPal,Success,1255.78,EUR,DEU,Europe,,false,2020-09-12 03:43:53,stephen.daniels076@commerce.example.com
,PAY-202009-00000004547,ORD-202009-0000004141,CUST-0000137331,2020-09-16 04:12:01,Google Pay,Success,95.43,BRL,BRA,South America,,false,2020-09-16 04:12:01,timothy.cameron104@commerce.example.com
,PAY-202009-00000004548,ORD-202009-0000000494,CUST-0000147027,2020-09-30 00:57:53,Debit Card,Success,879.26,EUR,ESP,Europe,,false,2020-09-30 00:57:53,megan.cunningham013@commerce.example.com
,PAY-202009-00000004549,ORD-202009-0000002847,CUST-0000136438,2020-09-06 06:57:49,Bank Transfer,Success,1738.89,MXN,MEX,North America,,false,2020-09-06 06:57:49,ryan.steele043@commerce.example.com
,PAY-202009-00000004550,ORD-202009-0000002339,CUST-0000152382,2020-09-05 19:53:57,Gift Card,Success,263.81,AUD,AUS,Oceania,,false,2020-09-05 19:53:57,kelsey.taylor010@platform.example.com
,PAY-202009-00000004551,ORD-202009-0000000964,CUST-0000143521,2020-09-13 06:04:15,Bank Transfer,Success,1401.16,JPY,JPN,Asia,,false,2020-09-13 06:04:15,ashley.marks069@commerce.example.com
,PAY-202009-00000004552,ORD-202009-0000004444,CUST-0000151300,2020-09-23 10:09:13,Credit Card,Success,2246.33,EUR,NLD,Europe,,false,2020-09-23 10:09:13,michelle.bender024@analytics.example.com
,PAY-202009-00000004553,ORD-202009-0000001645,CUST-0000138517,2020-09-01 07:42:57,PayPal,Success,131.07,EUR,ITA,Europe,,false,2020-09-01 07:42:57,patrick.gonzalez035@dataops.example.com
,PAY-202009-00000004554,ORD-202009-0000000187,CUST-0000146523,2020-09-23 06:45:12,Gift Card,Success,2303.85,EUR,DEU,Europe,,false,2020-09-23 06:45:12,david.cabrera119@dataops.example.com
,PAY-202009-00000004555,ORD-202009-0000003468,CUST-0000152308,2020-09-14 07:42:08,Gift Card,Success,3368.57,CAD,CAN,North America,,false,2020-09-14 07:42:08,brandi.carter038@dataops.example.com
,PAY-202009-00000004556,ORD-202009-0000002853,CUST-0000136767,2020-09-05 18:27:11,PayPal,Success,934.14,SGD,SGP,Asia,,false,2020-09-05 18:27:11,victor.palmer071@platform.example.com
,PAY-202009-00000004557,ORD-202009-0000005079,CUST-0000139048,2020-09-25 01:26:38,Gift Card,Success,3100.17,EUR,ITA,Europe,,false,2020-09-25 01:26:38,michael.johnson061@platform.example.com
,PAY-202009-00000004558,ORD-202009-0000002880,CUST-0000136542,2020-09-20 04:25:10,Phonepe,Success,1112.24,EUR,FRA,Europe,,false,2020-09-20 04:25:10,micheal.chen050@dataops.example.com
,PAY-202009-00000004559,ORD-202009-0000004617,CUST-0000138328,2020-09-21 19:15:43,Gift Card,Success,47.85,EUR,NLD,Europe,,false,2020-09-21 19:15:43,alyssa.richards002@commerce.example.com
,PAY-202009-00000004560,ORD-202009-0000001496,CUST-0000151947,2020-09-12 17:06:23,Bank Transfer,Success,1238.49,GBP,GBR,Europe,,false,2020-09-12 17:06:23,micheal.hall064@dataops.example.com
,PAY-202009-00000004561,ORD-202009-0000001534,CUST-0000137913,2020-09-07 08:57:15,Google Pay,Pending,2202.9,EUR,ESP,Europe,,false,2020-09-07 08:57:15,jennifer.hudson020@analytics.example.com
,PAY-202009-00000004562,ORD-202009-0000002432,CUST-0000151272,2020-09-16 14:59:09,Phonepe,Success,2789.8,EUR,DEU,Europe,,false,2020-09-16 14:59:09,timothy.cannon081@analytics.example.com
,PAY-202009-00000004563,ORD-202009-0000003979,CUST-0000136392,2020-09-28 10:01:54,Gift Card,Success,639.07,GBP,GBR,Europe,,false,2020-09-28 10:01:54,michelle.sims041@analytics.example.com
,PAY-202009-00000004564,ORD-202009-0000003645,CUST-0000139733,2020-09-02 10:05:27,PayPal,Success,1964.85,CAD,CAN,North America,,false,2020-09-02 10:05:27,jeffery.miller012@commerce.example.com
,PAY-202009-00000004565,ORD-202009-0000005930,CUST-0000145941,2020-09-03 11:15:53,Phonepe,Success,320.02,EUR,ITA,Europe,,false,2020-09-03 11:15:53,john.mullins109@commerce.example.com
,PAY-202009-00000004566,ORD-202009-0000002373,CUST-0000141565,2020-09-08 20:09:04,Debit Card,Success,2523.29,USD,USA,North America,,false,2020-09-08 20:09:04,lance.williams029@platform.example.com
,PAY-202009-00000004567,ORD-202009-0000001979,CUST-0000135532,2020-09-06 18:07:09,PayPal,Success,2689.62,USD,USA,North America,,false,2020-09-06 18:07:09,eric.horton058@analytics.example.com
,PAY-202009-00000004568,ORD-202009-0000005749,CUST-0000147025,2020-09-09 07:37:09,Phonepe,Success,3032.41,EUR,ESP,Europe,,false,2020-09-09 07:37:09,maria.ashley046@analytics.example.com
,PAY-202009-00000004569,ORD-202009-0000006324,CUST-0000143787,2020-09-06 19:06:04,Debit Card,Failed,1759.63,AUD,AUS,Oceania,Invalid CVV,false,2020-09-06 19:06:04,peter.martinez098@platform.example.com
,PAY-202009-00000004570,ORD-202009-0000002897,CUST-0000145231,2020-09-20 05:07:25,Credit Card,Success,244.57,SGD,SGP,Asia,,false,2020-09-20 05:07:25,micheal.hall064@dataops.example.com
,PAY-202009-00000004571,ORD-202009-0000000501,CUST-0000139667,2020-09-26 03:29:24,Credit Card,Success,738.15,EUR,DEU,Europe,,false,2020-09-26 03:29:24,michael.johnson061@platform.example.com
,PAY-202009-00000004572,ORD-202009-0000002637,CUST-0000140671,2020-09-05 05:34:47,Credit Card,Success,143.24,GBP,GBR,Europe,,false,2020-09-05 05:34:47,james.proctor094@dataops.example.com
,PAY-202009-00000004573,ORD-202009-0000004415,CUST-0000153466,2020-09-07 23:46:29,Google Pay,Success,1909.77,CAD,CAN,North America,,false,2020-09-07 23:46:29,taylor.cunningham023@commerce.example.com
,PAY-202009-00000004574,ORD-202009-0000005813,CUST-0000151812,2020-09-18 16:52:21,Buy Now Pay Later,Success,513.39,EUR,NLD,Europe,,false,2020-09-18 16:52:21,stephen.clark001@analytics.example.com
,PAY-202009-00000004575,ORD-202009-0000000989,CUST-0000145657,2020-09-02 10:28:19,Google Pay,Success,1687.18,INR,IND,Asia,,false,2020-09-02 10:28:19,micheal.chen050@dataops.example.com
,PAY-202009-00000004576,ORD-202009-0000005037,CUST-0000148245,2020-09-06 20:54:26,Apple Pay,Success,3138.57,CAD,CAN,North America,,false,2020-09-06 20:54:26,jeffery.miller012@commerce.example.com
,PAY-202009-00000004577,ORD-202009-0000004868,CUST-0000153974,2020-09-14 07:43:26,Google Pay,Success,39.77,AED,ARE,Asia,,false,2020-09-14 07:43:26,taylor.cunningham023@commerce.example.com
,PAY-202009-00000004578,ORD-202009-0000003900,CUST-0000135369,2020-09-07 07:08:21,Gift Card,Success,3241.95,BRL,BRA,South America,,false,2020-09-07 07:08:21,michael.johnson061@platform.example.com
,PAY-202009-00000004579,ORD-202009-0000003615,CUST-0000135128,2020-09-08 18:21:19,Google Pay,Success,546.52,AED,ARE,Asia,,false,2020-09-08 18:21:19,michael.johnson061@platform.example.com
,PAY-202009-00000004580,ORD-202009-0000002698,CUST-0000151377,2020-09-05 15:12:07,Apple Pay,Success,3312.65,CAD,CAN,North America,,false,2020-09-05 15:12:07,ryan.steele043@commerce.example.com
,PAY-202009-00000004581,ORD-202009-0000002162,CUST-0000136380,2020-09-04 12:24:07,Paytm,Success,16.86,AED,ARE,Asia,,false,2020-09-04 12:24:07,jennifer.hudson020@analytics.example.com
,PAY-202009-00000004582,ORD-202009-0000003865,CUST-0000151805,2020-09-28 01:21:20,Buy Now Pay Later,Success,1195.95,EUR,ITA,Europe,,false,2020-09-28 01:21:20,eric.mullen052@dataops.example.com
,PAY-202009-00000004583,ORD-202009-0000006097,CUST-0000141006,2020-09-26 14:35:04,Phonepe,Success,2105.98,BRL,BRA,South America,,false,2020-09-26 14:35:04,alyssa.richards002@commerce.example.com
,PAY-202009-00000004584,ORD-202009-0000000200,CUST-0000152294,2020-09-14 16:12:53,Paytm,Success,563.6,MXN,MEX,North America,,false,2020-09-14 16:12:53,brandon.yu006@analytics.example.com
,PAY-202009-00000004585,ORD-202009-0000000955,CUST-0000152548,2020-09-26 23:37:00,Paytm,Success,2233.83,EUR,DEU,Europe,,false,2020-09-26 23:37:00,timothy.cannon081@analytics.example.com
,PAY-202009-00000004586,ORD-202009-0000002182,CUST-0000143131,2020-09-16 14:45:37,Credit Card,Success,14.76,JPY,JPN,Asia,,false,2020-09-16 14:45:37,susan.rice083@commerce.example.com
,PAY-202009-00000004587,ORD-202009-0000002362,CUST-0000150978,2020-09-14 07:48:17,Buy Now Pay Later,Success,3174.94,SGD,SGP,Asia,,false,2020-09-14 07:48:17,michael.johnson061@platform.example.com
,PAY-202009-00000004588,ORD-202009-0000000392,CUST-0000141468,2020-09-11 03:03:17,Phonepe,Success,2556.55,EUR,DEU,Europe,,false,2020-09-11 03:03:17,victor.palmer071@platform.example.com
,PAY-202009-00000004589,ORD-202009-0000001095,CUST-0000143715,2020-09-24 21:21:53,Credit Card,Success,3121.53,AUD,AUS,Oceania,,false,2020-09-24 21:21:53,brandi.carter038@dataops.example.com
,PAY-202009-00000004590,ORD-202009-0000003626,CUST-0000137934,2020-09-28 00:16:20,Google Pay,Success,1492.62,GBP,GBR,Europe,,false,2020-09-28 00:16:20,megan.cunningham013@commerce.example.com
,PAY-202009-00000004591,ORD-202009-0000006240,CUST-0000137054,2020-09-14 16:19:56,Gift Card,Success,1808.86,CAD,CAN,North America,,false,2020-09-14 16:19:56,kelsey.taylor010@platform.example.com
,PAY-202009-00000004592,ORD-202009-0000005559,CUST-0000136902,2020-09-11 19:16:41,Buy Now Pay Later,Success,3328.53,EUR,ITA,Europe,,false,2020-09-11 19:16:41,susan.rice083@commerce.example.com
,PAY-202009-00000004593,ORD-202009-0000003080,CUST-0000147903,2020-09-19 10:30:55,Debit Card,Success,1946.6,EUR,ITA,Europe,,false,2020-09-19 10:30:55,jeffery.miller012@commerce.example.com
,PAY-202009-00000004594,ORD-202009-0000001107,CUST-0000138878,2020-09-18 16:58:14,Buy Now Pay Later,Success,3158.36,GBP,GBR,Europe,,false,2020-09-18 16:58:14,john.mullins109@commerce.example.com
,PAY-202009-00000004595,ORD-202009-0000001281,CUST-0000151056,2020-09-19 04:59:01,Credit Card,Success,1106.26,AUD,AUS,Oceania,,false,2020-09-19 04:59:01,stephen.clark001@analytics.example.com
,PAY-202009-00000004596,ORD-202009-0000003047,CUST-0000153082,2020-09-08 13:41:35,Google Pay,Success,3427.81,EUR,ESP,Europe,,false,2020-09-08 13:41:35,joseph.johnson049@dataops.example.com
,PAY-202009-00000004597,ORD-202009-0000003150,CUST-0000147625,2020-09-28 16:13:01,Credit Card,Success,1185.55,AED,ARE,Asia,,false,2020-09-28 16:13:01,brandon.yu006@analytics.example.com
,PAY-202009-00000004598,ORD-202009-0000005121,CUST-0000151774,2020-09-23 22:16:42,Gift Card,Success,3381.65,CAD,CAN,North America,,false,2020-09-23 22:16:42,adam.gordon030@commerce.example.com
,PAY-202009-00000004599,ORD-202009-0000003485,CUST-0000138121,2020-09-01 14:02:00,Gift Card,Success,706.82,EUR,DEU,Europe,,false,2020-09-01 14:02:00,brandi.carter038@dataops.example.com
,PAY-202009-00000004600,ORD-202009-0000001820,CUST-0000143504,2020-09-13 00:04:59,Credit Card,Refunded,1747.84,CAD,CAN,North America,,true,2020-09-13 00:04:59,andrea.cummings039@platform.example.com
,PAY-202009-00000004601,ORD-202009-0000003633,CUST-0000137663,2020-09-29 11:38:11,Buy Now Pay Later,Success,266.8,JPY,JPN,Asia,,false,2020-09-29 11:38:11,joseph.johnson049@dataops.example.com
,PAY-202009-00000004602,ORD-202009-0000004167,CUST-0000150589,2020-09-13 09:42:07,Buy Now Pay Later,Success,2327.37,AED,ARE,Asia,,false,2020-09-13 09:42:07,timothy.cameron104@commerce.example.com
,PAY-202009-00000004603,ORD-202009-0000000625,CUST-0000141690,2020-09-03 02:16:54,Gift Card,Success,2219.39,SGD,SGP,Asia,,false,2020-09-03 02:16:54,eric.mullen052@dataops.example.com
,PAY-202009-00000004604,ORD-202009-0000003083,CUST-0000150213,2020-09-27 02:36:13,Buy Now Pay Later,Success,838.24,SGD,SGP,Asia,,false,2020-09-27 02:36:13,eric.mullen052@dataops.example.com
,PAY-202009-00000004605,ORD-202009-0000003919,CUST-0000136454,2020-09-28 15:09:02,Paytm,Success,1474.89,INR,IND,Asia,,false,2020-09-28 15:09:02,ryan.steele043@commerce.example.com
,PAY-202009-00000004606,ORD-202009-0000002610,CUST-0000144670,2020-09-29 08:47:10,Phonepe,Success,1867.29,SGD,SGP,Asia,,false,2020-09-29 08:47:10,jeffery.miller012@commerce.example.com
,PAY-202009-00000004607,ORD-202009-0000002655,CUST-0000139893,2020-09-17 17:40:47,Credit Card,Success,119.84,GBP,GBR,Europe,,false,2020-09-17 17:40:47,ashley.marks069@commerce.example.com
,PAY-202009-00000004608,ORD-202009-0000000853,CUST-0000149458,2020-09-11 06:57:38,Phonepe,Success,487.24,AED,ARE,Asia,,false,2020-09-11 06:57:38,susan.rice083@commerce.example.com
,PAY-202009-00000004609,ORD-202009-0000003119,CUST-0000140036,2020-09-03 01:17:15,Phonepe,Success,197.66,SGD,SGP,Asia,,false,2020-09-03 01:17:15,kelsey.taylor010@platform.example.com
,PAY-202009-00000004610,ORD-202009-0000004172,CUST-0000150815,2020-09-21 16:35:15,Paytm,Success,1284.53,USD,USA,North America,,false,2020-09-21 16:35:15,stephen.clark001@analytics.example.com
,PAY-202009-00000004611,ORD-202009-0000000076,CUST-0000150970,2020-09-18 18:34:50,Paytm,Success,2013.39,BRL,BRA,South America,,false,2020-09-18 18:34:50,andrea.cummings039@platform.example.com
,PAY-202009-00000004612,ORD-202009-0000002203,CUST-0000139025,2020-09-10 08:41:08,Apple Pay,Success,2002.58,AUD,AUS,Oceania,,false,2020-09-10 08:41:08,victor.palmer071@platform.example.com
,PAY-202009-00000004613,ORD-202009-0000005120,CUST-0000150640,2020-09-14 09:11:25,Bank Transfer,Pending,3473.01,EUR,ITA,Europe,,false,2020-09-14 09:11:25,timothy.cannon081@analytics.example.com
,PAY-202009-00000004614,ORD-202009-0000004097,CUST-0000147412,2020-09-13 00:06:06,Credit Card,Success,1440.48,INR,IND,Asia,,false,2020-09-13 00:06:06,timothy.cameron104@commerce.example.com
,PAY-202009-00000004615,ORD-202009-0000004139,CUST-0000142062,2020-09-27 03:55:22,Google Pay,Success,71.2,EUR,NLD,Europe,,false,2020-09-27 03:55:22,eric.horton058@analytics.example.com
,PAY-202009-00000004616,ORD-202009-0000001282,CUST-0000150018,2020-09-20 02:44:01,Gift Card,Success,686.09,BRL,BRA,South America,,false,2020-09-20 02:44:01,john.mullins109@commerce.example.com
,PAY-202009-00000004617,ORD-202009-0000001885,CUST-0000152864,2020-09-25 02:59:49,Gift Card,Success,2702.38,AED,ARE,Asia,,false,2020-09-25 02:59:49,patrick.gonzalez035@dataops.example.com
,PAY-202009-00000004618,ORD-202009-0000006036,CUST-0000137079,2020-09-24 06:41:58,Apple Pay,Success,2225.34,AED,ARE,Asia,,false,2020-09-24 06:41:58,michelle.bender024@analytics.example.com
,PAY-202009-00000004619,ORD-202009-0000001944,CUST-0000147122,2020-09-02 16:41:32,Apple Pay,Success,1181.26,EUR,NLD,Europe,,false,2020-09-02 16:41:32,james.proctor094@dataops.example.com
,PAY-202009-00000004620,ORD-202009-0000004942,CUST-0000140570,2020-09-18 03:04:44,Credit Card,Success,1217.83,USD,USA,North America,,false,2020-09-18 03:04:44,eric.horton058@analytics.example.com
,PAY-202009-00000004621,ORD-202009-0000002468,CUST-0000151132,2020-09-18 23:26:32,Credit Card,Success,3330.99,USD,USA,North America,,false,2020-09-18 23:26:32,victor.palmer071@platform.example.com
,PAY-202009-00000004622,ORD-202009-0000004392,CUST-0000152712,2020-09-23 01:05:18,Google Pay,Success,555.22,EUR,FRA,Europe,,false,2020-09-23 01:05:18,brandon.yu006@analytics.example.com
,PAY-202009-00000004623,ORD-202009-0000000445,CUST-0000135085,2020-09-02 19:28:39,Phonepe,Success,1253.61,BRL,BRA,South America,,false,2020-09-02 19:28:39,jeffery.miller012@commerce.example.com
,PAY-202009-00000004624,ORD-202009-0000001037,CUST-0000142440,2020-09-15 23:54:02,Paytm,Success,416.85,MXN,MEX,North America,,false,2020-09-15 23:54:02,james.proctor094@dataops.example.com
,PAY-202009-00000004625,ORD-202009-0000003249,CUST-0000149191,2020-09-27 02:35:57,Gift Card,Success,2515.71,EUR,DEU,Europe,,false,2020-09-27 02:35:57,jennifer.hudson020@analytics.example.com
,PAY-202009-00000004626,ORD-202009-0000002423,CUST-0000135523,2020-09-24 09:42:08,Paytm,Failed,636.21,GBP,GBR,Europe,Network timeout,false,2020-09-24 09:42:08,timothy.cannon081@analytics.example.com
,PAY-202009-00000004627,ORD-202009-0000000426,CUST-0000153032,2020-09-03 06:45:18,Google Pay,Success,2026.75,EUR,NLD,Europe,,false,2020-09-03 06:45:18,stephen.daniels076@commerce.example.com
,PAY-202009-00000004628,ORD-202009-0000003176,CUST-0000139673,2020-09-03 07:09:30,Bank Transfer,Success,1767.34,EUR,NLD,Europe,,false,2020-09-03 07:09:30,susan.rice083@commerce.example.com
,PAY-202009-00000004629,ORD-202009-0000005986,CUST-0000140985,2020-09-17 08:52:24,Phonepe,Success,1996.32,CAD,CAN,North America,,false,2020-09-17 08:52:24,micheal.chen050@dataops.example.com
,PAY-202009-00000004630,ORD-202009-0000001877,CUST-0000144816,2020-09-15 17:51:37,Gift Card,Success,82.95,EUR,ESP,Europe,,false,2020-09-15 17:51:37,stephen.daniels076@commerce.example.com
,PAY-202009-00000004631,ORD-202009-0000001482,CUST-0000140220,2020-09-24 18:05:14,Phonepe,Success,507.44,EUR,ESP,Europe,,false,2020-09-24 18:05:14,megan.cunningham013@commerce.example.com
,PAY-202009-00000004632,ORD-202009-0000005052,CUST-0000151659,2020-09-18 08:21:23,Apple Pay,Success,3347.1,EUR,DEU,Europe,,false,2020-09-18 08:21:23,brandon.yu006@analytics.example.com
,PAY-202009-00000004633,ORD-202009-0000001245,CUST-0000153135,2020-09-02 07:37:18,Buy Now Pay Later,Success,2743.01,EUR,NLD,Europe,,false,2020-09-02 07:37:18,ashley.marks069@commerce.example.com
,PAY-202009-00000004634,ORD-202009-0000006117,CUST-0000150470,2020-09-29 23:19:52,Google Pay,Success,627.41,MXN,MEX,North America,,false,2020-09-29 23:19:52,brandon.yu006@analytics.example.com
,PAY-202009-00000004635,ORD-202009-0000000358,CUST-0000141718,2020-09-20 15:32:04,Credit Card,Success,3388.64,EUR,ESP,Europe,,false,2020-09-20 15:32:04,jennifer.bauer068@analytics.example.com
,PAY-202009-00000004636,ORD-202009-0000002759,CUST-0000147441,2020-09-03 11:48:38,Credit Card,Success,2262.24,EUR,ITA,Europe,,false,2020-09-03 11:48:38,michelle.bender024@analytics.example.com
,PAY-202009-00000004637,ORD-202009-0000002319,CUST-0000147008,2020-09-27 04:52:42,Gift Card,Success,2896.25,BRL,BRA,South America,,false,2020-09-27 04:52:42,brandi.carter038@dataops.example.com
,PAY-202009-00000004638,ORD-202009-0000001806,CUST-0000141443,2020-09-21 00:02:00,Phonepe,Success,1967.01,EUR,FRA,Europe,,false,2020-09-21 00:02:00,eric.mullen052@dataops.example.com
,PAY-202009-00000004639,ORD-202009-0000006340,CUST-0000139009,2020-09-25 05:19:34,Apple Pay,Success,2093.99,USD,USA,North America,,false,2020-09-25 05:19:34,jennifer.bauer068@analytics.example.com
,PAY-202009-00000004640,ORD-202009-0000003385,CUST-0000150307,2020-09-21 20:07:59,Google Pay,Refunded,166.42,USD,USA,North America,,true,2020-09-21 20:07:59,eric.mullen052@dataops.example.com
,PAY-202009-00000004641,ORD-202009-0000005434,CUST-0000151365,2020-09-29 17:14:20,Apple Pay,Success,2886.82,MXN,MEX,North America,,false,2020-09-29 17:14:20,andrea.cummings039@platform.example.com
,PAY-202009-00000004642,ORD-202009-0000002864,CUST-0000145645,2020-09-13 08:01:28,Google Pay,Success,3094.34,INR,IND,Asia,,false,2020-09-13 08:01:28,victor.palmer071@platform.example.com
,PAY-202009-00000004643,ORD-202009-0000001237,CUST-0000149877,2020-09-13 01:52:21,Gift Card,Success,160.6,SGD,SGP,Asia,,false,2020-09-13 01:52:21,ryan.steele043@commerce.example.com
,PAY-202009-00000004644,ORD-202009-0000004879,CUST-0000141293,2020-09-01 00:03:05,Debit Card,Success,1180.45,SGD,SGP,Asia,,false,2020-09-01 00:03:05,eric.horton058@analytics.example.com
,PAY-202009-00000004645,ORD-202009-0000005359,CUST-0000152644,2020-09-28 02:08:05,Buy Now Pay Later,Success,1051.07,EUR,FRA,Europe,,false,2020-09-28 02:08:05,alyssa.richards002@commerce.example.com
,PAY-202009-00000004646,ORD-202009-0000005305,CUST-0000139816,2020-09-29 07:12:51,PayPal,Success,3061.34,JPY,JPN,Asia,,false,2020-09-29 07:12:51,john.mullins109@commerce.example.com
,PAY-202009-00000004647,ORD-202009-0000001745,CUST-0000150118,2020-09-05 12:10:50,Phonepe,Success,1925.37,MXN,MEX,North America,,false,2020-09-05 12:10:50,michael.berger060@platform.example.com
,PAY-202009-00000004648,ORD-202009-0000005075,CUST-0000146978,2020-09-04 22:37:35,Buy Now Pay Later,Success,1470.94,MXN,MEX,North America,,false,2020-09-04 22:37:35,james.proctor094@dataops.example.com
,PAY-202009-00000004649,ORD-202009-0000006560,CUST-0000142613,2020-09-23 10:26:43,Buy Now Pay Later,Success,144.5,EUR,DEU,Europe,,false,2020-09-23 10:26:43,michelle.bender024@analytics.example.com
,PAY-202009-00000004650,ORD-202009-0000005735,CUST-0000141354,2020-09-28 04:34:42,Gift Card,Success,3264.31,MXN,MEX,North America,,false,2020-09-28 04:34:42,andrea.cummings039@platform.example.com
,PAY-202009-00000004651,ORD-202009-0000003496,CUST-0000147591,2020-09-02 22:51:41,Gift Card,Success,754.3,EUR,ESP,Europe,,false,2020-09-02 22:51:41,timothy.cameron104@commerce.example.com
,PAY-202009-00000004652,ORD-202009-0000003940,CUST-0000146950,2020-09-26 15:56:42,Phonepe,Success,1928.43,SGD,SGP,Asia,,false,2020-09-26 15:56:42,megan.cunningham013@commerce.example.com
,PAY-202009-00000004653,ORD-202009-0000004318,CUST-0000147192,2020-09-29 02:49:05,PayPal,Success,729.42,EUR,ESP,Europe,,false,2020-09-29 02:49:05,michelle.sims041@analytics.example.com
,PAY-202009-00000004654,ORD-202009-0000006295,CUST-0000142671,2020-09-16 23:41:52,Paytm,Success,1815.68,EUR,ESP,Europe,,false,2020-09-16 23:41:52,andrea.cummings039@platform.example.com
,PAY-202009-00000004655,ORD-202009-0000000445,CUST-0000145006,2020-09-29 11:13:23,Google Pay,Success,2187.65,MXN,MEX,North America,,false,2020-09-29 11:13:23,adam.gordon030@commerce.example.com
,PAY-202009-00000004656,ORD-202009-0000005058,CUST-0000145994,2020-09-21 22:44:32,Gift Card,Success,1675.63,AED,ARE,Asia,,false,2020-09-21 22:44:32,eric.mullen052@dataops.example.com
,PAY-202009-00000004657,ORD-202009-0000000364,CUST-0000147518,2020-09-09 11:31:38,Gift Card,Success,622.17,BRL,BRA,South America,,false,2020-09-09 11:31:38,brandi.carter038@dataops.example.com
,PAY-202009-00000004658,ORD-202009-0000006121,CUST-0000139219,2020-09-20 09:42:10,PayPal,Success,106.1,MXN,MEX,North America,,false,2020-09-20 09:42:10,brandon.yu006@analytics.example.com
,PAY-202009-00000004659,ORD-202009-0000004194,CUST-0000149902,2020-09-06 20:52:50,Bank Transfer,Success,2628.78,EUR,NLD,Europe,,false,2020-09-06 20:52:50,maria.ashley046@analytics.example.com
,PAY-202009-00000004660,ORD-202009-0000001727,CUST-0000146057,2020-09-24 09:53:39,Apple Pay,Success,2163.71,JPY,JPN,Asia,,false,2020-09-24 09:53:39,michael.berger060@platform.example.com
,PAY-202009-00000004661,ORD-202009-0000002310,CUST-0000139775,2020-09-02 06:11:59,Paytm,Success,2735.94,EUR,FRA,Europe,,false,2020-09-02 06:11:59,jeffery.miller012@commerce.example.com
,PAY-202009-00000004662,ORD-202009-0000006176,CUST-0000145847,2020-09-13 03:48:38,Buy Now Pay Later,Success,765.75,AUD,AUS,Oceania,,false,2020-09-13 03:48:38,alyssa.richards002@commerce.example.com
,PAY-202009-00000004663,ORD-202009-0000005931,CUST-0000145408,2020-09-11 10:47:09,PayPal,Success,3180.4,EUR,FRA,Europe,,false,2020-09-11 10:47:09,eric.horton058@analytics.example.com
,PAY-202009-00000004664,ORD-202009-0000002365,CUST-0000137580,2020-09-01 05:02:51,Google Pay,Success,2601.98,JPY,JPN,Asia,,false,2020-09-01 05:02:51,micheal.chen050@dataops.example.com
,PAY-202009-00000004665,ORD-202009-0000003709,CUST-0000139525,2020-09-23 13:38:27,Gift Card,Success,3066.41,BRL,BRA,South America,,false,2020-09-23 13:38:27,lance.williams029@platform.example.com
,PAY-202009-00000004666,ORD-202009-0000004806,CUST-0000150714,2020-09-10 23:51:44,Bank Transfer,Success,3383.31,EUR,DEU,Europe,,false,2020-09-10 23:51:44,andrea.cummings039@platform.example.com
,PAY-202009-00000004667,ORD-202009-0000000702,CUST-0000147930,2020-09-24 12:16:29,Gift Card,Success,1793.68,USD,USA,North America,,false,2020-09-24 12:16:29,brandi.carter038@dataops.example.com
,PAY-202009-00000004668,ORD-202009-0000003077,CUST-0000147173,2020-09-24 11:22:55,Debit Card,Success,3434.83,EUR,FRA,Europe,,false,2020-09-24 11:22:55,jennifer.hudson020@analytics.example.com
,PAY-202009-00000004669,ORD-202009-0000000886,CUST-0000144614,2020-09-26 17:22:25,Google Pay,Success,2036.34,MXN,MEX,North America,,false,2020-09-26 17:22:25,brandon.yu006@analytics.example.com
,PAY-202009-00000004670,ORD-202009-0000003991,CUST-0000145611,2020-09-23 12:20:26,Phonepe,Success,943.72,AUD,AUS,Oceania,,false,2020-09-23 12:20:26,james.proctor094@dataops.example.com
,PAY-202009-00000004671,ORD-202009-0000003263,CUST-0000138282,2020-09-09 06:34:25,PayPal,Success,220.43,AED,ARE,Asia,,false,2020-09-09 06:34:25,eric.mullen052@dataops.example.com
,PAY-202009-00000004672,ORD-202009-0000004814,CUST-0000137319,2020-09-28 18:02:00,PayPal,Success,999.63,EUR,DEU,Europe,,false,2020-09-28 18:02:00,taylor.cunningham023@commerce.example.com
,PAY-202009-00000004673,ORD-202009-0000002546,CUST-0000135022,2020-09-15 00:46:23,Bank Transfer,Success,1665.7,BRL,BRA,South America,,false,2020-09-15 00:46:23,timothy.cameron104@commerce.example.com
,PAY-202009-00000004674,ORD-202009-0000002997,CUST-0000142211,2020-09-11 15:34:07,Credit Card,Pending,1713.57,SGD,SGP,Asia,,false,2020-09-11 15:34:07,adam.gordon030@commerce.example.com
,PAY-202009-00000004675,ORD-202009-0000004359,CUST-0000148439,2020-09-30 10:07:18,Debit Card,Refunded,1248.56,INR,IND,Asia,,true,2020-09-30 10:07:18,lance.williams029@platform.example.com
,PAY-202009-00000004676,ORD-202009-0000001892,CUST-0000143303,2020-09-09 15:42:24,Bank Transfer,Success,2524.39,INR,IND,Asia,,false,2020-09-09 15:42:24,john.mullins109@commerce.example.com
,PAY-202009-00000004677,ORD-202009-0000000968,CUST-0000147060,2020-09-04 14:21:43,Debit Card,Success,3426.69,JPY,JPN,Asia,,false,2020-09-04 14:21:43,jennifer.bauer068@analytics.example.com
,PAY-202009-00000004678,ORD-202009-0000004935,CUST-0000142189,2020-09-28 05:12:05,Credit Card,Success,1726.88,INR,IND,Asia,,false,2020-09-28 05:12:05,micheal.hall064@dataops.example.com
,PAY-202009-00000004679,ORD-202009-0000002869,CUST-0000135095,2020-09-11 05:00:55,Google Pay,Success,2435.19,SGD,SGP,Asia,,false,2020-09-11 05:00:55,victor.palmer071@platform.example.com
,PAY-202009-00000004680,ORD-202009-0000000406,CUST-0000140703,2020-09-02 01:29:39,Buy Now Pay Later,Success,2712.45,EUR,ESP,Europe,,false,2020-09-02 01:29:39,michael.berger060@platform.example.com
,PAY-202009-00000004681,ORD-202009-0000003456,CUST-0000137704,2020-09-24 21:22:59,Phonepe,Success,167.37,AUD,AUS,Oceania,,false,2020-09-24 21:22:59,patrick.gonzalez035@dataops.example.com
,PAY-202009-00000004682,ORD-202009-0000006328,CUST-0000153188,2020-09-24 15:24:08,PayPal,Success,1748.45,AED,ARE,Asia,,false,2020-09-24 15:24:08,peter.martinez098@platform.example.com
,PAY-202009-00000004683,ORD-202009-0000003528,CUST-0000137633,2020-09-08 19:40:11,Debit Card,Success,1441.78,EUR,ITA,Europe,,false,2020-09-08 19:40:11,john.mullins109@commerce.example.com
,PAY-202009-00000004684,ORD-202009-0000006515,CUST-0000139999,2020-09-13 21:58:26,Phonepe,Success,2913.0,EUR,NLD,Europe,,false,2020-09-13 21:58:26,timothy.cameron104@commerce.example.com
,PAY-202009-00000004685,ORD-202009-0000002219,CUST-0000152184,2020-09-01 13:27:37,Paytm,Success,2185.44,EUR,ESP,Europe,,false,2020-09-01 13:27:37,kelsey.taylor010@platform.example.com
,PAY-202009-00000004686,ORD-202009-0000004325,CUST-0000148552,2020-09-25 03:25:58,Apple Pay,Success,2499.1,EUR,DEU,Europe,,false,2020-09-25 03:25:58,eric.horton058@analytics.example.com
,PAY-202009-00000004687,ORD-202009-0000004652,CUST-0000140522,2020-09-16 21:59:34,Google Pay,Success,609.95,JPY,JPN,Asia,,false,2020-09-16 21:59:34,john.mullins109@commerce.example.com
,PAY-202009-00000004688,ORD-202009-0000000238,CUST-0000142614,2020-09-30 19:18:13,Paytm,Success,459.94,EUR,NLD,Europe,,false,2020-09-30 19:18:13,micheal.hall064@dataops.example.com
,PAY-202009-00000004689,ORD-202009-0000006477,CUST-0000137515,2020-09-16 04:08:40,Google Pay,Success,2312.37,MXN,MEX,North America,,false,2020-09-16 04:08:40,tina.williams074@commerce.example.com
,PAY-202009-00000004690,ORD-202009-0000003616,CUST-0000143188,2020-09-21 19:26:34,Google Pay,Success,3442.18,EUR,ESP,Europe,,false,2020-09-21 19:26:34,alyssa.richards002@commerce.example.com
,PAY-202009-00000004691,ORD-202009-0000001335,CUST-0000150822,2020-09-27 11:49:49,PayPal,Success,1144.78,AED,ARE,Asia,,false,2020-09-27 11:49:49,eric.horton058@analytics.example.com
,PAY-202009-00000004692,ORD-202009-0000001603,CUST-0000153854,2020-09-20 11:56:12,Google Pay,Success,810.46,EUR,NLD,Europe,,false,2020-09-20 11:56:12,michelle.bender024@analytics.example.com
,PAY-202009-00000004693,ORD-202009-0000004378,CUST-0000148852,2020-09-13 19:22:57,Gift Card,Success,226.18,EUR,ITA,Europe,,false,2020-09-13 19:22:57,eric.mullen052@dataops.example.com
,PAY-202009-00000004694,ORD-202009-0000002972,CUST-0000141972,2020-09-18 03:16:06,Google Pay,Success,2338.96,SGD,SGP,Asia,,false,2020-09-18 03:16:06,taylor.cunningham023@commerce.example.com
,PAY-202009-00000004695,ORD-202009-0000002159,CUST-0000146050,2020-09-13 13:52:12,Phonepe,Success,705.28,EUR,NLD,Europe,,false,2020-09-13 13:52:12,tina.williams074@commerce.example.com
,PAY-202009-00000004696,ORD-202009-0000000386,CUST-0000141103,2020-09-30 20:00:30,Apple Pay,Failed,1576.87,EUR,FRA,Europe,Network timeout,false,2020-09-30 20:00:30,stephen.clark001@analytics.example.com
,PAY-202009-00000004697,ORD-202009-0000004448,CUST-0000149663,2020-09-11 18:42:46,Phonepe,Success,2560.73,EUR,NLD,Europe,,false,2020-09-11 18:42:46,john.mullins109@commerce.example.com
,PAY-202009-00000004698,ORD-202009-0000004466,CUST-0000147570,2020-09-23 13:51:30,Buy Now Pay Later,Success,703.15,SGD,SGP,Asia,,false,2020-09-23 13:51:30,adam.gordon030@commerce.example.com
,PAY-202009-00000004699,ORD-202009-0000003194,CUST-0000145774,2020-09-18 20:38:15,Paytm,Success,507.94,BRL,BRA,South America,,false,2020-09-18 20:38:15,john.mullins109@commerce.example.com
,PAY-202009-00000004700,ORD-202009-0000005031,CUST-0000137483,2020-09-03 10:06:40,Buy Now Pay Later,Success,2251.1,EUR,ESP,Europe,,false,2020-09-03 10:06:40,peter.martinez098@platform.example.com
,PAY-202009-00000004701,ORD-202009-0000006336,CUST-0000148620,2020-09-10 09:19:24,Buy Now Pay Later,Success,3103.21,EUR,ESP,Europe,,false,2020-09-10 09:19:24,james.proctor094@dataops.example.com
,PAY-202009-00000004702,ORD-202009-0000006294,CUST-0000135742,2020-09-05 01:03:38,Debit Card,Success,485.62,GBP,GBR,Europe,,false,2020-09-05 01:03:38,megan.cunningham013@commerce.example.com
,PAY-202009-00000004703,ORD-202009-0000002850,CUST-0000146353,2020-09-13 09:24:01,Gift Card,Success,426.02,INR,IND,Asia,,false,2020-09-13 09:24:01,alyssa.richards002@commerce.example.com
,PAY-202009-00000004704,ORD-202009-0000003144,CUST-0000141651,2020-09-21 21:16:28,Bank Transfer,Success,1443.2,AUD,AUS,Oceania,,false,2020-09-21 21:16:28,maria.ashley046@analytics.example.com
,PAY-202009-00000004705,ORD-202009-0000000175,CUST-0000153409,2020-09-29 08:48:36,Bank Transfer,Success,1610.7,GBP,GBR,Europe,,false,2020-09-29 08:48:36,timothy.cameron104@commerce.example.com
,PAY-202009-00000004706,ORD-202009-0000004302,CUST-0000135423,2020-09-21 04:58:29,Google Pay,Success,2851.68,USD,USA,North America,,false,2020-09-21 04:58:29,eric.horton058@analytics.example.com
,PAY-202009-00000004707,ORD-202009-0000000038,CUST-0000136963,2020-09-04 10:12:48,Gift Card,Success,143.21,SGD,SGP,Asia,,false,2020-09-04 10:12:48,patrick.gonzalez035@dataops.example.com
,PAY-202009-00000004708,ORD-202009-0000001518,CUST-0000143029,2020-09-28 18:38:08,Debit Card,Success,2201.24,GBP,GBR,Europe,,false,2020-09-28 18:38:08,micheal.chen050@dataops.example.com
,PAY-202009-00000004709,ORD-202009-0000000064,CUST-0000144734,2020-09-30 15:17:07,Debit Card,Success,3467.79,BRL,BRA,South America,,false,2020-09-30 15:17:07,stephen.daniels076@commerce.example.com
,PAY-202009-00000004710,ORD-202009-0000003461,CUST-0000149762,2020-09-12 06:25:21,Bank Transfer,Success,195.16,EUR,FRA,Europe,,false,2020-09-12 06:25:21,taylor.cunningham023@commerce.example.com
,PAY-202009-00000004711,ORD-202009-0000004586,CUST-0000143415,2020-09-08 07:00:29,Buy Now Pay Later,Success,1941.39,EUR,NLD,Europe,,false,2020-09-08 07:00:29,victor.palmer071@platform.example.com
,PAY-202009-00000004712,ORD-202009-0000006424,CUST-0000150345,2020-09-30 16:36:26,Apple Pay,Success,2985.0,EUR,DEU,Europe,,false,2020-09-30 16:36:26,brandon.yu006@analytics.example.com
,PAY-202009-00000004713,ORD-202009-0000006347,CUST-0000153652,2020-09-24 04:49:57,Gift Card,Success,1806.83,EUR,NLD,Europe,,false,2020-09-24 04:49:57,timothy.cannon081@analytics.example.com
,PAY-202009-00000004714,ORD-202009-0000001156,CUST-0000141035,2020-09-05 01:38:17,Credit Card,Success,3194.8,JPY,JPN,Asia,,false,2020-09-05 01:38:17,joseph.johnson049@dataops.example.com
,PAY-202009-00000004715,ORD-202009-0000003003,CUST-0000139677,2020-09-26 16:47:05,Phonepe,Success,247.11,EUR,DEU,Europe,,false,2020-09-26 16:47:05,adam.gordon030@commerce.example.com
,PAY-202009-00000004716,ORD-202009-0000002822,CUST-0000140812,2020-09-28 13:52:23,Google Pay,Success,1366.18,GBP,GBR,Europe,,false,2020-09-28 13:52:23,michael.berger060@platform.example.com
,PAY-202009-00000004717,ORD-202009-0000004382,CUST-0000153312,2020-09-28 12:54:01,Credit Card,Failed,179.77,EUR,ITA,Europe,Card declined,false,2020-09-28 12:54:01,victor.palmer071@platform.example.com
,PAY-202009-00000004718,ORD-202009-0000003679,CUST-0000140306,2020-09-17 17:40:32,Credit Card,Success,2618.14,AUD,AUS,Oceania,,false,2020-09-17 17:40:32,james.proctor094@dataops.example.com
,PAY-202009-00000004719,ORD-202009-0000004520,CUST-0000146349,2020-09-24 00:09:49,Phonepe,Success,1112.62,EUR,NLD,Europe,,false,2020-09-24 00:09:49,jeffery.miller012@commerce.example.com
,PAY-202009-00000004720,ORD-202009-0000003781,CUST-0000142187,2020-09-15 14:19:56,PayPal,Success,1176.73,BRL,BRA,South America,,false,2020-09-15 14:19:56,james.proctor094@dataops.example.com
,PAY-202009-00000004721,ORD-202009-0000005461,CUST-0000140214,2020-09-02 18:48:17,Google Pay,Success,507.79,BRL,BRA,South America,,false,2020-09-02 18:48:17,kelsey.taylor010@platform.example.com
,PAY-202009-00000004722,ORD-202009-0000002031,CUST-0000152310,2020-09-23 01:55:34,Paytm,Success,3114.4,SGD,SGP,Asia,,false,2020-09-23 01:55:34,tina.williams074@commerce.example.com
,PAY-202009-00000004723,ORD-202009-0000003891,CUST-0000149433,2020-09-06 11:24:29,Paytm,Success,1999.49,JPY,JPN,Asia,,false,2020-09-06 11:24:29,stephen.clark001@analytics.example.com
,PAY-202009-00000004724,ORD-202009-0000002131,CUST-0000143349,2020-09-28 06:16:05,Debit Card,Success,3142.94,EUR,ITA,Europe,,false,2020-09-28 06:16:05,timothy.cameron104@commerce.example.com
,PAY-202009-00000004725,ORD-202009-0000004000,CUST-0000144432,2020-09-14 02:48:15,Google Pay,Failed,2133.32,EUR,FRA,Europe,Invalid CVV,false,2020-09-14 02:48:15,michael.johnson061@platform.example.com
,PAY-202009-00000004726,ORD-202009-0000006554,CUST-0000145810,2020-09-13 10:57:40,Buy Now Pay Later,Success,201.18,EUR,FRA,Europe,,false,2020-09-13 10:57:40,peter.martinez098@platform.example.com
,PAY-202009-00000004727,ORD-202009-0000005534,CUST-0000147134,2020-09-12 18:41:51,Apple Pay,Success,3383.33,EUR,NLD,Europe,,false,2020-09-12 18:41:51,kelsey.taylor010@platform.example.com
,PAY-202009-00000004728,ORD-202009-0000004179,CUST-0000150813,2020-09-06 00:02:11,PayPal,Success,866.52,CAD,CAN,North America,,false,2020-09-06 00:02:11,michelle.sims041@analytics.example.com
,PAY-202009-00000004729,ORD-202009-0000000410,CUST-0000141236,2020-09-30 01:07:45,Credit Card,Success,1237.48,SGD,SGP,Asia,,false,2020-09-30 01:07:45,micheal.hall064@dataops.example.com
,PAY-202009-00000004730,ORD-202009-0000005464,CUST-0000147413,2020-09-09 19:29:58,Debit Card,Success,3164.86,BRL,BRA,South America,,false,2020-09-09 19:29:58,jeffery.miller012@commerce.example.com
,PAY-202009-00000004731,ORD-202009-0000006087,CUST-0000153569,2020-09-04 06:57:17,Google Pay,Success,2760.14,USD,USA,North America,,false,2020-09-04 06:57:17,timothy.cannon081@analytics.example.com
,PAY-202009-00000004732,ORD-202009-0000001819,CUST-0000138041,2020-09-12 15:34:02,Credit Card,Success,3296.31,CAD,CAN,North America,,false,2020-09-12 15:34:02,micheal.chen050@dataops.example.com
,PAY-202009-00000004733,ORD-202009-0000002408,CUST-0000153689,2020-09-19 06:03:57,Debit Card,Success,1547.56,MXN,MEX,North America,,false,2020-09-19 06:03:57,stephen.clark001@analytics.example.com
,PAY-202009-00000004734,ORD-202009-0000002016,CUST-0000152983,2020-09-13 16:45:01,Bank Transfer,Success,3074.07,BRL,BRA,South America,,false,2020-09-13 16:45:01,ashley.marks069@commerce.example.com
,PAY-202009-00000004735,ORD-202009-0000002224,CUST-0000146860,2020-09-20 03:54:47,Gift Card,Success,414.42,GBP,GBR,Europe,,false,2020-09-20 03:54:47,james.proctor094@dataops.example.com
,PAY-202009-00000004736,ORD-202009-0000006503,CUST-0000135480,2020-09-15 20:18:44,Debit Card,Success,775.73,AUD,AUS,Oceania,,false,2020-09-15 20:18:44,micheal.hall064@dataops.example.com
,PAY-202009-00000004737,ORD-202009-0000001508,CUST-0000143180,2020-09-27 19:32:51,Phonepe,Success,2587.83,AUD,AUS,Oceania,,false,2020-09-27 19:32:51,kelsey.taylor010@platform.example.com
,PAY-202009-00000004738,ORD-202009-0000005700,CUST-0000147269,2020-09-29 01:18:28,Debit Card,Success,471.58,JPY,JPN,Asia,,false,2020-09-29 01:18:28,michael.berger060@platform.example.com
,PAY-202009-00000004739,ORD-202009-0000004449,CUST-0000138786,2020-09-19 16:23:48,Bank Transfer,Success,202.18,CAD,CAN,North America,,false,2020-09-19 16:23:48,taylor.cunningham023@commerce.example.com
,PAY-202009-00000004740,ORD-202009-0000001678,CUST-0000134704,2020-09-05 18:29:09,Paytm,Success,2371.05,JPY,JPN,Asia,,false,2020-09-05 18:29:09,jeffery.miller012@commerce.example.com
,PAY-202009-00000004741,ORD-202009-0000000284,CUST-0000153105,2020-09-01 13:16:43,Apple Pay,Success,2713.77,MXN,MEX,North America,,false,2020-09-01 13:16:43,patrick.gonzalez035@dataops.example.com
,PAY-202009-00000004742,ORD-202009-0000000019,CUST-0000148561,2020-09-08 13:38:34,Paytm,Success,674.41,EUR,DEU,Europe,,false,2020-09-08 13:38:34,lance.williams029@platform.example.com
,PAY-202009-00000004743,ORD-202009-0000003203,CUST-0000148976,2020-09-01 16:46:37,Gift Card,Success,1984.98,GBP,GBR,Europe,,false,2020-09-01 16:46:37,jeffery.miller012@commerce.example.com
,PAY-202009-00000004744,ORD-202009-0000002379,CUST-0000150967,2020-09-09 09:24:35,Gift Card,Success,1359.5,INR,IND,Asia,,false,2020-09-09 09:24:35,megan.cunningham013@commerce.example.com
,PAY-202009-00000004745,ORD-202009-0000001373,CUST-0000145903,2020-09-26 11:25:03,Google Pay,Failed,2215.48,AED,ARE,Asia,Insufficient funds,false,2020-09-26 11:25:03,ryan.steele043@commerce.example.com
,PAY-202009-00000004746,ORD-202009-0000002872,CUST-0000136897,2020-09-25 10:24:38,Bank Transfer,Success,1632.59,EUR,FRA,Europe,,false,2020-09-25 10:24:38,stephen.daniels076@commerce.example.com
,PAY-202009-00000004747,ORD-202009-0000006392,CUST-0000136182,2020-09-25 08:05:55,Bank Transfer,Success,855.76,EUR,FRA,Europe,,false,2020-09-25 08:05:55,kelsey.taylor010@platform.example.com
,PAY-202009-00000004748,ORD-202009-0000001154,CUST-0000144473,2020-09-10 05:45:24,Phonepe,Success,2188.27,GBP,GBR,Europe,,false,2020-09-10 05:45:24,stephen.daniels076@commerce.example.com
,PAY-202009-00000004749,ORD-202009-0000000347,CUST-0000139917,2020-09-01 13:36:36,Debit Card,Success,649.46,GBP,GBR,Europe,,false,2020-09-01 13:36:36,victor.palmer071@platform.example.com
,PAY-202009-00000004750,ORD-202009-0000001127,CUST-0000146360,2020-09-12 05:43:15,Phonepe,Success,2106.64,AUD,AUS,Oceania,,false,2020-09-12 05:43:15,michelle.bender024@analytics.example.com
,PAY-202009-00000004751,ORD-202009-0000001740,CUST-0000135800,2020-09-28 03:18:29,PayPal,Failed,2597.42,GBP,GBR,Europe,Network timeout,false,2020-09-28 03:18:29,timothy.cameron104@commerce.example.com
,PAY-202009-00000004752,ORD-202009-0000004064,CUST-0000142317,2020-09-09 12:44:11,Apple Pay,Failed,2302.17,EUR,NLD,Europe,Fraud check failed,false,2020-09-09 12:44:11,maria.ashley046@analytics.example.com
,PAY-202009-00000004753,ORD-202009-0000002832,CUST-0000140916,2020-09-22 19:24:17,Paytm,Success,953.15,MXN,MEX,North America,,false,2020-09-22 19:24:17,micheal.chen050@dataops.example.com
,PAY-202009-00000004754,ORD-202009-0000001037,CUST-0000136669,2020-09-26 16:49:41,Apple Pay,Success,1065.49,SGD,SGP,Asia,,false,2020-09-26 16:49:41,adam.gordon030@commerce.example.com
,PAY-202009-00000004755,ORD-202009-0000000035,CUST-0000135332,2020-09-25 05:23:27,Paytm,Failed,2386.19,SGD,SGP,Asia,Card declined,false,2020-09-25 05:23:27,james.proctor094@dataops.example.com
,PAY-202009-00000004756,ORD-202009-0000001625,CUST-0000152164,2020-09-09 22:21:03,Debit Card,Success,526.66,GBP,GBR,Europe,,false,2020-09-09 22:21:03,lance.williams029@platform.example.com
,PAY-202009-00000004757,ORD-202009-0000002895,CUST-0000143594,2020-09-10 16:14:19,Google Pay,Success,2660.1,INR,IND,Asia,,false,2020-09-10 16:14:19,stephen.clark001@analytics.example.com
,PAY-202009-00000004758,ORD-202009-0000000767,CUST-0000150287,2020-09-13 08:24:37,Apple Pay,Success,308.98,EUR,ITA,Europe,,false,2020-09-13 08:24:37,ashley.marks069@commerce.example.com
,PAY-202009-00000004759,ORD-202009-0000006224,CUST-0000138712,2020-09-17 08:49:36,Buy Now Pay Later,Success,2656.23,EUR,DEU,Europe,,false,2020-09-17 08:49:36,adam.gordon030@commerce.example.com
,PAY-202009-00000004760,ORD-202009-0000004980,CUST-0000135489,2020-09-09 19:27:37,Gift Card,Success,704.07,EUR,NLD,Europe,,false,2020-09-09 19:27:37,maria.ashley046@analytics.example.com
,PAY-202009-00000004761,ORD-202009-0000003546,CUST-0000142426,2020-09-25 11:59:06,Paytm,Success,3090.8,EUR,DEU,Europe,,false,2020-09-25 11:59:06,lance.williams029@platform.example.com
,PAY-202009-00000004762,ORD-202009-0000002724,CUST-0000154000,2020-09-02 07:52:54,Debit Card,Success,2479.97,BRL,BRA,South America,,false,2020-09-02 07:52:54,micheal.hall064@dataops.example.com
,PAY-202009-00000004763,ORD-202009-0000005129,CUST-0000143277,2020-09-01 07:00:10,Buy Now Pay Later,Failed,1312.11,AED,ARE,Asia,Invalid CVV,false,2020-09-01 07:00:10,tina.williams074@commerce.example.com
,PAY-202009-00000004764,ORD-202009-0000006531,CUST-0000134457,2020-09-14 06:55:03,Bank Transfer,Success,178.88,EUR,ITA,Europe,,false,2020-09-14 06:55:03,adam.gordon030@commerce.example.com
,PAY-202009-00000004765,ORD-202009-0000006312,CUST-0000152135,2020-09-23 15:17:18,Phonepe,Failed,2256.21,EUR,FRA,Europe,Invalid CVV,false,2020-09-23 15:17:18,taylor.cunningham023@commerce.example.com
,PAY-202009-00000004766,ORD-202009-0000002837,CUST-0000142605,2020-09-19 14:48:24,PayPal,Success,3115.06,BRL,BRA,South America,,false,2020-09-19 14:48:24,john.mullins109@commerce.example.com
,PAY-202009-00000004767,ORD-202009-0000003400,CUST-0000140061,2020-09-13 16:41:54,Paytm,Success,1674.66,INR,IND,Asia,,false,2020-09-13 16:41:54,michelle.bender024@analytics.example.com
,PAY-202009-00000004768,ORD-202009-0000006193,CUST-0000138110,2020-09-12 22:01:09,Apple Pay,Success,2643.99,SGD,SGP,Asia,,false,2020-09-12 22:01:09,james.proctor094@dataops.example.com
,PAY-202009-00000004769,ORD-202009-0000005516,CUST-0000153647,2020-09-20 01:59:50,Phonepe,Failed,536.78,JPY,JPN,Asia,Card declined,false,2020-09-20 01:59:50,kelsey.taylor010@platform.example.com
,PAY-202009-00000004770,ORD-202009-0000004448,CUST-0000148649,2020-09-24 20:27:16,Phonepe,Success,2259.01,AUD,AUS,Oceania,,false,2020-09-24 20:27:16,taylor.cunningham023@commerce.example.com
,PAY-202009-00000004771,ORD-202009-0000005980,CUST-0000146950,2020-09-24 13:48:22,Google Pay,Success,1075.1,EUR,FRA,Europe,,false,2020-09-24 13:48:22,timothy.cannon081@analytics.example.com
,PAY-202009-00000004772,ORD-202009-0000004098,CUST-0000139290,2020-09-28 14:14:41,Buy Now Pay Later,Success,1410.33,EUR,ITA,Europe,,false,2020-09-28 14:14:41,ryan.steele043@commerce.example.com
,PAY-202009-00000004773,ORD-202009-0000004784,CUST-0000147880,2020-09-21 02:31:14,Apple Pay,Success,1447.51,EUR,FRA,Europe,,false,2020-09-21 02:31:14,stephen.clark001@analytics.example.com
,PAY-202009-00000004774,ORD-202009-0000000144,CUST-0000152793,2020-09-09 07:30:47,Google Pay,Success,1998.75,INR,IND,Asia,,false,2020-09-09 07:30:47,brandon.yu006@analytics.example.com
,PAY-202009-00000004775,ORD-202009-0000005468,CUST-0000136665,2020-09-08 03:29:59,Credit Card,Refunded,1091.68,EUR,ESP,Europe,,true,2020-09-08 03:29:59,micheal.chen050@dataops.example.com
,PAY-202009-00000004776,ORD-202009-0000005349,CUST-0000139575,2020-09-10 12:36:38,PayPal,Success,2787.46,AUD,AUS,Oceania,,false,2020-09-10 12:36:38,eric.horton058@analytics.example.com
,PAY-202009-00000004777,ORD-202009-0000001308,CUST-0000150578,2020-09-09 04:01:10,Phonepe,Success,678.92,AED,ARE,Asia,,false,2020-09-09 04:01:10,taylor.cunningham023@commerce.example.com
,PAY-202009-00000004778,ORD-202009-0000003885,CUST-0000141675,2020-09-28 00:23:07,Credit Card,Success,1947.36,GBP,GBR,Europe,,false,2020-09-28 00:23:07,jennifer.bauer068@analytics.example.com
,PAY-202009-00000004779,ORD-202009-0000003954,CUST-0000143147,2020-09-15 07:22:36,Paytm,Success,2987.62,BRL,BRA,South America,,false,2020-09-15 07:22:36,stephen.clark001@analytics.example.com
,PAY-202009-00000004780,ORD-202009-0000000004,CUST-0000149898,2020-09-27 03:44:43,Credit Card,Success,1969.26,EUR,NLD,Europe,,false,2020-09-27 03:44:43,alyssa.richards002@commerce.example.com
,PAY-202009-00000004781,ORD-202009-0000003240,CUST-0000144580,2020-09-21 21:44:27,PayPal,Success,532.18,EUR,ESP,Europe,,false,2020-09-21 21:44:27,ryan.steele043@commerce.example.com
,PAY-202009-00000004782,ORD-202009-0000002115,CUST-0000139252,2020-09-17 18:34:33,Gift Card,Success,2971.68,EUR,DEU,Europe,,false,2020-09-17 18:34:33,brandi.carter038@dataops.example.com
,PAY-202009-00000004783,ORD-202009-0000000281,CUST-0000145390,2020-09-18 13:23:06,Paytm,Success,690.65,EUR,FRA,Europe,,false,2020-09-18 13:23:06,eric.mullen052@dataops.example.com
,PAY-202009-00000004784,ORD-202009-0000005075,CUST-0000135987,2020-09-28 02:46:31,Paytm,Success,2939.28,GBP,GBR,Europe,,false,2020-09-28 02:46:31,adam.gordon030@commerce.example.com
,PAY-202009-00000004785,ORD-202009-0000002087,CUST-0000152797,2020-09-09 12:37:02,Phonepe,Success,255.57,JPY,JPN,Asia,,false,2020-09-09 12:37:02,peter.martinez098@platform.example.com
,PAY-202009-00000004786,ORD-202009-0000005715,CUST-0000146140,2020-09-23 04:02:43,Buy Now Pay Later,Success,741.16,EUR,ITA,Europe,,false,2020-09-23 04:02:43,andrea.cummings039@platform.example.com
,PAY-202009-00000004787,ORD-202009-0000000916,CUST-0000150336,2020-09-18 20:16:45,Credit Card,Success,1462.44,MXN,MEX,North America,,false,2020-09-18 20:16:45,michael.johnson061@platform.example.com
,PAY-202009-00000004788,ORD-202009-0000000774,CUST-0000139670,2020-09-19 17:49:22,Phonepe,Success,3392.66,CAD,CAN,North America,,false,2020-09-19 17:49:22,kelsey.taylor010@platform.example.com
,PAY-202009-00000004789,ORD-202009-0000003151,CUST-0000152435,2020-09-06 07:32:57,PayPal,Success,3019.65,EUR,DEU,Europe,,false,2020-09-06 07:32:57,eric.mullen052@dataops.example.com
,PAY-202009-00000004790,ORD-202009-0000003924,CUST-0000148083,2020-09-03 22:35:39,Google Pay,Success,3157.28,EUR,FRA,Europe,,false,2020-09-03 22:35:39,patrick.gonzalez035@dataops.example.com
,PAY-202009-00000004791,ORD-202009-0000002842,CUST-0000141986,2020-09-18 08:39:52,Google Pay,Success,1662.16,INR,IND,Asia,,false,2020-09-18 08:39:52,jeffery.miller012@commerce.example.com
,PAY-202009-00000004792,ORD-202009-0000003772,CUST-0000139350,2020-09-28 18:10:48,Google Pay,Failed,1834.37,AED,ARE,Asia,Card declined,false,2020-09-28 18:10:48,brandon.yu006@analytics.example.com
,PAY-202009-00000004793,ORD-202009-0000001974,CUST-0000136861,2020-09-19 18:49:41,Paytm,Success,489.65,SGD,SGP,Asia,,false,2020-09-19 18:49:41,micheal.chen050@dataops.example.com
,PAY-202009-00000004794,ORD-202009-0000001052,CUST-0000140786,2020-09-19 03:03:05,Gift Card,Success,511.0,USD,USA,North America,,false,2020-09-19 03:03:05,brandon.yu006@analytics.example.com
,PAY-202009-00000004795,ORD-202009-0000001902,CUST-0000140129,2020-09-23 19:18:40,Credit Card,Success,455.09,BRL,BRA,South America,,false,2020-09-23 19:18:40,timothy.cameron104@commerce.example.com
,PAY-202009-00000004796,ORD-202009-0000006336,CUST-0000146454,2020-09-21 03:06:53,Credit Card,Success,2524.53,BRL,BRA,South America,,false,2020-09-21 03:06:53,susan.rice083@commerce.example.com
,PAY-202009-00000004797,ORD-202009-0000002052,CUST-0000136024,2020-09-03 16:31:36,Phonepe,Success,1656.24,GBP,GBR,Europe,,false,2020-09-03 16:31:36,micheal.chen050@dataops.example.com
,PAY-202009-00000004798,ORD-202009-0000000133,CUST-0000144601,2020-09-24 02:57:42,Paytm,Success,3466.4,EUR,DEU,Europe,,false,2020-09-24 02:57:42,kelsey.taylor010@platform.example.com
,PAY-202009-00000004799,ORD-202009-0000000189,CUST-0000137976,2020-09-06 14:51:39,Buy Now Pay Later,Refunded,2508.1,AED,ARE,Asia,,true,2020-09-06 14:51:39,alyssa.richards002@commerce.example.com
,PAY-202009-00000004800,ORD-202009-0000004663,CUST-0000143456,2020-09-17 19:56:48,Phonepe,Success,324.5,EUR,ESP,Europe,,false,2020-09-17 19:56:48,adam.gordon030@commerce.example.com
,PAY-202009-00000004801,ORD-202009-0000002484,CUST-0000137296,2020-09-28 00:03:47,Buy Now Pay Later,Success,1590.94,SGD,SGP,Asia,,false,2020-09-28 00:03:47,kelsey.taylor010@platform.example.com
,PAY-202009-00000004802,ORD-202009-0000001418,CUST-0000151470,2020-09-01 19:32:41,Google Pay,Success,752.58,EUR,ITA,Europe,,false,2020-09-01 19:32:41,adam.gordon030@commerce.example.com
,PAY-202009-00000004803,ORD-202009-0000001869,CUST-0000140821,2020-09-01 20:57:23,Gift Card,Success,2986.53,INR,IND,Asia,,false,2020-09-01 20:57:23,joseph.johnson049@dataops.example.com
,PAY-202009-00000004804,ORD-202009-0000000441,CUST-0000142297,2020-09-25 18:36:02,Credit Card,Success,2884.11,AED,ARE,Asia,,false,2020-09-25 18:36:02,kelsey.taylor010@platform.example.com
,PAY-202009-00000004805,ORD-202009-0000002296,CUST-0000141709,2020-09-26 21:10:13,Google Pay,Failed,431.49,INR,IND,Asia,Invalid CVV,false,2020-09-26 21:10:13,taylor.cunningham023@commerce.example.com
,PAY-202009-00000004806,ORD-202009-0000004600,CUST-0000143981,2020-09-09 02:36:40,Credit Card,Success,2168.13,EUR,NLD,Europe,,false,2020-09-09 02:36:40,patrick.gonzalez035@dataops.example.com
,PAY-202009-00000004807,ORD-202009-0000001147,CUST-0000142020,2020-09-27 08:59:42,Google Pay,Success,1956.95,EUR,FRA,Europe,,false,2020-09-27 08:59:42,michelle.sims041@analytics.example.com
,PAY-202009-00000004808,ORD-202009-0000001088,CUST-0000137202,2020-09-19 01:56:53,Apple Pay,Success,3267.45,SGD,SGP,Asia,,false,2020-09-19 01:56:53,stephen.clark001@analytics.example.com
,PAY-202009-00000004809,ORD-202009-0000005181,CUST-0000140826,2020-09-19 16:47:04,Phonepe,Success,573.1,EUR,NLD,Europe,,false,2020-09-19 16:47:04,jennifer.bauer068@analytics.example.com
,PAY-202009-00000004810,ORD-202009-0000004211,CUST-0000139591,2020-09-21 16:03:48,Google Pay,Success,1216.68,EUR,ESP,Europe,,false,2020-09-21 16:03:48,jennifer.bauer068@analytics.example.com
,PAY-202009-00000004811,ORD-202009-0000004677,CUST-0000141165,2020-09-26 18:43:17,Google Pay,Success,325.55,BRL,BRA,South America,,false,2020-09-26 18:43:17,michelle.bender024@analytics.example.com
,PAY-202009-00000004812,ORD-202009-0000002008,CUST-0000135214,2020-09-28 08:50:09,Credit Card,Success,3420.31,BRL,BRA,South America,,false,2020-09-28 08:50:09,jennifer.hudson020@analytics.example.com
,PAY-202009-00000004813,ORD-202009-0000006276,CUST-0000138348,2020-09-03 14:21:44,Debit Card,Success,3239.33,AED,ARE,Asia,,false,2020-09-03 14:21:44,andrea.cummings039@platform.example.com
,PAY-202009-00000004814,ORD-202009-0000004837,CUST-0000149133,2020-09-02 00:17:21,Bank Transfer,Success,2861.49,GBP,GBR,Europe,,false,2020-09-02 00:17:21,eric.horton058@analytics.example.com
,PAY-202009-00000004815,ORD-202009-0000003973,CUST-0000135665,2020-09-07 09:23:33,Buy Now Pay Later,Success,627.43,CAD,CAN,North America,,false,2020-09-07 09:23:33,jennifer.hudson020@analytics.example.com
,PAY-202009-00000004816,ORD-202009-0000005446,CUST-0000143722,2020-09-12 07:07:44,Google Pay,Success,748.05,GBP,GBR,Europe,,false,2020-09-12 07:07:44,peter.martinez098@platform.example.com
,PAY-202009-00000004817,ORD-202009-0000000046,CUST-0000143119,2020-09-26 10:24:44,Google Pay,Success,2818.01,BRL,BRA,South America,,false,2020-09-26 10:24:44,lance.williams029@platform.example.com
,PAY-202009-00000004818,ORD-202009-0000000131,CUST-0000136609,2020-09-06 01:06:00,Credit Card,Success,1791.82,EUR,ITA,Europe,,false,2020-09-06 01:06:00,michelle.bender024@analytics.example.com
,PAY-202009-00000004819,ORD-202009-0000003653,CUST-0000136366,2020-09-06 08:54:29,Bank Transfer,Success,3393.68,AUD,AUS,Oceania,,false,2020-09-06 08:54:29,michelle.sims041@analytics.example.com
,PAY-202009-00000004820,ORD-202009-0000004052,CUST-0000136968,2020-09-27 21:54:13,PayPal,Success,3385.48,BRL,BRA,South America,,false,2020-09-27 21:54:13,eric.horton058@analytics.example.com
,PAY-202009-00000004821,ORD-202009-0000003023,CUST-0000136951,2020-09-15 17:46:04,Gift Card,Failed,258.73,BRL,BRA,South America,Card declined,false,2020-09-15 17:46:04,david.cabrera119@dataops.example.com
,PAY-202009-00000004822,ORD-202009-0000002002,CUST-0000146787,2020-09-09 04:12:57,Bank Transfer,Success,1769.18,CAD,CAN,North America,,false,2020-09-09 04:12:57,michael.johnson061@platform.example.com
,PAY-202009-00000004823,ORD-202009-0000006403,CUST-0000138974,2020-09-03 11:43:00,Bank Transfer,Success,2316.73,EUR,NLD,Europe,,false,2020-09-03 11:43:00,maria.ashley046@analytics.example.com
,PAY-202009-00000004824,ORD-202009-0000006518,CUST-0000142053,2020-09-22 07:56:59,Google Pay,Success,795.81,BRL,BRA,South America,,false,2020-09-22 07:56:59,ashley.marks069@commerce.example.com
,PAY-202009-00000004825,ORD-202009-0000002989,CUST-0000142749,2020-09-28 00:32:38,PayPal,Refunded,1450.35,BRL,BRA,South America,,true,2020-09-28 00:32:38,adam.gordon030@commerce.example.com
,PAY-202009-00000004826,ORD-202009-0000006001,CUST-0000153058,2020-09-06 04:05:40,Phonepe,Success,2664.79,CAD,CAN,North America,,false,2020-09-06 04:05:40,kelsey.taylor010@platform.example.com
,PAY-202009-00000004827,ORD-202009-0000001090,CUST-0000140114,2020-09-05 22:50:52,Phonepe,Success,1677.43,EUR,DEU,Europe,,false,2020-09-05 22:50:52,micheal.hall064@dataops.example.com
,PAY-202009-00000004828,ORD-202009-0000006359,CUST-0000145319,2020-09-22 17:47:29,Credit Card,Success,551.73,AED,ARE,Asia,,false,2020-09-22 17:47:29,alyssa.richards002@commerce.example.com
,PAY-202009-00000004829,ORD-202009-0000001570,CUST-0000150910,2020-09-14 05:16:54,Debit Card,Success,1856.7,JPY,JPN,Asia,,false,2020-09-14 05:16:54,joseph.johnson049@dataops.example.com
,PAY-202009-00000004830,ORD-202009-0000006169,CUST-0000143802,2020-09-23 20:54:15,Buy Now Pay Later,Success,522.09,AED,ARE,Asia,,false,2020-09-23 20:54:15,maria.ashley046@analytics.example.com
,PAY-202009-00000004831,ORD-202009-0000004613,CUST-0000134462,2020-09-03 13:35:49,Gift Card,Success,793.48,AED,ARE,Asia,,false,2020-09-03 13:35:49,victor.palmer071@platform.example.com
,PAY-202009-00000004832,ORD-202009-0000004093,CUST-0000152277,2020-09-04 08:55:06,Paytm,Success,2250.58,EUR,FRA,Europe,,false,2020-09-04 08:55:06,michael.berger060@platform.example.com
,PAY-202009-00000004833,ORD-202009-0000004525,CUST-0000154024,2020-09-23 07:56:01,Credit Card,Success,3248.32,AUD,AUS,Oceania,,false,2020-09-23 07:56:01,timothy.cannon081@analytics.example.com
,PAY-202009-00000004834,ORD-202009-0000003825,CUST-0000137586,2020-09-16 05:46:22,Google Pay,Success,1535.63,GBP,GBR,Europe,,false,2020-09-16 05:46:22,susan.rice083@commerce.example.com
,PAY-202009-00000004835,ORD-202009-0000001504,CUST-0000142881,2020-09-15 06:12:50,PayPal,Success,763.29,SGD,SGP,Asia,,false,2020-09-15 06:12:50,micheal.hall064@dataops.example.com
,PAY-202009-00000004836,ORD-202009-0000005834,CUST-0000151352,2020-09-23 13:05:43,Google Pay,Success,3395.98,GBP,GBR,Europe,,false,2020-09-23 13:05:43,jeffery.miller012@commerce.example.com
,PAY-202009-00000004837,ORD-202009-0000003869,CUST-0000141568,2020-09-12 03:06:18,Credit Card,Success,1346.02,EUR,FRA,Europe,,false,2020-09-12 03:06:18,megan.cunningham013@commerce.example.com
,PAY-202009-00000004838,ORD-202009-0000004796,CUST-0000142565,2020-09-27 18:13:46,Phonepe,Success,71.62,AUD,AUS,Oceania,,false,2020-09-27 18:13:46,micheal.chen050@dataops.example.com
,PAY-202009-00000004839,ORD-202009-0000001718,CUST-0000142869,2020-09-01 23:39:51,Gift Card,Success,914.52,EUR,ITA,Europe,,false,2020-09-01 23:39:51,taylor.cunningham023@commerce.example.com
,PAY-202009-00000004840,ORD-202009-0000003657,CUST-0000138773,2020-09-17 01:05:06,Bank Transfer,Pending,1313.09,GBP,GBR,Europe,,false,2020-09-17 01:05:06,stephen.daniels076@commerce.example.com
,PAY-202009-00000004841,ORD-202009-0000001941,CUST-0000148103,2020-09-22 04:16:47,Apple Pay,Success,367.65,GBP,GBR,Europe,,false,2020-09-22 04:16:47,alyssa.richards002@commerce.example.com
,PAY-202009-00000004842,ORD-202009-0000003703,CUST-0000146935,2020-09-13 08:43:46,Debit Card,Failed,2320.89,BRL,BRA,South America,Invalid CVV,false,2020-09-13 08:43:46,timothy.cannon081@analytics.example.com
,PAY-202009-00000004843,ORD-202009-0000003118,CUST-0000140934,2020-09-28 22:31:38,Buy Now Pay Later,Success,2069.22,BRL,BRA,South America,,false,2020-09-28 22:31:38,patrick.gonzalez035@dataops.example.com
,PAY-202009-00000004844,ORD-202009-0000000309,CUST-0000149976,2020-09-14 07:39:38,Bank Transfer,Success,2504.96,EUR,ITA,Europe,,false,2020-09-14 07:39:38,brandon.yu006@analytics.example.com
,PAY-202009-00000004845,ORD-202009-0000005535,CUST-0000144649,2020-09-13 09:43:43,Credit Card,Success,2710.91,EUR,FRA,Europe,,false,2020-09-13 09:43:43,tina.williams074@commerce.example.com
,PAY-202009-00000004846,ORD-202009-0000004538,CUST-0000141915,2020-09-02 17:54:52,Gift Card,Success,408.47,JPY,JPN,Asia,,false,2020-09-02 17:54:52,victor.palmer071@platform.example.com
,PAY-202009-00000004847,ORD-202009-0000000246,CUST-0000143151,2020-09-24 04:03:30,Credit Card,Success,571.92,AED,ARE,Asia,,false,2020-09-24 04:03:30,megan.cunningham013@commerce.example.com
,PAY-202009-00000004848,ORD-202009-0000003911,CUST-0000142680,2020-09-14 18:10:02,PayPal,Success,874.02,GBP,GBR,Europe,,false,2020-09-14 18:10:02,michael.berger060@platform.example.com
,PAY-202009-00000004849,ORD-202009-0000002246,CUST-0000150126,2020-09-26 19:31:38,Bank Transfer,Success,2898.08,EUR,DEU,Europe,,false,2020-09-26 19:31:38,timothy.cameron104@commerce.example.com
,PAY-202009-00000004850,ORD-202009-0000005442,CUST-0000135937,2020-09-12 12:01:17,Google Pay,Success,1666.0,SGD,SGP,Asia,,false,2020-09-12 12:01:17,ashley.marks069@commerce.example.com
,PAY-202009-00000004851,ORD-202009-0000000655,CUST-0000142928,2020-09-27 21:14:06,Google Pay,Success,1368.0,BRL,BRA,South America,,false,2020-09-27 21:14:06,john.mullins109@commerce.example.com
,PAY-202009-00000004852,ORD-202009-0000006346,CUST-0000141576,2020-09-09 17:49:00,Paytm,Success,923.14,AED,ARE,Asia,,false,2020-09-09 17:49:00,stephen.clark001@analytics.example.com
,PAY-202009-00000004853,ORD-202009-0000002128,CUST-0000149636,2020-09-25 16:42:02,Buy Now Pay Later,Success,1756.91,EUR,ITA,Europe,,false,2020-09-25 16:42:02,taylor.cunningham023@commerce.example.com
,PAY-202009-00000004854,ORD-202009-0000005773,CUST-0000151640,2020-09-06 23:02:32,Paytm,Success,498.99,EUR,NLD,Europe,,false,2020-09-06 23:02:32,taylor.cunningham023@commerce.example.com
,PAY-202009-00000004855,ORD-202009-0000006488,CUST-0000139302,2020-09-05 10:58:55,Buy Now Pay Later,Failed,1337.53,BRL,BRA,South America,Insufficient funds,false,2020-09-05 10:58:55,ryan.steele043@commerce.example.com
,PAY-202009-00000004856,ORD-202009-0000006071,CUST-0000149455,2020-09-13 18:14:53,Bank Transfer,Success,1818.07,EUR,FRA,Europe,,false,2020-09-13 18:14:53,timothy.cameron104@commerce.example.com
,PAY-202009-00000004857,ORD-202009-0000001852,CUST-0000153527,2020-09-16 20:49:04,Debit Card,Success,130.45,MXN,MEX,North America,,false,2020-09-16 20:49:04,micheal.hall064@dataops.example.com
,PAY-202009-00000004858,ORD-202009-0000005634,CUST-0000153444,2020-09-06 01:19:24,Bank Transfer,Success,112.92,AUD,AUS,Oceania,,false,2020-09-06 01:19:24,stephen.clark001@analytics.example.com
,PAY-202009-00000004859,ORD-202009-0000001467,CUST-0000148079,2020-09-25 09:10:53,Bank Transfer,Success,2435.48,SGD,SGP,Asia,,false,2020-09-25 09:10:53,michael.berger060@platform.example.com
,PAY-202009-00000004860,ORD-202009-0000005025,CUST-0000153989,2020-09-14 23:01:38,Buy Now Pay Later,Success,297.59,AED,ARE,Asia,,false,2020-09-14 23:01:38,michelle.sims041@analytics.example.com
,PAY-202009-00000004861,ORD-202009-0000001486,CUST-0000137228,2020-09-01 05:15:49,Google Pay,Success,863.15,CAD,CAN,North America,,false,2020-09-01 05:15:49,stephen.clark001@analytics.example.com
,PAY-202009-00000004862,ORD-202009-0000002980,CUST-0000144454,2020-09-16 09:00:14,Buy Now Pay Later,Refunded,2420.68,EUR,NLD,Europe,,true,2020-09-16 09:00:14,kelsey.taylor010@platform.example.com
,PAY-202009-00000004863,ORD-202009-0000004528,CUST-0000149898,2020-09-16 20:13:59,Apple Pay,Refunded,3211.69,USD,USA,North America,,true,2020-09-16 20:13:59,jennifer.hudson020@analytics.example.com
,PAY-202009-00000004864,ORD-202009-0000001629,CUST-0000154035,2020-09-17 14:02:56,Credit Card,Success,542.07,CAD,CAN,North America,,false,2020-09-17 14:02:56,jeffery.miller012@commerce.example.com
,PAY-202009-00000004865,ORD-202009-0000000801,CUST-0000149149,2020-09-21 23:22:40,Credit Card,Failed,2309.11,EUR,ITA,Europe,Card declined,false,2020-09-21 23:22:40,david.cabrera119@dataops.example.com
,PAY-202009-00000004866,ORD-202009-0000002671,CUST-0000135621,2020-09-10 20:08:11,Paytm,Success,3135.1,EUR,ESP,Europe,,false,2020-09-10 20:08:11,jeffery.miller012@commerce.example.com
,PAY-202009-00000004867,ORD-202009-0000004416,CUST-0000151402,2020-09-18 15:05:23,Phonepe,Success,1588.97,AUD,AUS,Oceania,,false,2020-09-18 15:05:23,david.cabrera119@dataops.example.com
,PAY-202009-00000004868,ORD-202009-0000003522,CUST-0000142865,2020-09-20 18:59:35,PayPal,Success,1785.78,AUD,AUS,Oceania,,false,2020-09-20 18:59:35,michelle.sims041@analytics.example.com
,PAY-202009-00000004869,ORD-202009-0000000565,CUST-0000153641,2020-09-02 09:35:01,Bank Transfer,Success,1065.93,SGD,SGP,Asia,,false,2020-09-02 09:35:01,tina.williams074@commerce.example.com
,PAY-202009-00000004870,ORD-202009-0000000246,CUST-0000152511,2020-09-10 00:08:30,Gift Card,Success,1272.55,GBP,GBR,Europe,,false,2020-09-10 00:08:30,michael.johnson061@platform.example.com
,PAY-202009-00000004871,ORD-202009-0000003902,CUST-0000144203,2020-09-06 06:42:28,PayPal,Success,363.65,GBP,GBR,Europe,,false,2020-09-06 06:42:28,david.cabrera119@dataops.example.com
,PAY-202009-00000004872,ORD-202009-0000004361,CUST-0000151036,2020-09-01 08:52:49,PayPal,Success,2785.89,GBP,GBR,Europe,,false,2020-09-01 08:52:49,timothy.cannon081@analytics.example.com
,PAY-202009-00000004873,ORD-202009-0000001406,CUST-0000137578,2020-09-21 07:19:27,Google Pay,Success,2894.37,JPY,JPN,Asia,,false,2020-09-21 07:19:27,michelle.sims041@analytics.example.com
,PAY-202009-00000004874,ORD-202009-0000000418,CUST-0000150349,2020-09-19 21:48:14,Apple Pay,Success,417.28,EUR,NLD,Europe,,false,2020-09-19 21:48:14,jennifer.bauer068@analytics.example.com
,PAY-202009-00000004875,ORD-202009-0000005730,CUST-0000136921,2020-09-03 17:20:37,Buy Now Pay Later,Pending,2148.79,AUD,AUS,Oceania,,false,2020-09-03 17:20:37,peter.martinez098@platform.example.com
,PAY-202009-00000004876,ORD-202009-0000001874,CUST-0000149150,2020-09-01 04:29:46,Phonepe,Success,3310.51,GBP,GBR,Europe,,false,2020-09-01 04:29:46,kelsey.taylor010@platform.example.com
,PAY-202009-00000004877,ORD-202009-0000004508,CUST-0000144258,2020-09-02 07:02:38,Credit Card,Success,3206.73,AED,ARE,Asia,,false,2020-09-02 07:02:38,timothy.cannon081@analytics.example.com
,PAY-202009-00000004878,ORD-202009-0000000760,CUST-0000151905,2020-09-18 05:52:09,Buy Now Pay Later,Success,3467.26,MXN,MEX,North America,,false,2020-09-18 05:52:09,susan.rice083@commerce.example.com
,PAY-202009-00000004879,ORD-202009-0000004818,CUST-0000135942,2020-09-04 22:10:10,Paytm,Success,320.89,USD,USA,North America,,false,2020-09-04 22:10:10,peter.martinez098@platform.example.com
,PAY-202009-00000004880,ORD-202009-0000001480,CUST-0000142417,2020-09-17 20:10:08,Gift Card,Success,747.65,GBP,GBR,Europe,,false,2020-09-17 20:10:08,taylor.cunningham023@commerce.example.com
,PAY-202009-00000004881,ORD-202009-0000003871,CUST-0000141368,2020-09-15 03:24:07,Phonepe,Success,2019.54,SGD,SGP,Asia,,false,2020-09-15 03:24:07,peter.martinez098@platform.example.com
,PAY-202009-00000004882,ORD-202009-0000000090,CUST-0000144287,2020-09-21 09:26:29,Google Pay,Success,2777.75,EUR,ITA,Europe,,false,2020-09-21 09:26:29,ryan.steele043@commerce.example.com
,PAY-202009-00000004883,ORD-202009-0000001325,CUST-0000143962,2020-09-28 23:21:40,Paytm,Success,233.39,AED,ARE,Asia,,false,2020-09-28 23:21:40,patrick.gonzalez035@dataops.example.com
,PAY-202009-00000004884,ORD-202009-0000003135,CUST-0000148851,2020-09-29 08:53:48,Credit Card,Success,2121.94,INR,IND,Asia,,false,2020-09-29 08:53:48,michelle.sims041@analytics.example.com
,PAY-202009-00000004885,ORD-202009-0000002779,CUST-0000141574,2020-09-12 06:19:50,Gift Card,Success,1867.7,BRL,BRA,South America,,false,2020-09-12 06:19:50,tina.williams074@commerce.example.com
,PAY-202009-00000004886,ORD-202009-0000000029,CUST-0000151550,2020-09-13 23:00:35,Bank Transfer,Success,1044.24,EUR,ITA,Europe,,false,2020-09-13 23:00:35,john.mullins109@commerce.example.com
,PAY-202009-00000004887,ORD-202009-0000000984,CUST-0000143292,2020-09-24 19:23:21,Buy Now Pay Later,Success,2898.34,MXN,MEX,North America,,false,2020-09-24 19:23:21,brandi.carter038@dataops.example.com
,PAY-202009-00000004888,ORD-202009-0000001186,CUST-0000141333,2020-09-04 18:58:49,Gift Card,Success,155.61,USD,USA,North America,,false,2020-09-04 18:58:49,kelsey.taylor010@platform.example.com
,PAY-202009-00000004889,ORD-202009-0000002532,CUST-0000146097,2020-09-13 15:24:58,Gift Card,Success,852.69,MXN,MEX,North America,,false,2020-09-13 15:24:58,michael.berger060@platform.example.com
,PAY-202009-00000004890,ORD-202009-0000005896,CUST-0000139974,2020-09-25 08:32:10,Credit Card,Success,1379.45,JPY,JPN,Asia,,false,2020-09-25 08:32:10,joseph.johnson049@dataops.example.com
,PAY-202009-00000004891,ORD-202009-0000004720,CUST-0000140818,2020-09-22 00:31:12,Credit Card,Success,413.56,EUR,ESP,Europe,,false,2020-09-22 00:31:12,tina.williams074@commerce.example.com
,PAY-202009-00000004892,ORD-202009-0000006410,CUST-0000140230,2020-09-22 09:00:26,Gift Card,Success,2823.22,EUR,ESP,Europe,,false,2020-09-22 09:00:26,micheal.chen050@dataops.example.com
,PAY-202009-00000004893,ORD-202009-0000006287,CUST-0000146684,2020-09-25 00:37:07,Phonepe,Success,1023.09,MXN,MEX,North America,,false,2020-09-25 00:37:07,stephen.clark001@analytics.example.com
,PAY-202009-00000004894,ORD-202009-0000003869,CUST-0000139826,2020-09-09 08:11:43,Google Pay,Success,1624.77,AED,ARE,Asia,,false,2020-09-09 08:11:43,jeffery.miller012@commerce.example.com
,PAY-202009-00000004895,ORD-202009-0000002224,CUST-0000137230,2020-09-15 03:23:49,Buy Now Pay Later,Success,1427.13,EUR,FRA,Europe,,false,2020-09-15 03:23:49,micheal.hall064@dataops.example.com
,PAY-202009-00000004896,ORD-202009-0000005205,CUST-0000143053,2020-09-10 04:09:42,Apple Pay,Success,3153.85,EUR,NLD,Europe,,false,2020-09-10 04:09:42,brandi.carter038@dataops.example.com
,PAY-202009-00000004897,ORD-202009-0000001848,CUST-0000145215,2020-09-17 17:28:29,Debit Card,Success,1385.76,SGD,SGP,Asia,,false,2020-09-17 17:28:29,micheal.hall064@dataops.example.com
,PAY-202009-00000004898,ORD-202009-0000001965,CUST-0000142595,2020-09-15 14:47:11,Credit Card,Success,2144.34,EUR,DEU,Europe,,false,2020-09-15 14:47:11,maria.ashley046@analytics.example.com
,PAY-202009-00000004899,ORD-202009-0000006467,CUST-0000143596,2020-09-04 11:31:54,Apple Pay,Success,883.54,EUR,ITA,Europe,,false,2020-09-04 11:31:54,patrick.gonzalez035@dataops.example.com
,PAY-202009-00000004900,ORD-202009-0000001367,CUST-0000148737,2020-09-19 21:39:33,Buy Now Pay Later,Success,3226.34,BRL,BRA,South America,,false,2020-09-19 21:39:33,brandon.yu006@analytics.example.com
,PAY-202009-00000004901,ORD-202009-0000004039,CUST-0000136697,2020-09-22 19:33:34,Buy Now Pay Later,Success,101.52,BRL,BRA,South America,,false,2020-09-22 19:33:34,tina.williams074@commerce.example.com
,PAY-202009-00000004902,ORD-202009-0000000159,CUST-0000150745,2020-09-05 07:48:17,Credit Card,Success,1505.17,AED,ARE,Asia,,false,2020-09-05 07:48:17,peter.martinez098@platform.example.com
,PAY-202009-00000004903,ORD-202009-0000005025,CUST-0000146722,2020-09-04 11:25:35,Bank Transfer,Success,3489.02,AUD,AUS,Oceania,,false,2020-09-04 11:25:35,micheal.hall064@dataops.example.com
,PAY-202009-00000004904,ORD-202009-0000003486,CUST-0000137435,2020-09-22 04:49:05,Apple Pay,Pending,1076.12,MXN,MEX,North America,,false,2020-09-22 04:49:05,ryan.steele043@commerce.example.com
,PAY-202009-00000004905,ORD-202009-0000000916,CUST-0000138742,2020-09-25 15:19:57,Credit Card,Success,2654.7,BRL,BRA,South America,,false,2020-09-25 15:19:57,micheal.chen050@dataops.example.com
,PAY-202009-00000004906,ORD-202009-0000000864,CUST-0000135481,2020-09-28 05:56:33,Apple Pay,Success,3263.23,EUR,NLD,Europe,,false,2020-09-28 05:56:33,lance.williams029@platform.example.com
,PAY-202009-00000004907,ORD-202009-0000004090,CUST-0000140882,2020-09-21 17:31:12,Apple Pay,Success,908.56,CAD,CAN,North America,,false,2020-09-21 17:31:12,stephen.daniels076@commerce.example.com
,PAY-202009-00000004908,ORD-202009-0000003008,CUST-0000145969,2020-09-05 22:59:41,Credit Card,Success,1470.43,MXN,MEX,North America,,false,2020-09-05 22:59:41,victor.palmer071@platform.example.com
,PAY-202009-00000004909,ORD-202009-0000003573,CUST-0000150625,2020-09-30 20:51:53,Gift Card,Success,3073.83,USD,USA,North America,,false,2020-09-30 20:51:53,stephen.daniels076@commerce.example.com
,PAY-202009-00000004910,ORD-202009-0000001958,CUST-0000151563,2020-09-15 13:42:46,Apple Pay,Success,2169.85,EUR,ESP,Europe,,false,2020-09-15 13:42:46,michelle.bender024@analytics.example.com
,PAY-202009-00000004911,ORD-202009-0000002329,CUST-0000151109,2020-09-21 20:39:19,Apple Pay,Success,1174.93,SGD,SGP,Asia,,false,2020-09-21 20:39:19,stephen.daniels076@commerce.example.com
,PAY-202009-00000004912,ORD-202009-0000002471,CUST-0000150637,2020-09-20 15:14:22,Debit Card,Success,1471.3,INR,IND,Asia,,false,2020-09-20 15:14:22,eric.mullen052@dataops.example.com
,PAY-202009-00000004913,ORD-202009-0000002128,CUST-0000153282,2020-09-15 07:44:22,Apple Pay,Success,2713.49,AUD,AUS,Oceania,,false,2020-09-15 07:44:22,megan.cunningham013@commerce.example.com
,PAY-202009-00000004914,ORD-202009-0000000626,CUST-0000140291,2020-09-12 12:59:56,PayPal,Success,1698.61,AUD,AUS,Oceania,,false,2020-09-12 12:59:56,tina.williams074@commerce.example.com
,PAY-202009-00000004915,ORD-202009-0000001033,CUST-0000136377,2020-09-18 22:10:29,Paytm,Success,2076.98,EUR,NLD,Europe,,false,2020-09-18 22:10:29,michelle.sims041@analytics.example.com
,PAY-202009-00000004916,ORD-202009-0000002925,CUST-0000143929,2020-09-15 00:05:26,Paytm,Success,3251.92,EUR,ITA,Europe,,false,2020-09-15 00:05:26,adam.gordon030@commerce.example.com
,PAY-202009-00000004917,ORD-202009-0000004694,CUST-0000153333,2020-09-22 21:40:56,Buy Now Pay Later,Success,2561.16,JPY,JPN,Asia,,false,2020-09-22 21:40:56,jeffery.miller012@commerce.example.com
,PAY-202009-00000004918,ORD-202009-0000006503,CUST-0000149881,2020-09-21 13:12:19,Apple Pay,Success,1852.61,BRL,BRA,South America,,false,2020-09-21 13:12:19,alyssa.richards002@commerce.example.com
,PAY-202009-00000004919,ORD-202009-0000001247,CUST-0000153500,2020-09-14 06:30:14,Gift Card,Success,3414.4,AED,ARE,Asia,,false,2020-09-14 06:30:14,andrea.cummings039@platform.example.com
,PAY-202009-00000004920,ORD-202009-0000002964,CUST-0000140522,2020-09-24 09:29:57,Debit Card,Success,2279.46,EUR,NLD,Europe,,false,2020-09-24 09:29:57,ashley.marks069@commerce.example.com
,PAY-202009-00000004921,ORD-202009-0000002199,CUST-0000140180,2020-09-11 11:25:13,Paytm,Success,3257.79,AUD,AUS,Oceania,,false,2020-09-11 11:25:13,micheal.chen050@dataops.example.com
,PAY-202009-00000004922,ORD-202009-0000000514,CUST-0000152012,2020-09-18 03:21:45,Debit Card,Success,2013.89,SGD,SGP,Asia,,false,2020-09-18 03:21:45,susan.rice083@commerce.example.com
,PAY-202009-00000004923,ORD-202009-0000001831,CUST-0000142393,2020-09-27 15:00:12,Gift Card,Success,1023.98,EUR,DEU,Europe,,false,2020-09-27 15:00:12,alyssa.richards002@commerce.example.com
,PAY-202009-00000004924,ORD-202009-0000002171,CUST-0000136113,2020-09-01 09:49:02,Credit Card,Success,2594.27,EUR,DEU,Europe,,false,2020-09-01 09:49:02,victor.palmer071@platform.example.com
,PAY-202009-00000004925,ORD-202009-0000000321,CUST-0000150089,2020-09-15 01:16:14,Credit Card,Success,508.12,EUR,DEU,Europe,,false,2020-09-15 01:16:14,john.mullins109@commerce.example.com
,PAY-202009-00000004926,ORD-202009-0000001601,CUST-0000142567,2020-09-09 11:09:01,Apple Pay,Success,1217.08,EUR,DEU,Europe,,false,2020-09-09 11:09:01,maria.ashley046@analytics.example.com
,PAY-202009-00000004927,ORD-202009-0000006490,CUST-0000143739,2020-09-07 19:56:55,Paytm,Success,3107.35,INR,IND,Asia,,false,2020-09-07 19:56:55,brandi.carter038@dataops.example.com
,PAY-202009-00000004928,ORD-202009-0000004425,CUST-0000138484,2020-09-26 16:31:25,PayPal,Success,137.55,CAD,CAN,North America,,false,2020-09-26 16:31:25,andrea.cummings039@platform.example.com
,PAY-202009-00000004929,ORD-202009-0000000107,CUST-0000143563,2020-09-26 09:56:20,Phonepe,Success,859.11,GBP,GBR,Europe,,false,2020-09-26 09:56:20,michelle.bender024@analytics.example.com
,PAY-202009-00000004930,ORD-202009-0000006046,CUST-0000148483,2020-09-25 10:26:10,Apple Pay,Failed,665.38,GBP,GBR,Europe,Invalid CVV,false,2020-09-25 10:26:10,brandi.carter038@dataops.example.com
,PAY-202009-00000004931,ORD-202009-0000002078,CUST-0000143587,2020-09-06 16:57:49,Buy Now Pay Later,Pending,2782.4,EUR,FRA,Europe,,false,2020-09-06 16:57:49,joseph.johnson049@dataops.example.com
,PAY-202009-00000004932,ORD-202009-0000004131,CUST-0000149617,2020-09-09 17:03:39,Buy Now Pay Later,Success,3485.32,EUR,NLD,Europe,,false,2020-09-09 17:03:39,eric.mullen052@dataops.example.com
,PAY-202009-00000004933,ORD-202009-0000000417,CUST-0000145492,2020-09-12 17:39:14,Buy Now Pay Later,Success,3285.85,INR,IND,Asia,,false,2020-09-12 17:39:14,james.proctor094@dataops.example.com
,PAY-202009-00000004934,ORD-202009-0000003831,CUST-0000149008,2020-09-15 12:41:15,Paytm,Success,2515.55,CAD,CAN,North America,,false,2020-09-15 12:41:15,james.proctor094@dataops.example.com
,PAY-202009-00000004935,ORD-202009-0000006424,CUST-0000146927,2020-09-20 10:08:48,Buy Now Pay Later,Success,933.23,SGD,SGP,Asia,,false,2020-09-20 10:08:48,maria.ashley046@analytics.example.com
,PAY-202009-00000004936,ORD-202009-0000003682,CUST-0000137646,2020-09-13 16:45:07,PayPal,Success,2153.53,EUR,ESP,Europe,,false,2020-09-13 16:45:07,micheal.hall064@dataops.example.com
,PAY-202009-00000004937,ORD-202009-0000003964,CUST-0000142869,2020-09-25 10:07:05,Paytm,Success,33.44,BRL,BRA,South America,,false,2020-09-25 10:07:05,kelsey.taylor010@platform.example.com
,PAY-202009-00000004938,ORD-202009-0000005250,CUST-0000153175,2020-09-03 00:58:03,PayPal,Success,805.67,SGD,SGP,Asia,,false,2020-09-03 00:58:03,lance.williams029@platform.example.com
,PAY-202009-00000004939,ORD-202009-0000002640,CUST-0000138215,2020-09-07 17:39:15,PayPal,Success,2482.02,AUD,AUS,Oceania,,false,2020-09-07 17:39:15,victor.palmer071@platform.example.com
,PAY-202009-00000004940,ORD-202009-0000006263,CUST-0000149650,2020-09-28 03:37:26,Debit Card,Success,554.86,EUR,FRA,Europe,,false,2020-09-28 03:37:26,victor.palmer071@platform.example.com
,PAY-202009-00000004941,ORD-202009-0000003623,CUST-0000135329,2020-09-28 18:02:21,Gift Card,Success,1704.91,SGD,SGP,Asia,,false,2020-09-28 18:02:21,jennifer.hudson020@analytics.example.com
,PAY-202009-00000004942,ORD-202009-0000001215,CUST-0000152169,2020-09-16 21:26:31,Buy Now Pay Later,Success,1506.5,EUR,ESP,Europe,,false,2020-09-16 21:26:31,michael.berger060@platform.example.com
,PAY-202009-00000004943,ORD-202009-0000004365,CUST-0000144200,2020-09-12 19:50:26,Paytm,Success,2830.78,SGD,SGP,Asia,,false,2020-09-12 19:50:26,michelle.sims041@analytics.example.com
,PAY-202009-00000004944,ORD-202009-0000000291,CUST-0000151805,2020-09-03 15:41:11,Google Pay,Success,588.71,BRL,BRA,South America,,false,2020-09-03 15:41:11,michael.johnson061@platform.example.com
,PAY-202009-00000004945,ORD-202009-0000001660,CUST-0000134717,2020-09-18 06:06:30,Google Pay,Success,1514.96,AUD,AUS,Oceania,,false,2020-09-18 06:06:30,micheal.chen050@dataops.example.com
,PAY-202009-00000004946,ORD-202009-0000005737,CUST-0000149608,2020-09-16 10:18:48,Phonepe,Success,2829.26,EUR,NLD,Europe,,false,2020-09-16 10:18:48,alyssa.richards002@commerce.example.com
,PAY-202009-00000004947,ORD-202009-0000003499,CUST-0000137661,2020-09-23 03:40:58,Bank Transfer,Success,379.7,USD,USA,North America,,false,2020-09-23 03:40:58,michelle.sims041@analytics.example.com
,PAY-202009-00000004948,ORD-202009-0000004364,CUST-0000139361,2020-09-26 19:38:47,Debit Card,Success,1575.65,EUR,DEU,Europe,,false,2020-09-26 19:38:47,david.cabrera119@dataops.example.com
,PAY-202009-00000004949,ORD-202009-0000005860,CUST-0000135210,2020-09-23 10:12:15,PayPal,Success,608.84,USD,USA,North America,,false,2020-09-23 10:12:15,patrick.gonzalez035@dataops.example.com
,PAY-202009-00000004950,ORD-202009-0000005327,CUST-0000153460,2020-09-18 09:17:50,Paytm,Success,29.54,GBP,GBR,Europe,,false,2020-09-18 09:17:50,patrick.gonzalez035@dataops.example.com
,PAY-202009-00000004951,ORD-202009-0000001951,CUST-0000140189,2020-09-30 20:30:53,Google Pay,Success,511.32,INR,IND,Asia,,false,2020-09-30 20:30:53,stephen.clark001@analytics.example.com
,PAY-202009-00000004952,ORD-202009-0000003467,CUST-0000140926,2020-09-27 11:28:20,Gift Card,Success,615.25,GBP,GBR,Europe,,false,2020-09-27 11:28:20,taylor.cunningham023@commerce.example.com
,PAY-202009-00000004953,ORD-202009-0000003948,CUST-0000145690,2020-09-23 00:36:41,Apple Pay,Success,2199.86,SGD,SGP,Asia,,false,2020-09-23 00:36:41,patrick.gonzalez035@dataops.example.com
,PAY-202009-00000004954,ORD-202009-0000004984,CUST-0000136358,2020-09-07 00:11:15,Buy Now Pay Later,Success,543.44,AED,ARE,Asia,,false,2020-09-07 00:11:15,victor.palmer071@platform.example.com
,PAY-202009-00000004955,ORD-202009-0000000894,CUST-0000145842,2020-09-05 06:54:16,Credit Card,Success,1793.6,EUR,ITA,Europe,,false,2020-09-05 06:54:16,kelsey.taylor010@platform.example.com
,PAY-202009-00000004956,ORD-202009-0000001016,CUST-0000148408,2020-09-14 14:57:59,Bank Transfer,Success,2806.98,SGD,SGP,Asia,,false,2020-09-14 14:57:59,lance.williams029@platform.example.com
,PAY-202009-00000004957,ORD-202009-0000006279,CUST-0000151114,2020-09-25 21:10:21,Paytm,Success,636.67,SGD,SGP,Asia,,false,2020-09-25 21:10:21,kelsey.taylor010@platform.example.com
,PAY-202009-00000004958,ORD-202009-0000006206,CUST-0000147235,2020-09-09 15:09:19,Gift Card,Success,2426.26,EUR,ITA,Europe,,false,2020-09-09 15:09:19,timothy.cannon081@analytics.example.com
,PAY-202009-00000004959,ORD-202009-0000004026,CUST-0000150302,2020-09-16 14:03:20,Bank Transfer,Refunded,534.02,EUR,ESP,Europe,,true,2020-09-16 14:03:20,patrick.gonzalez035@dataops.example.com
,PAY-202009-00000004960,ORD-202009-0000004849,CUST-0000141582,2020-09-14 18:02:15,Credit Card,Success,2530.03,EUR,DEU,Europe,,false,2020-09-14 18:02:15,patrick.gonzalez035@dataops.example.com
,PAY-202009-00000004961,ORD-202009-0000005086,CUST-0000135794,2020-09-17 11:24:25,Credit Card,Success,1353.74,MXN,MEX,North America,,false,2020-09-17 11:24:25,joseph.johnson049@dataops.example.com
,PAY-202009-00000004962,ORD-202009-0000000497,CUST-0000146496,2020-09-29 07:57:51,Phonepe,Success,1027.75,EUR,ITA,Europe,,false,2020-09-29 07:57:51,susan.rice083@commerce.example.com
,PAY-202009-00000004963,ORD-202009-0000005426,CUST-0000145336,2020-09-05 06:11:09,Paytm,Success,344.39,MXN,MEX,North America,,false,2020-09-05 06:11:09,james.proctor094@dataops.example.com
,PAY-202009-00000004964,ORD-202009-0000005528,CUST-0000153706,2020-09-13 08:27:27,PayPal,Success,1173.34,EUR,ITA,Europe,,false,2020-09-13 08:27:27,alyssa.richards002@commerce.example.com
,PAY-202009-00000004965,ORD-202009-0000005125,CUST-0000143287,2020-09-21 19:20:26,PayPal,Success,2872.52,EUR,FRA,Europe,,false,2020-09-21 19:20:26,peter.martinez098@platform.example.com
,PAY-202009-00000004966,ORD-202009-0000003874,CUST-0000139755,2020-09-04 12:00:27,Credit Card,Failed,1326.87,AED,ARE,Asia,Card declined,false,2020-09-04 12:00:27,kelsey.taylor010@platform.example.com
,PAY-202009-00000004967,ORD-202009-0000002154,CUST-0000141492,2020-09-14 05:31:56,Bank Transfer,Success,3265.07,BRL,BRA,South America,,false,2020-09-14 05:31:56,jeffery.miller012@commerce.example.com
,PAY-202009-00000004968,ORD-202009-0000003279,CUST-0000135590,2020-09-12 07:32:05,Gift Card,Success,2651.34,EUR,ITA,Europe,,false,2020-09-12 07:32:05,michelle.sims041@analytics.example.com
,PAY-202009-00000004969,ORD-202009-0000003240,CUST-0000145873,2020-09-30 07:37:54,Phonepe,Success,2825.92,AED,ARE,Asia,,false,2020-09-30 07:37:54,jeffery.miller012@commerce.example.com
,PAY-202009-00000004970,ORD-202009-0000000351,CUST-0000145248,2020-09-22 20:52:36,Gift Card,Success,2529.36,EUR,DEU,Europe,,false,2020-09-22 20:52:36,jennifer.hudson020@analytics.example.com
,PAY-202009-00000004971,ORD-202009-0000004089,CUST-0000143303,2020-09-23 19:39:15,Phonepe,Success,2030.01,EUR,NLD,Europe,,false,2020-09-23 19:39:15,andrea.cummings039@platform.example.com
,PAY-202009-00000004972,ORD-202009-0000002205,CUST-0000148632,2020-09-05 23:39:10,Buy Now Pay Later,Success,3082.64,USD,USA,North America,,false,2020-09-05 23:39:10,michael.johnson061@platform.example.com
,PAY-202009-00000004973,ORD-202009-0000001559,CUST-0000147823,2020-09-24 09:16:41,Phonepe,Success,1555.65,JPY,JPN,Asia,,false,2020-09-24 09:16:41,david.cabrera119@dataops.example.com
,PAY-202009-00000004974,ORD-202009-0000006373,CUST-0000141799,2020-09-07 00:55:20,Credit Card,Pending,215.1,EUR,DEU,Europe,,false,2020-09-07 00:55:20,jennifer.bauer068@analytics.example.com
,PAY-202009-00000004975,ORD-202009-0000001028,CUST-0000143365,2020-09-21 09:10:03,Buy Now Pay Later,Success,2380.63,SGD,SGP,Asia,,false,2020-09-21 09:10:03,michael.berger060@platform.example.com
,PAY-202009-00000004976,ORD-202009-0000002362,CUST-0000135343,2020-09-10 09:08:40,Apple Pay,Success,533.68,CAD,CAN,North America,,false,2020-09-10 09:08:40,timothy.cannon081@analytics.example.com
,PAY-202009-00000004977,ORD-202009-0000006546,CUST-0000138408,2020-09-27 00:50:58,Phonepe,Success,797.51,EUR,ESP,Europe,,false,2020-09-27 00:50:58,maria.ashley046@analytics.example.com
,PAY-202009-00000004978,ORD-202009-0000002328,CUST-0000149408,2020-09-17 22:29:25,Credit Card,Success,282.84,EUR,FRA,Europe,,false,2020-09-17 22:29:25,ryan.steele043@commerce.example.com
,PAY-202009-00000004979,ORD-202009-0000002876,CUST-0000144959,2020-09-01 11:30:28,Phonepe,Success,377.86,EUR,DEU,Europe,,false,2020-09-01 11:30:28,tina.williams074@commerce.example.com
,PAY-202009-00000004980,ORD-202009-0000000414,CUST-0000150181,2020-09-13 18:49:36,Credit Card,Success,522.25,JPY,JPN,Asia,,false,2020-09-13 18:49:36,kelsey.taylor010@platform.example.com
,PAY-202009-00000004981,ORD-202009-0000002727,CUST-0000144846,2020-09-16 03:32:50,Phonepe,Success,2572.25,AED,ARE,Asia,,false,2020-09-16 03:32:50,maria.ashley046@analytics.example.com
,PAY-202009-00000004982,ORD-202009-0000004830,CUST-0000145368,2020-09-09 10:17:30,Buy Now Pay Later,Success,2298.79,EUR,ITA,Europe,,false,2020-09-09 10:17:30,maria.ashley046@analytics.example.com
,PAY-202009-00000004983,ORD-202009-0000002116,CUST-0000144740,2020-09-21 08:50:48,Bank Transfer,Success,3377.98,EUR,ESP,Europe,,false,2020-09-21 08:50:48,jennifer.hudson020@analytics.example.com
,PAY-202009-00000004984,ORD-202009-0000001711,CUST-0000152383,2020-09-29 22:22:52,PayPal,Success,2038.35,EUR,ITA,Europe,,false,2020-09-29 22:22:52,patrick.gonzalez035@dataops.example.com
,PAY-202009-00000004985,ORD-202009-0000001537,CUST-0000140471,2020-09-03 07:16:00,Buy Now Pay Later,Success,3034.16,MXN,MEX,North America,,false,2020-09-03 07:16:00,john.mullins109@commerce.example.com
,PAY-202009-00000004986,ORD-202009-0000004558,CUST-0000139814,2020-09-28 11:53:19,PayPal,Success,2320.9,JPY,JPN,Asia,,false,2020-09-28 11:53:19,timothy.cannon081@analytics.example.com
,PAY-202009-00000004987,ORD-202009-0000006213,CUST-0000135206,2020-09-06 10:15:30,Paytm,Success,1041.41,EUR,FRA,Europe,,false,2020-09-06 10:15:30,michael.johnson061@platform.example.com
,PAY-202009-00000004988,ORD-202009-0000003483,CUST-0000135459,2020-09-04 17:07:43,PayPal,Success,2086.98,EUR,DEU,Europe,,false,2020-09-04 17:07:43,tina.williams074@commerce.example.com
,PAY-202009-00000004989,ORD-202009-0000001410,CUST-0000146695,2020-09-04 17:15:26,Google Pay,Pending,3330.71,AUD,AUS,Oceania,,false,2020-09-04 17:15:26,jeffery.miller012@commerce.example.com
,PAY-202009-00000004990,ORD-202009-0000002320,CUST-0000153886,2020-09-25 09:21:05,Bank Transfer,Success,3319.74,AED,ARE,Asia,,false,2020-09-25 09:21:05,brandi.carter038@dataops.example.com
,PAY-202009-00000004991,ORD-202009-0000003998,CUST-0000144163,2020-09-27 18:03:57,Google Pay,Success,3458.08,USD,USA,North America,,false,2020-09-27 18:03:57,brandi.carter038@dataops.example.com
,PAY-202009-00000004992,ORD-202009-0000002244,CUST-0000146779,2020-09-05 04:40:47,Debit Card,Success,2581.8,AUD,AUS,Oceania,,false,2020-09-05 04:40:47,ryan.steele043@commerce.example.com
,PAY-202009-00000004993,ORD-202009-0000004652,CUST-0000138166,2020-09-10 20:31:19,Credit Card,Success,751.16,EUR,ESP,Europe,,false,2020-09-10 20:31:19,lance.williams029@platform.example.com
,PAY-202009-00000004994,ORD-202009-0000006179,CUST-0000146011,2020-09-05 22:50:30,PayPal,Success,2046.3,USD,USA,North America,,false,2020-09-05 22:50:30,stephen.clark001@analytics.example.com
,PAY-202009-00000004995,ORD-202009-0000003415,CUST-0000137392,2020-09-06 20:44:53,Google Pay,Success,630.06,EUR,FRA,Europe,,false,2020-09-06 20:44:53,susan.rice083@commerce.example.com
,PAY-202009-00000004996,ORD-202009-0000002772,CUST-0000142236,2020-09-10 15:02:50,Debit Card,Success,493.13,INR,IND,Asia,,false,2020-09-10 15:02:50,victor.palmer071@platform.example.com
,PAY-202009-00000004997,ORD-202009-0000000704,CUST-0000144736,2020-09-30 04:16:11,Credit Card,Success,282.87,USD,USA,North America,,false,2020-09-30 04:16:11,peter.martinez098@platform.example.com
,PAY-202009-00000004998,ORD-202009-0000002227,CUST-0000154118,2020-09-27 21:31:13,PayPal,Success,2974.29,MXN,MEX,North America,,false,2020-09-27 21:31:13,ashley.marks069@commerce.example.com
,PAY-202009-00000004999,ORD-202009-0000004730,CUST-0000136083,2020-09-18 03:46:47,Bank Transfer,Success,780.77,USD,USA,North America,,false,2020-09-18 03:46:47,michelle.sims041@analytics.example.com
,PAY-202009-00000005000,ORD-202009-0000002316,CUST-0000148891,2020-09-15 03:03:40,Credit Card,Success,1483.36,EUR,FRA,Europe,,false,2020-09-15 03:03:40,james.proctor094@dataops.example.com
,PAY-202009-00000005001,ORD-202009-0000002961,CUST-0000153471,2020-09-06 19:12:42,Apple Pay,Success,675.73,EUR,NLD,Europe,,false,2020-09-06 19:12:42,alyssa.richards002@commerce.example.com
,PAY-202009-00000005002,ORD-202009-0000002286,CUST-0000134939,2020-09-23 00:19:22,Google Pay,Refunded,2203.36,SGD,SGP,Asia,,true,2020-09-23 00:19:22,james.proctor094@dataops.example.com
,PAY-202009-00000005003,ORD-202009-0000003834,CUST-0000151769,2020-09-29 15:21:12,Buy Now Pay Later,Success,2982.25,AUD,AUS,Oceania,,false,2020-09-29 15:21:12,micheal.chen050@dataops.example.com
,PAY-202009-00000005004,ORD-202009-0000003405,CUST-0000146264,2020-09-03 08:38:34,PayPal,Pending,442.72,EUR,ESP,Europe,,false,2020-09-03 08:38:34,michael.berger060@platform.example.com
,PAY-202009-00000005005,ORD-202009-0000003674,CUST-0000152254,2020-09-17 07:13:05,Bank Transfer,Success,1206.56,EUR,ITA,Europe,,false,2020-09-17 07:13:05,micheal.chen050@dataops.example.com
,PAY-202009-00000005006,ORD-202009-0000006567,CUST-0000152285,2020-09-24 11:13:39,Bank Transfer,Success,3376.47,SGD,SGP,Asia,,false,2020-09-24 11:13:39,michelle.bender024@analytics.example.com
,PAY-202009-00000005007,ORD-202009-0000003171,CUST-0000144990,2020-09-06 09:13:23,Gift Card,Success,2344.64,USD,USA,North America,,false,2020-09-06 09:13:23,patrick.gonzalez035@dataops.example.com
,PAY-202009-00000005008,ORD-202009-0000002561,CUST-0000145571,2020-09-15 10:23:46,Credit Card,Success,699.35,INR,IND,Asia,,false,2020-09-15 10:23:46,lance.williams029@platform.example.com
,PAY-202009-00000005009,ORD-202009-0000004937,CUST-0000137036,2020-09-25 20:14:25,Bank Transfer,Success,81.46,AUD,AUS,Oceania,,false,2020-09-25 20:14:25,jennifer.bauer068@analytics.example.com
,PAY-202009-00000005010,ORD-202009-0000000022,CUST-0000141120,2020-09-22 19:12:12,Credit Card,Success,355.92,AUD,AUS,Oceania,,false,2020-09-22 19:12:12,stephen.daniels076@commerce.example.com
,PAY-202009-00000005011,ORD-202009-0000004046,CUST-0000143827,2020-09-14 08:29:33,Debit Card,Success,1451.11,GBP,GBR,Europe,,false,2020-09-14 08:29:33,jeffery.miller012@commerce.example.com
,PAY-202009-00000005012,ORD-202009-0000006422,CUST-0000141521,2020-09-14 01:14:59,Phonepe,Success,49.08,SGD,SGP,Asia,,false,2020-09-14 01:14:59,peter.martinez098@platform.example.com
,PAY-202009-00000005013,ORD-202009-0000002922,CUST-0000136352,2020-09-25 20:36:56,Debit Card,Success,420.33,SGD,SGP,Asia,,false,2020-09-25 20:36:56,susan.rice083@commerce.example.com
,PAY-202009-00000005014,ORD-202009-0000003747,CUST-0000137109,2020-09-03 20:10:58,Apple Pay,Success,3295.78,EUR,ITA,Europe,,false,2020-09-03 20:10:58,eric.horton058@analytics.example.com
,PAY-202009-00000005015,ORD-202009-0000001305,CUST-0000146080,2020-09-09 09:02:30,Debit Card,Pending,46.71,EUR,ESP,Europe,,false,2020-09-09 09:02:30,jennifer.bauer068@analytics.example.com
,PAY-202009-00000005016,ORD-202009-0000005415,CUST-0000142711,2020-09-05 08:58:35,Apple Pay,Success,2730.49,EUR,ESP,Europe,,false,2020-09-05 08:58:35,michelle.sims041@analytics.example.com
,PAY-202009-00000005017,ORD-202009-0000001467,CUST-0000139143,2020-09-21 11:16:18,Paytm,Success,3154.17,EUR,NLD,Europe,,false,2020-09-21 11:16:18,ashley.marks069@commerce.example.com
,PAY-202009-00000005018,ORD-202009-0000000634,CUST-0000141730,2020-09-19 08:56:25,Gift Card,Success,3212.35,EUR,FRA,Europe,,false,2020-09-19 08:56:25,taylor.cunningham023@commerce.example.com
,PAY-202009-00000005019,ORD-202009-0000004532,CUST-0000144231,2020-09-02 04:23:38,Paytm,Success,1472.2,AUD,AUS,Oceania,,false,2020-09-02 04:23:38,adam.gordon030@commerce.example.com
,PAY-202009-00000005020,ORD-202009-0000006037,CUST-0000152268,2020-09-05 01:42:12,Gift Card,Success,1684.62,MXN,MEX,North America,,false,2020-09-05 01:42:12,stephen.clark001@analytics.example.com
,PAY-202009-00000005021,ORD-202009-0000004554,CUST-0000150313,2020-09-04 18:24:45,Bank Transfer,Success,1856.45,CAD,CAN,North America,,false,2020-09-04 18:24:45,eric.mullen052@dataops.example.com
,PAY-202009-00000005022,ORD-202009-0000002870,CUST-0000147746,2020-09-19 08:54:02,Buy Now Pay Later,Success,3414.27,INR,IND,Asia,,false,2020-09-19 08:54:02,peter.martinez098@platform.example.com
,PAY-202009-00000005023,ORD-202009-0000002900,CUST-0000139044,2020-09-30 10:46:52,Paytm,Success,1085.53,CAD,CAN,North America,,false,2020-09-30 10:46:52,alyssa.richards002@commerce.example.com
,PAY-202009-00000005024,ORD-202009-0000004040,CUST-0000143272,2020-09-10 23:33:50,Paytm,Success,3448.15,MXN,MEX,North America,,false,2020-09-10 23:33:50,taylor.cunningham023@commerce.example.com
,PAY-202009-00000005025,ORD-202009-0000002518,CUST-0000149594,2020-09-30 04:18:26,Phonepe,Success,3136.79,EUR,ESP,Europe,,false,2020-09-30 04:18:26,eric.horton058@analytics.example.com
,PAY-202009-00000005026,ORD-202009-0000004657,CUST-0000139004,2020-09-12 22:59:46,Google Pay,Success,1867.31,EUR,DEU,Europe,,false,2020-09-12 22:59:46,ryan.steele043@commerce.example.com
,PAY-202009-00000005027,ORD-202009-0000004158,CUST-0000141613,2020-09-02 15:44:38,Google Pay,Success,3317.86,EUR,ESP,Europe,,false,2020-09-02 15:44:38,joseph.johnson049@dataops.example.com
,PAY-202009-00000005028,ORD-202009-0000003479,CUST-0000141005,2020-09-21 02:34:59,Debit Card,Success,436.21,EUR,NLD,Europe,,false,2020-09-21 02:34:59,taylor.cunningham023@commerce.example.com
,PAY-202009-00000005029,ORD-202009-0000005908,CUST-0000149781,2020-09-29 20:28:37,Paytm,Success,2842.93,GBP,GBR,Europe,,false,2020-09-29 20:28:37,susan.rice083@commerce.example.com
,PAY-202009-00000005030,ORD-202009-0000006553,CUST-0000140178,2020-09-16 22:24:32,Credit Card,Success,1583.72,AUD,AUS,Oceania,,false,2020-09-16 22:24:32,susan.rice083@commerce.example.com
,PAY-202009-00000005031,ORD-202009-0000006062,CUST-0000139140,2020-09-23 12:35:46,Gift Card,Success,1334.56,JPY,JPN,Asia,,false,2020-09-23 12:35:46,timothy.cannon081@analytics.example.com
,PAY-202009-00000005032,ORD-202009-0000003137,CUST-0000136369,2020-09-21 19:12:09,Buy Now Pay Later,Success,2691.41,AED,ARE,Asia,,false,2020-09-21 19:12:09,timothy.cameron104@commerce.example.com
,PAY-202009-00000005033,ORD-202009-0000000394,CUST-0000153997,2020-09-01 07:49:33,Debit Card,Success,1524.92,EUR,ESP,Europe,,false,2020-09-01 07:49:33,michelle.bender024@analytics.example.com
,PAY-202009-00000005034,ORD-202009-0000006416,CUST-0000143690,2020-09-01 10:03:43,Debit Card,Success,1583.76,AUD,AUS,Oceania,,false,2020-09-01 10:03:43,patrick.gonzalez035@dataops.example.com
,PAY-202009-00000005035,ORD-202009-0000005209,CUST-0000147494,2020-09-25 18:33:44,Bank Transfer,Success,482.9,EUR,FRA,Europe,,false,2020-09-25 18:33:44,michael.johnson061@platform.example.com
,PAY-202009-00000005036,ORD-202009-0000004568,CUST-0000146651,2020-09-13 14:34:25,Gift Card,Success,948.81,EUR,ESP,Europe,,false,2020-09-13 14:34:25,timothy.cannon081@analytics.example.com
,PAY-202009-00000005037,ORD-202009-0000006043,CUST-0000151516,2020-09-13 10:59:47,Credit Card,Failed,1513.52,AUD,AUS,Oceania,Network timeout,false,2020-09-13 10:59:47,adam.gordon030@commerce.example.com
,PAY-202009-00000005038,ORD-202009-0000000255,CUST-0000137831,2020-09-22 01:54:57,Credit Card,Success,2232.18,EUR,ESP,Europe,,false,2020-09-22 01:54:57,michelle.sims041@analytics.example.com
,PAY-202009-00000005039,ORD-202009-0000000501,CUST-0000143942,2020-09-06 06:26:44,Debit Card,Success,3061.58,AUD,AUS,Oceania,,false,2020-09-06 06:26:44,eric.mullen052@dataops.example.com
,PAY-202009-00000005040,ORD-202009-0000003603,CUST-0000135645,2020-09-17 11:37:37,Gift Card,Success,1214.38,BRL,BRA,South America,,false,2020-09-17 11:37:37,megan.cunningham013@commerce.example.com
,PAY-202009-00000005041,ORD-202009-0000001418,CUST-0000144554,2020-09-06 13:21:16,Phonepe,Success,1097.68,EUR,DEU,Europe,,false,2020-09-06 13:21:16,joseph.johnson049@dataops.example.com
,PAY-202009-00000005042,ORD-202009-0000004779,CUST-0000144870,2020-09-07 19:58:57,Bank Transfer,Success,3227.94,GBP,GBR,Europe,,false,2020-09-07 19:58:57,michelle.sims041@analytics.example.com
,PAY-202009-00000005043,ORD-202009-0000002692,CUST-0000144312,2020-09-29 06:35:10,Phonepe,Success,1424.27,SGD,SGP,Asia,,false,2020-09-29 06:35:10,kelsey.taylor010@platform.example.com
,PAY-202009-00000005044,ORD-202009-0000003693,CUST-0000145497,2020-09-18 08:01:14,Credit Card,Success,384.71,INR,IND,Asia,,false,2020-09-18 08:01:14,brandon.yu006@analytics.example.com
,PAY-202009-00000005045,ORD-202009-0000004323,CUST-0000147720,2020-09-28 11:44:03,Apple Pay,Success,742.86,EUR,ITA,Europe,,false,2020-09-28 11:44:03,ashley.marks069@commerce.example.com
,PAY-202009-00000005046,ORD-202009-0000004196,CUST-0000141383,2020-09-30 21:56:01,Buy Now Pay Later,Success,1342.22,GBP,GBR,Europe,,false,2020-09-30 21:56:01,maria.ashley046@analytics.example.com
,PAY-202009-00000005047,ORD-202009-0000000250,CUST-0000138504,2020-09-24 17:57:54,Phonepe,Success,3148.78,EUR,NLD,Europe,,false,2020-09-24 17:57:54,eric.mullen052@dataops.example.com
,PAY-202009-00000005048,ORD-202009-0000001253,CUST-0000134609,2020-09-22 08:48:10,Phonepe,Success,1051.3,JPY,JPN,Asia,,false,2020-09-22 08:48:10,brandi.carter038@dataops.example.com
,PAY-202009-00000005049,ORD-202009-0000000643,CUST-0000147335,2020-09-22 09:26:24,Paytm,Success,718.2,AUD,AUS,Oceania,,false,2020-09-22 09:26:24,ashley.marks069@commerce.example.com
,PAY-202009-00000005050,ORD-202009-0000002875,CUST-0000142361,2020-09-10 18:36:58,Credit Card,Success,3407.46,INR,IND,Asia,,false,2020-09-10 18:36:58,eric.mullen052@dataops.example.com
,PAY-202009-00000005051,ORD-202009-0000003431,CUST-0000151841,2020-09-18 05:30:45,Google Pay,Success,1555.16,SGD,SGP,Asia,,false,2020-09-18 05:30:45,brandon.yu006@analytics.example.com
,PAY-202009-00000005052,ORD-202009-0000000181,CUST-0000139242,2020-09-20 15:27:41,Gift Card,Success,852.86,INR,IND,Asia,,false,2020-09-20 15:27:41,michelle.bender024@analytics.example.com
,PAY-202009-00000005053,ORD-202009-0000000057,CUST-0000141174,2020-09-09 21:55:16,Google Pay,Success,2447.43,SGD,SGP,Asia,,false,2020-09-09 21:55:16,micheal.chen050@dataops.example.com
,PAY-202009-00000005054,ORD-202009-0000006249,CUST-0000140000,2020-09-02 21:01:53,Apple Pay,Success,2683.26,GBP,GBR,Europe,,false,2020-09-02 21:01:53,eric.mullen052@dataops.example.com
,PAY-202009-00000005055,ORD-202009-0000004486,CUST-0000140775,2020-09-02 17:52:21,Apple Pay,Success,546.63,MXN,MEX,North America,,false,2020-09-02 17:52:21,james.proctor094@dataops.example.com
,PAY-202009-00000005056,ORD-202009-0000000955,CUST-0000144192,2020-09-16 09:46:17,Buy Now Pay Later,Success,2198.6,AUD,AUS,Oceania,,false,2020-09-16 09:46:17,micheal.chen050@dataops.example.com
,PAY-202009-00000005057,ORD-202009-0000005446,CUST-0000142519,2020-09-16 12:09:07,Gift Card,Success,2308.36,MXN,MEX,North America,,false,2020-09-16 12:09:07,andrea.cummings039@platform.example.com
,PAY-202009-00000005058,ORD-202009-0000005813,CUST-0000138778,2020-09-22 20:23:37,Bank Transfer,Success,1671.87,EUR,NLD,Europe,,false,2020-09-22 20:23:37,michael.johnson061@platform.example.com
,PAY-202009-00000005059,ORD-202009-0000001623,CUST-0000148415,2020-09-01 17:05:44,Gift Card,Success,1537.47,AED,ARE,Asia,,false,2020-09-01 17:05:44,ashley.marks069@commerce.example.com
,PAY-202009-00000005060,ORD-202009-0000004747,CUST-0000147695,2020-09-13 15:02:49,Gift Card,Success,3003.64,USD,USA,North America,,false,2020-09-13 15:02:49,timothy.cannon081@analytics.example.com
,PAY-202009-00000005061,ORD-202009-0000003808,CUST-0000139833,2020-09-12 02:34:15,Debit Card,Success,34.93,USD,USA,North America,,false,2020-09-12 02:34:15,patrick.gonzalez035@dataops.example.com
,PAY-202009-00000005062,ORD-202009-0000000508,CUST-0000145580,2020-09-06 21:56:20,PayPal,Success,1630.69,AED,ARE,Asia,,false,2020-09-06 21:56:20,jeffery.miller012@commerce.example.com
,PAY-202009-00000005063,ORD-202009-0000003006,CUST-0000140952,2020-09-26 22:42:48,Phonepe,Success,575.77,EUR,ITA,Europe,,false,2020-09-26 22:42:48,david.cabrera119@dataops.example.com
,PAY-202009-00000005064,ORD-202009-0000000001,CUST-0000140522,2020-09-10 21:34:08,Gift Card,Pending,915.64,GBP,GBR,Europe,,false,2020-09-10 21:34:08,jeffery.miller012@commerce.example.com
,PAY-202009-00000005065,ORD-202009-0000003146,CUST-0000146047,2020-09-05 16:31:15,PayPal,Success,2329.38,USD,USA,North America,,false,2020-09-05 16:31:15,david.cabrera119@dataops.example.com
,PAY-202009-00000005066,ORD-202009-0000003992,CUST-0000135809,2020-09-10 08:33:31,Apple Pay,Success,1740.23,USD,USA,North America,,false,2020-09-10 08:33:31,eric.mullen052@dataops.example.com
,PAY-202009-00000005067,ORD-202009-0000003685,CUST-0000146639,2020-09-12 21:55:07,Google Pay,Success,1260.48,SGD,SGP,Asia,,false,2020-09-12 21:55:07,michelle.sims041@analytics.example.com
,PAY-202009-00000005068,ORD-202009-0000006188,CUST-0000143658,2020-09-13 05:50:18,Paytm,Pending,616.74,JPY,JPN,Asia,,false,2020-09-13 05:50:18,ashley.marks069@commerce.example.com
,PAY-202009-00000005069,ORD-202009-0000005597,CUST-0000152240,2020-09-05 21:03:26,PayPal,Refunded,2592.48,BRL,BRA,South America,,true,2020-09-05 21:03:26,jennifer.bauer068@analytics.example.com
,PAY-202009-00000005070,ORD-202009-0000001194,CUST-0000144736,2020-09-11 02:29:23,Apple Pay,Success,688.19,EUR,DEU,Europe,,false,2020-09-11 02:29:23,eric.mullen052@dataops.example.com
,PAY-202009-00000005071,ORD-202009-0000000212,CUST-0000152598,2020-09-14 15:22:33,Paytm,Success,1802.29,AUD,AUS,Oceania,,false,2020-09-14 15:22:33,susan.rice083@commerce.example.com
,PAY-202009-00000005072,ORD-202009-0000006265,CUST-0000145289,2020-09-20 13:58:02,Phonepe,Success,2380.83,EUR,FRA,Europe,,false,2020-09-20 13:58:02,lance.williams029@platform.example.com
,PAY-202009-00000005073,ORD-202009-0000003081,CUST-0000142653,2020-09-28 19:38:39,Paytm,Success,2925.61,EUR,ESP,Europe,,false,2020-09-28 19:38:39,stephen.daniels076@commerce.example.com
,PAY-202009-00000005074,ORD-202009-0000002834,CUST-0000149216,2020-09-09 15:20:15,Paytm,Success,3374.77,EUR,DEU,Europe,,false,2020-09-09 15:20:15,timothy.cannon081@analytics.example.com
,PAY-202009-00000005075,ORD-202009-0000001981,CUST-0000150594,2020-09-16 03:27:27,PayPal,Success,827.85,GBP,GBR,Europe,,false,2020-09-16 03:27:27,stephen.clark001@analytics.example.com
,PAY-202009-00000005076,ORD-202009-0000001463,CUST-0000147532,2020-09-19 15:51:12,Buy Now Pay Later,Success,1173.29,MXN,MEX,North America,,false,2020-09-19 15:51:12,joseph.johnson049@dataops.example.com
,PAY-202009-00000005077,ORD-202009-0000003438,CUST-0000149109,2020-09-26 16:40:16,Buy Now Pay Later,Success,2782.77,INR,IND,Asia,,false,2020-09-26 16:40:16,andrea.cummings039@platform.example.com
,PAY-202009-00000005078,ORD-202009-0000002240,CUST-0000152631,2020-09-09 12:56:40,Credit Card,Success,3300.55,EUR,FRA,Europe,,false,2020-09-09 12:56:40,jennifer.bauer068@analytics.example.com
,PAY-202009-00000005079,ORD-202009-0000001977,CUST-0000152509,2020-09-29 02:08:56,Bank Transfer,Success,2956.67,CAD,CAN,North America,,false,2020-09-29 02:08:56,kelsey.taylor010@platform.example.com
,PAY-202009-00000005080,ORD-202009-0000006390,CUST-0000145399,2020-09-09 17:15:51,Buy Now Pay Later,Pending,918.1,EUR,ESP,Europe,,false,2020-09-09 17:15:51,stephen.daniels076@commerce.example.com
,PAY-202009-00000005081,ORD-202009-0000004336,CUST-0000150135,2020-09-25 14:16:44,Bank Transfer,Success,2197.61,GBP,GBR,Europe,,false,2020-09-25 14:16:44,brandon.yu006@analytics.example.com
,PAY-202009-00000005082,ORD-202009-0000001046,CUST-0000149910,2020-09-17 14:45:22,Paytm,Success,2888.93,MXN,MEX,North America,,false,2020-09-17 14:45:22,andrea.cummings039@platform.example.com
,PAY-202009-00000005083,ORD-202009-0000005289,CUST-0000140838,2020-09-25 07:56:33,Buy Now Pay Later,Success,1125.16,MXN,MEX,North America,,false,2020-09-25 07:56:33,stephen.daniels076@commerce.example.com
,PAY-202009-00000005084,ORD-202009-0000001039,CUST-0000146268,2020-09-09 23:56:34,Bank Transfer,Success,535.94,SGD,SGP,Asia,,false,2020-09-09 23:56:34,stephen.clark001@analytics.example.com
,PAY-202009-00000005085,ORD-202009-0000000422,CUST-0000153194,2020-09-26 16:05:31,Phonepe,Failed,2452.55,EUR,ESP,Europe,Invalid CVV,false,2020-09-26 16:05:31,alyssa.richards002@commerce.example.com
,PAY-202009-00000005086,ORD-202009-0000003414,CUST-0000150808,2020-09-10 16:49:38,Google Pay,Success,374.22,EUR,DEU,Europe,,false,2020-09-10 16:49:38,lance.williams029@platform.example.com
,PAY-202009-00000005087,ORD-202009-0000005038,CUST-0000147273,2020-09-21 20:23:21,Gift Card,Success,1313.09,EUR,DEU,Europe,,false,2020-09-21 20:23:21,andrea.cummings039@platform.example.com
,PAY-202009-00000005088,ORD-202009-0000000262,CUST-0000141630,2020-09-21 10:17:03,Google Pay,Success,1738.17,INR,IND,Asia,,false,2020-09-21 10:17:03,jeffery.miller012@commerce.example.com
,PAY-202009-00000005089,ORD-202009-0000002631,CUST-0000150400,2020-09-22 06:12:09,Paytm,Success,3352.12,GBP,GBR,Europe,,false,2020-09-22 06:12:09,michael.johnson061@platform.example.com
,PAY-202009-00000005090,ORD-202009-0000001229,CUST-0000148664,2020-09-25 03:22:35,PayPal,Success,3132.18,JPY,JPN,Asia,,false,2020-09-25 03:22:35,michael.johnson061@platform.example.com
,PAY-202009-00000005091,ORD-202009-0000000600,CUST-0000145658,2020-09-29 19:39:34,Buy Now Pay Later,Success,1282.75,EUR,ESP,Europe,,false,2020-09-29 19:39:34,brandon.yu006@analytics.example.com
,PAY-202009-00000005092,ORD-202009-0000004046,CUST-0000137287,2020-09-12 03:04:29,PayPal,Refunded,2173.34,GBP,GBR,Europe,,true,2020-09-12 03:04:29,stephen.daniels076@commerce.example.com
,PAY-202009-00000005093,ORD-202009-0000002898,CUST-0000152101,2020-09-08 12:28:40,Bank Transfer,Failed,2495.48,AUD,AUS,Oceania,Card declined,false,2020-09-08 12:28:40,victor.palmer071@platform.example.com
,PAY-202009-00000005094,ORD-202009-0000003926,CUST-0000146065,2020-09-12 07:57:25,Credit Card,Success,3310.31,INR,IND,Asia,,false,2020-09-12 07:57:25,lance.williams029@platform.example.com
,PAY-202009-00000005095,ORD-202009-0000002963,CUST-0000151465,2020-09-29 12:32:54,Buy Now Pay Later,Success,1762.06,SGD,SGP,Asia,,false,2020-09-29 12:32:54,andrea.cummings039@platform.example.com
,PAY-202009-00000005096,ORD-202009-0000005020,CUST-0000151169,2020-09-23 14:54:55,Bank Transfer,Success,2076.82,INR,IND,Asia,,false,2020-09-23 14:54:55,maria.ashley046@analytics.example.com
,PAY-202009-00000005097,ORD-202009-0000000283,CUST-0000142900,2020-09-11 02:46:58,Debit Card,Success,382.66,CAD,CAN,North America,,false,2020-09-11 02:46:58,andrea.cummings039@platform.example.com
,PAY-202009-00000005098,ORD-202009-0000002943,CUST-0000139213,2020-09-30 14:01:06,Debit Card,Success,3181.82,EUR,ESP,Europe,,false,2020-09-30 14:01:06,ryan.steele043@commerce.example.com
,PAY-202009-00000005099,ORD-202009-0000001857,CUST-0000136035,2020-09-16 11:36:13,Bank Transfer,Success,2703.18,USD,USA,North America,,false,2020-09-16 11:36:13,kelsey.taylor010@platform.example.com
,PAY-202009-00000005100,ORD-202009-0000004288,CUST-0000141809,2020-09-16 09:20:41,Debit Card,Success,3449.22,EUR,DEU,Europe,,false,2020-09-16 09:20:41,stephen.daniels076@commerce.example.com
,PAY-202009-00000005101,ORD-202009-0000003954,CUST-0000150585,2020-09-28 00:16:13,Phonepe,Success,3037.25,USD,USA,North America,,false,2020-09-28 00:16:13,megan.cunningham013@commerce.example.com
,PAY-202009-00000005102,ORD-202009-0000004981,CUST-0000135077,2020-09-04 08:06:37,Debit Card,Success,822.33,MXN,MEX,North America,,false,2020-09-04 08:06:37,brandi.carter038@dataops.example.com
,PAY-202009-00000005103,ORD-202009-0000004771,CUST-0000134704,2020-09-14 11:50:01,Bank Transfer,Success,1186.89,INR,IND,Asia,,false,2020-09-14 11:50:01,michelle.bender024@analytics.example.com
,PAY-202009-00000005104,ORD-202009-0000003944,CUST-0000144602,2020-09-21 21:40:28,Credit Card,Success,1572.43,GBP,GBR,Europe,,false,2020-09-21 21:40:28,andrea.cummings039@platform.example.com
,PAY-202009-00000005105,ORD-202009-0000002182,CUST-0000137063,2020-09-19 22:29:39,Google Pay,Success,3076.97,MXN,MEX,North America,,false,2020-09-19 22:29:39,john.mullins109@commerce.example.com
,PAY-202009-00000005106,ORD-202009-0000005930,CUST-0000139408,2020-09-03 23:37:05,Google Pay,Success,3404.36,SGD,SGP,Asia,,false,2020-09-03 23:37:05,peter.martinez098@platform.example.com
,PAY-202009-00000005107,ORD-202009-0000000653,CUST-0000149810,2020-09-30 09:03:14,Gift Card,Success,1022.8,BRL,BRA,South America,,false,2020-09-30 09:03:14,maria.ashley046@analytics.example.com
,PAY-202009-00000005108,ORD-202009-0000002775,CUST-0000152180,2020-09-13 21:23:02,Gift Card,Refunded,1641.04,INR,IND,Asia,,true,2020-09-13 21:23:02,stephen.clark001@analytics.example.com
,PAY-202009-00000005109,ORD-202009-0000004585,CUST-0000144935,2020-09-06 11:49:57,Paytm,Success,48.73,EUR,DEU,Europe,,false,2020-09-06 11:49:57,jennifer.bauer068@analytics.example.com
,PAY-202009-00000005110,ORD-202009-0000002034,CUST-0000150435,2020-09-23 13:40:48,Credit Card,Success,842.93,JPY,JPN,Asia,,false,2020-09-23 13:40:48,stephen.daniels076@commerce.example.com
,PAY-202009-00000005111,ORD-202009-0000002514,CUST-0000139183,2020-09-09 10:31:23,Gift Card,Success,2095.76,BRL,BRA,South America,,false,2020-09-09 10:31:23,michael.berger060@platform.example.com
,PAY-202009-00000005112,ORD-202009-0000004127,CUST-0000140924,2020-09-07 03:54:28,PayPal,Success,1973.17,SGD,SGP,Asia,,false,2020-09-07 03:54:28,susan.rice083@commerce.example.com
,PAY-202009-00000005113,ORD-202009-0000001740,CUST-0000146525,2020-09-24 05:00:19,Debit Card,Success,2579.45,EUR,FRA,Europe,,false,2020-09-24 05:00:19,patrick.gonzalez035@dataops.example.com
,PAY-202009-00000005114,ORD-202009-0000005645,CUST-0000136695,2020-09-20 11:55:06,Bank Transfer,Success,3068.19,USD,USA,North America,,false,2020-09-20 11:55:06,james.proctor094@dataops.example.com
,PAY-202009-00000005115,ORD-202009-0000005061,CUST-0000138197,2020-09-25 19:17:01,PayPal,Success,1509.14,BRL,BRA,South America,,false,2020-09-25 19:17:01,michelle.sims041@analytics.example.com
,PAY-202009-00000005116,ORD-202009-0000005636,CUST-0000137624,2020-09-25 02:59:38,PayPal,Refunded,3151.7,EUR,DEU,Europe,,true,2020-09-25 02:59:38,stephen.clark001@analytics.example.com
,PAY-202009-00000005117,ORD-202009-0000002364,CUST-0000147570,2020-09-08 19:26:34,PayPal,Success,481.16,CAD,CAN,North America,,false,2020-09-08 19:26:34,peter.martinez098@platform.example.com
,PAY-202009-00000005118,ORD-202009-0000002739,CUST-0000149736,2020-09-08 21:53:23,Buy Now Pay Later,Success,3031.37,INR,IND,Asia,,false,2020-09-08 21:53:23,andrea.cummings039@platform.example.com
,PAY-202009-00000005119,ORD-202009-0000005912,CUST-0000151078,2020-09-07 12:36:43,Apple Pay,Success,995.97,INR,IND,Asia,,false,2020-09-07 12:36:43,micheal.chen050@dataops.example.com
,PAY-202009-00000005120,ORD-202009-0000004037,CUST-0000147696,2020-09-13 13:34:48,Debit Card,Success,2335.87,SGD,SGP,Asia,,false,2020-09-13 13:34:48,peter.martinez098@platform.example.com
,PAY-202009-00000005121,ORD-202009-0000001064,CUST-0000152795,2020-09-19 23:31:48,Debit Card,Success,2797.88,GBP,GBR,Europe,,false,2020-09-19 23:31:48,adam.gordon030@commerce.example.com
,PAY-202009-00000005122,ORD-202009-0000002403,CUST-0000141192,2020-09-10 11:32:31,Credit Card,Success,3326.78,JPY,JPN,Asia,,false,2020-09-10 11:32:31,jeffery.miller012@commerce.example.com
,PAY-202009-00000005123,ORD-202009-0000004034,CUST-0000135887,2020-09-26 10:23:37,Paytm,Success,1721.98,USD,USA,North America,,false,2020-09-26 10:23:37,kelsey.taylor010@platform.example.com
,PAY-202009-00000005124,ORD-202009-0000002329,CUST-0000153530,2020-09-22 15:32:20,Buy Now Pay Later,Success,567.76,EUR,DEU,Europe,,false,2020-09-22 15:32:20,brandi.carter038@dataops.example.com
,PAY-202009-00000005125,ORD-202009-0000002876,CUST-0000136865,2020-09-04 03:04:03,Gift Card,Success,1581.0,SGD,SGP,Asia,,false,2020-09-04 03:04:03,victor.palmer071@platform.example.com
,PAY-202009-00000005126,ORD-202009-0000002631,CUST-0000136311,2020-09-29 07:00:59,Apple Pay,Success,815.26,SGD,SGP,Asia,,false,2020-09-29 07:00:59,stephen.clark001@analytics.example.com
,PAY-202009-00000005127,ORD-202009-0000004934,CUST-0000136136,2020-09-12 00:58:08,Buy Now Pay Later,Success,556.77,CAD,CAN,North America,,false,2020-09-12 00:58:08,brandi.carter038@dataops.example.com
,PAY-202009-00000005128,ORD-202009-0000003805,CUST-0000144304,2020-09-12 15:41:21,Paytm,Success,2547.38,CAD,CAN,North America,,false,2020-09-12 15:41:21,timothy.cannon081@analytics.example.com
,PAY-202009-00000005129,ORD-202009-0000000191,CUST-0000144424,2020-09-09 13:19:06,Debit Card,Success,2595.18,BRL,BRA,South America,,false,2020-09-09 13:19:06,stephen.clark001@analytics.example.com
,PAY-202009-00000005130,ORD-202009-0000004160,CUST-0000153020,2020-09-09 09:14:22,Paytm,Success,465.07,USD,USA,North America,,false,2020-09-09 09:14:22,adam.gordon030@commerce.example.com
,PAY-202009-00000005131,ORD-202009-0000005519,CUST-0000147561,2020-09-04 16:10:16,Buy Now Pay Later,Success,2547.74,EUR,NLD,Europe,,false,2020-09-04 16:10:16,michael.berger060@platform.example.com
,PAY-202009-00000005132,ORD-202009-0000005309,CUST-0000152087,2020-09-28 15:47:32,PayPal,Success,267.15,CAD,CAN,North America,,false,2020-09-28 15:47:32,peter.martinez098@platform.example.com
,PAY-202009-00000005133,ORD-202009-0000000823,CUST-0000141885,2020-09-17 00:38:58,Paytm,Success,1881.88,INR,IND,Asia,,false,2020-09-17 00:38:58,ryan.steele043@commerce.example.com
,PAY-202009-00000005134,ORD-202009-0000001321,CUST-0000140108,2020-09-15 03:51:54,Phonepe,Success,3268.24,AUD,AUS,Oceania,,false,2020-09-15 03:51:54,adam.gordon030@commerce.example.com
,PAY-202009-00000005135,ORD-202009-0000005874,CUST-0000150696,2020-09-12 01:31:33,Paytm,Success,3024.25,EUR,ITA,Europe,,false,2020-09-12 01:31:33,ryan.steele043@commerce.example.com
,PAY-202009-00000005136,ORD-202009-0000004828,CUST-0000146487,2020-09-22 02:43:50,Credit Card,Success,2868.78,INR,IND,Asia,,false,2020-09-22 02:43:50,brandi.carter038@dataops.example.com
,PAY-202009-00000005137,ORD-202009-0000003176,CUST-0000137014,2020-09-13 08:37:58,Gift Card,Success,2215.63,SGD,SGP,Asia,,false,2020-09-13 08:37:58,alyssa.richards002@commerce.example.com
,PAY-202009-00000005138,ORD-202009-0000004886,CUST-0000151895,2020-09-26 03:34:00,PayPal,Refunded,1488.9,USD,USA,North America,,true,2020-09-26 03:34:00,james.proctor094@dataops.example.com
,PAY-202009-00000005139,ORD-202009-0000005965,CUST-0000142660,2020-09-08 14:53:39,Credit Card,Success,1562.76,AUD,AUS,Oceania,,false,2020-09-08 14:53:39,jeffery.miller012@commerce.example.com
,PAY-202009-00000005140,ORD-202009-0000000086,CUST-0000144931,2020-09-27 03:52:20,Buy Now Pay Later,Success,3376.07,EUR,ITA,Europe,,false,2020-09-27 03:52:20,susan.rice083@commerce.example.com
,PAY-202009-00000005141,ORD-202009-0000000234,CUST-0000145272,2020-09-24 20:52:14,Debit Card,Pending,1324.06,JPY,JPN,Asia,,false,2020-09-24 20:52:14,stephen.clark001@analytics.example.com
,PAY-202009-00000005142,ORD-202009-0000000563,CUST-0000150584,2020-09-05 00:48:10,PayPal,Success,2970.13,GBP,GBR,Europe,,false,2020-09-05 00:48:10,michael.johnson061@platform.example.com
,PAY-202009-00000005143,ORD-202009-0000001159,CUST-0000138089,2020-09-21 13:54:37,Apple Pay,Success,2397.98,EUR,ESP,Europe,,false,2020-09-21 13:54:37,alyssa.richards002@commerce.example.com
,PAY-202009-00000005144,ORD-202009-0000002135,CUST-0000146207,2020-09-06 06:20:49,Credit Card,Success,605.44,AUD,AUS,Oceania,,false,2020-09-06 06:20:49,brandon.yu006@analytics.example.com
,PAY-202009-00000005145,ORD-202009-0000000953,CUST-0000147580,2020-09-06 07:36:50,Debit Card,Success,1041.72,JPY,JPN,Asia,,false,2020-09-06 07:36:50,jeffery.miller012@commerce.example.com
,PAY-202009-00000005146,ORD-202009-0000004165,CUST-0000136710,2020-09-10 05:45:21,Buy Now Pay Later,Success,2256.05,EUR,DEU,Europe,,false,2020-09-10 05:45:21,jeffery.miller012@commerce.example.com
,PAY-202009-00000005147,ORD-202009-0000002259,CUST-0000148887,2020-09-06 14:28:36,Bank Transfer,Success,1853.11,MXN,MEX,North America,,false,2020-09-06 14:28:36,eric.mullen052@dataops.example.com
,PAY-202009-00000005148,ORD-202009-0000005466,CUST-0000139850,2020-09-10 22:41:22,Debit Card,Success,2335.99,AUD,AUS,Oceania,,false,2020-09-10 22:41:22,jennifer.hudson020@analytics.example.com
,PAY-202009-00000005149,ORD-202009-0000003568,CUST-0000152067,2020-09-24 11:54:22,Paytm,Failed,2728.1,AUD,AUS,Oceania,Card declined,false,2020-09-24 11:54:22,ryan.steele043@commerce.example.com
,PAY-202009-00000005150,ORD-202009-0000001132,CUST-0000153981,2020-09-06 04:52:52,Bank Transfer,Refunded,1501.03,SGD,SGP,Asia,,true,2020-09-06 04:52:52,joseph.johnson049@dataops.example.com
,PAY-202009-00000005151,ORD-202009-0000000848,CUST-0000137243,2020-09-13 11:40:46,Bank Transfer,Success,1932.88,EUR,ITA,Europe,,false,2020-09-13 11:40:46,victor.palmer071@platform.example.com
,PAY-202009-00000005152,ORD-202009-0000005594,CUST-0000141860,2020-09-20 07:56:40,Phonepe,Success,1325.35,CAD,CAN,North America,,false,2020-09-20 07:56:40,lance.williams029@platform.example.com
,PAY-202009-00000005153,ORD-202009-0000001976,CUST-0000139145,2020-09-23 09:25:20,Phonepe,Success,1749.16,AUD,AUS,Oceania,,false,2020-09-23 09:25:20,andrea.cummings039@platform.example.com
,PAY-202009-00000005154,ORD-202009-0000005648,CUST-0000148788,2020-09-24 18:34:47,Bank Transfer,Success,2314.01,AED,ARE,Asia,,false,2020-09-24 18:34:47,joseph.johnson049@dataops.example.com
,PAY-202009-00000005155,ORD-202009-0000004715,CUST-0000148812,2020-09-13 03:33:48,Debit Card,Success,849.95,JPY,JPN,Asia,,false,2020-09-13 03:33:48,brandon.yu006@analytics.example.com
,PAY-202009-00000005156,ORD-202009-0000000216,CUST-0000151735,2020-09-30 06:37:24,Buy Now Pay Later,Success,2399.15,CAD,CAN,North America,,false,2020-09-30 06:37:24,michael.berger060@platform.example.com
,PAY-202009-00000005157,ORD-202009-0000006354,CUST-0000149078,2020-09-04 21:27:22,Apple Pay,Success,354.68,EUR,DEU,Europe,,false,2020-09-04 21:27:22,alyssa.richards002@commerce.example.com
,PAY-202009-00000005158,ORD-202009-0000001646,CUST-0000152066,2020-09-14 09:24:39,Apple Pay,Success,936.36,USD,USA,North America,,false,2020-09-14 09:24:39,victor.palmer071@platform.example.com
,PAY-202009-00000005159,ORD-202009-0000002744,CUST-0000146677,2020-09-29 17:18:03,Bank Transfer,Success,438.56,INR,IND,Asia,,false,2020-09-29 17:18:03,ashley.marks069@commerce.example.com
,PAY-202009-00000005160,ORD-202009-0000001666,CUST-0000135742,2020-09-22 19:13:05,Gift Card,Success,1851.44,JPY,JPN,Asia,,false,2020-09-22 19:13:05,stephen.daniels076@commerce.example.com
,PAY-202009-00000005161,ORD-202009-0000002100,CUST-0000150449,2020-09-16 15:23:20,Apple Pay,Success,1663.11,EUR,FRA,Europe,,false,2020-09-16 15:23:20,andrea.cummings039@platform.example.com
,PAY-202009-00000005162,ORD-202009-0000002114,CUST-0000141820,2020-09-10 16:25:10,Bank Transfer,Success,534.25,AUD,AUS,Oceania,,false,2020-09-10 16:25:10,micheal.chen050@dataops.example.com
,PAY-202009-00000005163,ORD-202009-0000000384,CUST-0000150900,2020-09-07 04:49:52,Phonepe,Success,807.84,EUR,FRA,Europe,,false,2020-09-07 04:49:52,brandon.yu006@analytics.example.com
,PAY-202009-00000005164,ORD-202009-0000004255,CUST-0000152091,2020-09-29 01:25:06,Buy Now Pay Later,Success,670.09,BRL,BRA,South America,,false,2020-09-29 01:25:06,michelle.bender024@analytics.example.com
,PAY-202009-00000005165,ORD-202009-0000001678,CUST-0000141618,2020-09-12 01:55:09,Buy Now Pay Later,Success,905.56,USD,USA,North America,,false,2020-09-12 01:55:09,susan.rice083@commerce.example.com
,PAY-202009-00000005166,ORD-202009-0000005977,CUST-0000136935,2020-09-05 06:12:16,PayPal,Success,3333.18,JPY,JPN,Asia,,false,2020-09-05 06:12:16,brandi.carter038@dataops.example.com
,PAY-202009-00000005167,ORD-202009-0000002618,CUST-0000148831,2020-09-16 04:52:14,Google Pay,Success,1264.33,EUR,FRA,Europe,,false,2020-09-16 04:52:14,jeffery.miller012@commerce.example.com
,PAY-202009-00000005168,ORD-202009-0000004645,CUST-0000134673,2020-09-17 02:28:42,Paytm,Success,3218.4,EUR,NLD,Europe,,false,2020-09-17 02:28:42,ryan.steele043@commerce.example.com
,PAY-202009-00000005169,ORD-202009-0000006121,CUST-0000148157,2020-09-21 12:50:06,Phonepe,Success,266.12,MXN,MEX,North America,,false,2020-09-21 12:50:06,kelsey.taylor010@platform.example.com
,PAY-202009-00000005170,ORD-202009-0000006419,CUST-0000139064,2020-09-16 03:00:47,Apple Pay,Success,827.85,AUD,AUS,Oceania,,false,2020-09-16 03:00:47,ashley.marks069@commerce.example.com
,PAY-202009-00000005171,ORD-202009-0000003779,CUST-0000136419,2020-09-28 19:04:08,Gift Card,Success,1080.55,EUR,NLD,Europe,,false,2020-09-28 19:04:08,timothy.cannon081@analytics.example.com
,PAY-202009-00000005172,ORD-202009-0000002742,CUST-0000152808,2020-09-30 23:46:28,Google Pay,Success,3358.64,EUR,ESP,Europe,,false,2020-09-30 23:46:28,joseph.johnson049@dataops.example.com
,PAY-202009-00000005173,ORD-202009-0000006132,CUST-0000152268,2020-09-12 06:19:29,PayPal,Success,1064.9,AUD,AUS,Oceania,,false,2020-09-12 06:19:29,stephen.clark001@analytics.example.com
,PAY-202009-00000005174,ORD-202009-0000006343,CUST-0000144891,2020-09-23 10:28:35,PayPal,Success,814.45,GBP,GBR,Europe,,false,2020-09-23 10:28:35,andrea.cummings039@platform.example.com
,PAY-202009-00000005175,ORD-202009-0000003332,CUST-0000148689,2020-09-21 20:50:19,Buy Now Pay Later,Refunded,1422.23,EUR,FRA,Europe,,true,2020-09-21 20:50:19,adam.gordon030@commerce.example.com
,PAY-202009-00000005176,ORD-202009-0000000078,CUST-0000143990,2020-09-27 16:41:58,Apple Pay,Success,825.55,EUR,ESP,Europe,,false,2020-09-27 16:41:58,michelle.bender024@analytics.example.com
,PAY-202009-00000005177,ORD-202009-0000005344,CUST-0000149885,2020-09-07 10:24:04,Google Pay,Success,2139.62,EUR,ITA,Europe,,false,2020-09-07 10:24:04,jeffery.miller012@commerce.example.com
,PAY-202009-00000005178,ORD-202009-0000003569,CUST-0000152486,2020-09-22 16:56:16,Debit Card,Refunded,1137.89,EUR,ESP,Europe,,true,2020-09-22 16:56:16,maria.ashley046@analytics.example.com
,PAY-202009-00000005179,ORD-202009-0000004408,CUST-0000152625,2020-09-07 09:56:15,Apple Pay,Success,963.57,EUR,FRA,Europe,,false,2020-09-07 09:56:15,kelsey.taylor010@platform.example.com
,PAY-202009-00000005180,ORD-202009-0000001800,CUST-0000144731,2020-09-20 02:21:10,Debit Card,Success,1611.45,CAD,CAN,North America,,false,2020-09-20 02:21:10,patrick.gonzalez035@dataops.example.com
,PAY-202009-00000005181,ORD-202009-0000003032,CUST-0000140680,2020-09-06 10:40:51,Credit Card,Success,1087.15,USD,USA,North America,,false,2020-09-06 10:40:51,ashley.marks069@commerce.example.com
,PAY-202009-00000005182,ORD-202009-0000003578,CUST-0000138603,2020-09-23 13:49:23,Apple Pay,Success,3215.1,EUR,ITA,Europe,,false,2020-09-23 13:49:23,patrick.gonzalez035@dataops.example.com
,PAY-202009-00000005183,ORD-202009-0000000956,CUST-0000143101,2020-09-14 02:12:07,Paytm,Success,33.33,SGD,SGP,Asia,,false,2020-09-14 02:12:07,eric.horton058@analytics.example.com
,PAY-202009-00000005184,ORD-202009-0000005256,CUST-0000150052,2020-09-26 16:35:15,Credit Card,Success,2876.94,INR,IND,Asia,,false,2020-09-26 16:35:15,andrea.cummings039@platform.example.com
,PAY-202009-00000005185,ORD-202009-0000006127,CUST-0000135967,2020-09-05 06:56:35,PayPal,Success,2782.96,EUR,FRA,Europe,,false,2020-09-05 06:56:35,megan.cunningham013@commerce.example.com
,PAY-202009-00000005186,ORD-202009-0000002511,CUST-0000153466,2020-09-27 01:38:01,Buy Now Pay Later,Success,81.36,EUR,ITA,Europe,,false,2020-09-27 01:38:01,andrea.cummings039@platform.example.com
,PAY-202009-00000005187,ORD-202009-0000002716,CUST-0000135607,2020-09-09 16:04:58,Google Pay,Success,1850.32,USD,USA,North America,,false,2020-09-09 16:04:58,michelle.bender024@analytics.example.com
,PAY-202009-00000005188,ORD-202009-0000004007,CUST-0000149482,2020-09-08 10:56:25,Gift Card,Success,3432.78,EUR,DEU,Europe,,false,2020-09-08 10:56:25,susan.rice083@commerce.example.com
,PAY-202009-00000005189,ORD-202009-0000004795,CUST-0000137898,2020-09-08 22:32:36,Debit Card,Success,1320.14,AED,ARE,Asia,,false,2020-09-08 22:32:36,victor.palmer071@platform.example.com
,PAY-202009-00000005190,ORD-202009-0000002962,CUST-0000145973,2020-09-25 21:12:48,Bank Transfer,Failed,3415.48,EUR,DEU,Europe,Fraud check failed,false,2020-09-25 21:12:48,adam.gordon030@commerce.example.com
,PAY-202009-00000005191,ORD-202009-0000005871,CUST-0000150838,2020-09-16 04:22:51,Apple Pay,Success,679.89,GBP,GBR,Europe,,false,2020-09-16 04:22:51,jennifer.hudson020@analytics.example.com
,PAY-202009-00000005192,ORD-202009-0000006426,CUST-0000150340,2020-09-08 11:43:21,PayPal,Failed,2563.63,JPY,JPN,Asia,Invalid CVV,false,2020-09-08 11:43:21,james.proctor094@dataops.example.com
,PAY-202009-00000005193,ORD-202009-0000001605,CUST-0000139786,2020-09-12 06:33:22,Apple Pay,Success,1463.12,GBP,GBR,Europe,,false,2020-09-12 06:33:22,adam.gordon030@commerce.example.com
,PAY-202009-00000005194,ORD-202009-0000000572,CUST-0000153662,2020-09-01 22:39:08,PayPal,Success,3187.17,SGD,SGP,Asia,,false,2020-09-01 22:39:08,john.mullins109@commerce.example.com
,PAY-202009-00000005195,ORD-202009-0000003676,CUST-0000144203,2020-09-05 23:43:38,PayPal,Success,3019.84,EUR,ESP,Europe,,false,2020-09-05 23:43:38,john.mullins109@commerce.example.com
,PAY-202009-00000005196,ORD-202009-0000002202,CUST-0000144558,2020-09-11 09:04:47,Paytm,Success,2080.59,AED,ARE,Asia,,false,2020-09-11 09:04:47,michael.johnson061@platform.example.com
,PAY-202009-00000005197,ORD-202009-0000003669,CUST-0000148049,2020-09-30 21:14:33,Bank Transfer,Success,1399.42,EUR,NLD,Europe,,false,2020-09-30 21:14:33,joseph.johnson049@dataops.example.com
,PAY-202009-00000005198,ORD-202009-0000001752,CUST-0000146735,2020-09-19 04:41:01,PayPal,Success,1555.77,EUR,DEU,Europe,,false,2020-09-19 04:41:01,brandi.carter038@dataops.example.com
,PAY-202009-00000005199,ORD-202009-0000003435,CUST-0000152368,2020-09-01 11:47:42,Bank Transfer,Success,317.66,GBP,GBR,Europe,,false,2020-09-01 11:47:42,patrick.gonzalez035@dataops.example.com
,PAY-202009-00000005200,ORD-202009-0000001574,CUST-0000147390,2020-09-04 07:38:29,Bank Transfer,Success,2132.14,AED,ARE,Asia,,false,2020-09-04 07:38:29,timothy.cannon081@analytics.example.com
,PAY-202009-00000005201,ORD-202009-0000003897,CUST-0000147274,2020-09-30 09:19:25,Buy Now Pay Later,Success,3157.3,SGD,SGP,Asia,,false,2020-09-30 09:19:25,timothy.cannon081@analytics.example.com
,PAY-202009-00000005202,ORD-202009-0000002283,CUST-0000151021,2020-09-26 23:37:50,Paytm,Success,2602.66,AUD,AUS,Oceania,,false,2020-09-26 23:37:50,eric.mullen052@dataops.example.com
,PAY-202009-00000005203,ORD-202009-0000002651,CUST-0000139357,2020-09-16 07:12:58,Credit Card,Success,588.72,INR,IND,Asia,,false,2020-09-16 07:12:58,megan.cunningham013@commerce.example.com
,PAY-202009-00000005204,ORD-202009-0000005929,CUST-0000140075,2020-09-26 23:17:23,Gift Card,Success,1929.01,AUD,AUS,Oceania,,false,2020-09-26 23:17:23,kelsey.taylor010@platform.example.com
,PAY-202009-00000005205,ORD-202009-0000001258,CUST-0000137670,2020-09-25 22:54:13,Gift Card,Success,774.44,CAD,CAN,North America,,false,2020-09-25 22:54:13,stephen.clark001@analytics.example.com
,PAY-202009-00000005206,ORD-202009-0000005891,CUST-0000144431,2020-09-15 11:26:13,Bank Transfer,Success,2720.97,EUR,FRA,Europe,,false,2020-09-15 11:26:13,david.cabrera119@dataops.example.com
,PAY-202009-00000005207,ORD-202009-0000004199,CUST-0000145827,2020-09-25 04:34:58,Gift Card,Success,2820.16,AED,ARE,Asia,,false,2020-09-25 04:34:58,john.mullins109@commerce.example.com
,PAY-202009-00000005208,ORD-202009-0000004535,CUST-0000137046,2020-09-20 14:07:28,Apple Pay,Success,574.04,BRL,BRA,South America,,false,2020-09-20 14:07:28,victor.palmer071@platform.example.com
,PAY-202009-00000005209,ORD-202009-0000003607,CUST-0000152907,2020-09-21 16:48:34,Google Pay,Success,137.9,EUR,FRA,Europe,,false,2020-09-21 16:48:34,micheal.chen050@dataops.example.com
,PAY-202009-00000005210,ORD-202009-0000005817,CUST-0000149789,2020-09-06 01:46:51,Google Pay,Success,1596.2,CAD,CAN,North America,,false,2020-09-06 01:46:51,timothy.cannon081@analytics.example.com
,PAY-202009-00000005211,ORD-202009-0000000362,CUST-0000149659,2020-09-11 01:24:46,Gift Card,Success,262.76,EUR,ITA,Europe,,false,2020-09-11 01:24:46,michael.johnson061@platform.example.com
,PAY-202009-00000005212,ORD-202009-0000004195,CUST-0000145337,2020-09-17 02:36:54,Gift Card,Success,1368.49,AED,ARE,Asia,,false,2020-09-17 02:36:54,alyssa.richards002@commerce.example.com
,PAY-202009-00000005213,ORD-202009-0000002294,CUST-0000148443,2020-09-06 08:26:23,Paytm,Success,1699.32,EUR,ITA,Europe,,false,2020-09-06 08:26:23,susan.rice083@commerce.example.com
,PAY-202009-00000005214,ORD-202009-0000003806,CUST-0000141250,2020-09-07 22:03:08,Debit Card,Success,438.67,EUR,ITA,Europe,,false,2020-09-07 22:03:08,david.cabrera119@dataops.example.com
,PAY-202009-00000005215,ORD-202009-0000001454,CUST-0000139107,2020-09-23 23:49:54,Gift Card,Failed,1833.27,AED,ARE,Asia,Card declined,false,2020-09-23 23:49:54,taylor.cunningham023@commerce.example.com
,PAY-202009-00000005216,ORD-202009-0000005921,CUST-0000140082,2020-09-22 18:07:34,Phonepe,Success,1433.26,SGD,SGP,Asia,,false,2020-09-22 18:07:34,megan.cunningham013@commerce.example.com
,PAY-202009-00000005217,ORD-202009-0000004299,CUST-0000138096,2020-09-29 17:09:11,Apple Pay,Success,1086.6,JPY,JPN,Asia,,false,2020-09-29 17:09:11,brandi.carter038@dataops.example.com
,PAY-202009-00000005218,ORD-202009-0000001798,CUST-0000135801,2020-09-17 02:45:31,Apple Pay,Success,1891.11,USD,USA,North America,,false,2020-09-17 02:45:31,micheal.chen050@dataops.example.com
,PAY-202009-00000005219,ORD-202009-0000001521,CUST-0000137002,2020-09-01 19:24:40,Google Pay,Success,3097.69,JPY,JPN,Asia,,false,2020-09-01 19:24:40,jeffery.miller012@commerce.example.com
,PAY-202009-00000005220,ORD-202009-0000001757,CUST-0000139124,2020-09-26 07:43:43,Credit Card,Success,1680.53,EUR,NLD,Europe,,false,2020-09-26 07:43:43,taylor.cunningham023@commerce.example.com
,PAY-202009-00000005221,ORD-202009-0000002518,CUST-0000139242,2020-09-13 17:29:33,Gift Card,Success,3301.82,EUR,FRA,Europe,,false,2020-09-13 17:29:33,eric.horton058@analytics.example.com
,PAY-202009-00000005222,ORD-202009-0000000980,CUST-0000141994,2020-09-23 05:26:11,PayPal,Success,1759.17,AED,ARE,Asia,,false,2020-09-23 05:26:11,maria.ashley046@analytics.example.com
,PAY-202009-00000005223,ORD-202009-0000005404,CUST-0000147163,2020-09-11 12:30:51,Bank Transfer,Success,740.87,BRL,BRA,South America,,false,2020-09-11 12:30:51,tina.williams074@commerce.example.com
,PAY-202009-00000005224,ORD-202009-0000002930,CUST-0000153444,2020-09-19 11:13:29,Gift Card,Failed,2660.31,EUR,NLD,Europe,Insufficient funds,false,2020-09-19 11:13:29,michael.johnson061@platform.example.com
,PAY-202009-00000005225,ORD-202009-0000000848,CUST-0000138168,2020-09-28 08:41:59,Paytm,Success,3125.24,EUR,ITA,Europe,,false,2020-09-28 08:41:59,michelle.sims041@analytics.example.com
,PAY-202009-00000005226,ORD-202009-0000001675,CUST-0000135977,2020-09-12 09:58:19,Credit Card,Success,2635.1,MXN,MEX,North America,,false,2020-09-12 09:58:19,alyssa.richards002@commerce.example.com
,PAY-202009-00000005227,ORD-202009-0000003019,CUST-0000139878,2020-09-10 00:07:43,Google Pay,Success,3204.62,SGD,SGP,Asia,,false,2020-09-10 00:07:43,megan.cunningham013@commerce.example.com
,PAY-202009-00000005228,ORD-202009-0000002384,CUST-0000139811,2020-09-23 05:45:10,Buy Now Pay Later,Success,367.34,AUD,AUS,Oceania,,false,2020-09-23 05:45:10,victor.palmer071@platform.example.com
,PAY-202009-00000005229,ORD-202009-0000004642,CUST-0000151300,2020-09-14 06:28:19,Credit Card,Success,1286.46,EUR,FRA,Europe,,false,2020-09-14 06:28:19,lance.williams029@platform.example.com
,PAY-202009-00000005230,ORD-202009-0000000565,CUST-0000153101,2020-09-28 20:50:24,Paytm,Success,2547.36,INR,IND,Asia,,false,2020-09-28 20:50:24,maria.ashley046@analytics.example.com
,PAY-202009-00000005231,ORD-202009-0000004535,CUST-0000146638,2020-09-12 05:30:23,Apple Pay,Success,49.9,EUR,ITA,Europe,,false,2020-09-12 05:30:23,brandon.yu006@analytics.example.com
,PAY-202009-00000005232,ORD-202009-0000002977,CUST-0000141868,2020-09-17 06:22:16,Buy Now Pay Later,Success,2631.38,EUR,DEU,Europe,,false,2020-09-17 06:22:16,timothy.cameron104@commerce.example.com
,PAY-202009-00000005233,ORD-202009-0000006455,CUST-0000152999,2020-09-29 18:02:39,Phonepe,Success,3482.72,INR,IND,Asia,,false,2020-09-29 18:02:39,andrea.cummings039@platform.example.com
,PAY-202009-00000005234,ORD-202009-0000000782,CUST-0000137227,2020-09-15 04:33:36,Apple Pay,Success,1128.02,EUR,FRA,Europe,,false,2020-09-15 04:33:36,jeffery.miller012@commerce.example.com
,PAY-202009-00000005235,ORD-202009-0000003668,CUST-0000150949,2020-09-24 16:53:57,Debit Card,Success,1717.37,GBP,GBR,Europe,,false,2020-09-24 16:53:57,michael.johnson061@platform.example.com
,PAY-202009-00000005236,ORD-202009-0000000327,CUST-0000149442,2020-09-15 19:19:11,Apple Pay,Success,2635.64,CAD,CAN,North America,,false,2020-09-15 19:19:11,victor.palmer071@platform.example.com
,PAY-202009-00000005237,ORD-202009-0000001028,CUST-0000142481,2020-09-03 01:41:24,Phonepe,Success,2370.46,EUR,DEU,Europe,,false,2020-09-03 01:41:24,ryan.steele043@commerce.example.com
,PAY-202009-00000005238,ORD-202009-0000006103,CUST-0000141340,2020-09-10 10:32:31,Credit Card,Success,2971.46,USD,USA,North America,,false,2020-09-10 10:32:31,patrick.gonzalez035@dataops.example.com
,PAY-202009-00000005239,ORD-202009-0000006142,CUST-0000145921,2020-09-19 11:22:04,Apple Pay,Refunded,169.18,JPY,JPN,Asia,,true,2020-09-19 11:22:04,alyssa.richards002@commerce.example.com
,PAY-202009-00000005240,ORD-202009-0000004464,CUST-0000139281,2020-09-05 19:33:30,Apple Pay,Success,1761.46,SGD,SGP,Asia,,false,2020-09-05 19:33:30,kelsey.taylor010@platform.example.com
,PAY-202009-00000005241,ORD-202009-0000002915,CUST-0000145127,2020-09-04 12:49:34,Gift Card,Success,830.68,JPY,JPN,Asia,,false,2020-09-04 12:49:34,micheal.chen050@dataops.example.com
,PAY-202009-00000005242,ORD-202009-0000000267,CUST-0000137711,2020-09-11 13:39:44,Bank Transfer,Success,197.04,CAD,CAN,North America,,false,2020-09-11 13:39:44,timothy.cameron104@commerce.example.com
,PAY-202009-00000005243,ORD-202009-0000004726,CUST-0000146134,2020-09-07 16:52:45,Debit Card,Success,2085.12,EUR,DEU,Europe,,false,2020-09-07 16:52:45,ashley.marks069@commerce.example.com
,PAY-202009-00000005244,ORD-202009-0000005476,CUST-0000144281,2020-09-01 07:16:07,Buy Now Pay Later,Success,3265.96,AUD,AUS,Oceania,,false,2020-09-01 07:16:07,james.proctor094@dataops.example.com
,PAY-202009-00000005245,ORD-202009-0000002352,CUST-0000136161,2020-09-16 22:29:25,Bank Transfer,Success,2872.17,GBP,GBR,Europe,,false,2020-09-16 22:29:25,taylor.cunningham023@commerce.example.com
,PAY-202009-00000005246,ORD-202009-0000001421,CUST-0000151106,2020-09-05 11:18:06,Gift Card,Success,344.18,BRL,BRA,South America,,false,2020-09-05 11:18:06,lance.williams029@platform.example.com
,PAY-202009-00000005247,ORD-202009-0000003867,CUST-0000145246,2020-09-02 18:57:18,Debit Card,Success,468.97,EUR,DEU,Europe,,false,2020-09-02 18:57:18,kelsey.taylor010@platform.example.com
,PAY-202009-00000005248,ORD-202009-0000001485,CUST-0000146128,2020-09-14 19:28:52,Bank Transfer,Success,1096.6,INR,IND,Asia,,false,2020-09-14 19:28:52,jennifer.bauer068@analytics.example.com
,PAY-202009-00000005249,ORD-202009-0000004957,CUST-0000150469,2020-09-10 19:11:07,Credit Card,Failed,929.21,MXN,MEX,North America,Fraud check failed,false,2020-09-10 19:11:07,susan.rice083@commerce.example.com
,PAY-202009-00000005250,ORD-202009-0000004928,CUST-0000147887,2020-09-20 15:56:56,Phonepe,Success,901.67,USD,USA,North America,,false,2020-09-20 15:56:56,brandon.yu006@analytics.example.com
,PAY-202009-00000005251,ORD-202009-0000004739,CUST-0000142168,2020-09-08 22:54:42,Credit Card,Success,2361.28,EUR,DEU,Europe,,false,2020-09-08 22:54:42,taylor.cunningham023@commerce.example.com
,PAY-202009-00000005252,ORD-202009-0000001795,CUST-0000137022,2020-09-25 16:27:42,Bank Transfer,Success,3375.34,CAD,CAN,North America,,false,2020-09-25 16:27:42,michelle.bender024@analytics.example.com
,PAY-202009-00000005253,ORD-202009-0000001247,CUST-0000141173,2020-09-08 09:17:16,Gift Card,Failed,2558.46,SGD,SGP,Asia,Fraud check failed,false,2020-09-08 09:17:16,kelsey.taylor010@platform.example.com
,PAY-202009-00000005254,ORD-202009-0000000295,CUST-0000151625,2020-09-16 03:29:04,Credit Card,Success,248.84,MXN,MEX,North America,,false,2020-09-16 03:29:04,jennifer.hudson020@analytics.example.com
,PAY-202009-00000005255,ORD-202009-0000003643,CUST-0000149419,2020-09-10 19:31:03,Credit Card,Success,3014.62,EUR,ITA,Europe,,false,2020-09-10 19:31:03,james.proctor094@dataops.example.com
,PAY-202009-00000005256,ORD-202009-0000004891,CUST-0000139159,2020-09-21 08:01:34,Phonepe,Success,1775.26,EUR,DEU,Europe,,false,2020-09-21 08:01:34,alyssa.richards002@commerce.example.com
,PAY-202009-00000005257,ORD-202009-0000000699,CUST-0000149327,2020-09-19 02:08:40,Apple Pay,Success,1529.03,EUR,NLD,Europe,,false,2020-09-19 02:08:40,eric.mullen052@dataops.example.com
,PAY-202009-00000005258,ORD-202009-0000005285,CUST-0000135022,2020-09-14 02:55:53,Phonepe,Success,2663.76,SGD,SGP,Asia,,false,2020-09-14 02:55:53,andrea.cummings039@platform.example.com
,PAY-202009-00000005259,ORD-202009-0000006076,CUST-0000153642,2020-09-10 20:58:14,Gift Card,Success,1507.29,EUR,ESP,Europe,,false,2020-09-10 20:58:14,maria.ashley046@analytics.example.com
,PAY-202009-00000005260,ORD-202009-0000006537,CUST-0000138207,2020-09-13 06:22:39,Bank Transfer,Success,3421.69,CAD,CAN,North America,,false,2020-09-13 06:22:39,timothy.cannon081@analytics.example.com
,PAY-202009-00000005261,ORD-202009-0000004224,CUST-0000134965,2020-09-30 15:20:54,PayPal,Success,661.09,INR,IND,Asia,,false,2020-09-30 15:20:54,eric.horton058@analytics.example.com
,PAY-202009-00000005262,ORD-202009-0000002925,CUST-0000153722,2020-09-24 09:26:38,Buy Now Pay Later,Success,2886.23,BRL,BRA,South America,,false,2020-09-24 09:26:38,kelsey.taylor010@platform.example.com
,PAY-202009-00000005263,ORD-202009-0000000675,CUST-0000139634,2020-09-08 21:20:22,Phonepe,Success,908.01,MXN,MEX,North America,,false,2020-09-08 21:20:22,victor.palmer071@platform.example.com
,PAY-202009-00000005264,ORD-202009-0000006283,CUST-0000142533,2020-09-18 03:04:18,Credit Card,Success,3132.09,EUR,DEU,Europe,,false,2020-09-18 03:04:18,michelle.sims041@analytics.example.com
,PAY-202009-00000005265,ORD-202009-0000005968,CUST-0000135363,2020-09-08 09:49:02,Apple Pay,Success,1152.35,AED,ARE,Asia,,false,2020-09-08 09:49:02,adam.gordon030@commerce.example.com
,PAY-202009-00000005266,ORD-202009-0000001730,CUST-0000148791,2020-09-10 13:27:00,Debit Card,Success,2957.37,EUR,FRA,Europe,,false,2020-09-10 13:27:00,michelle.bender024@analytics.example.com
,PAY-202009-00000005267,ORD-202009-0000004790,CUST-0000145548,2020-09-01 13:58:59,Bank Transfer,Success,2215.73,EUR,FRA,Europe,,false,2020-09-01 13:58:59,alyssa.richards002@commerce.example.com
,PAY-202009-00000005268,ORD-202009-0000000348,CUST-0000151226,2020-09-15 02:26:08,Phonepe,Success,2659.43,EUR,DEU,Europe,,false,2020-09-15 02:26:08,timothy.cameron104@commerce.example.com
,PAY-202009-00000005269,ORD-202009-0000000723,CUST-0000138033,2020-09-06 04:44:45,Buy Now Pay Later,Success,2195.02,AED,ARE,Asia,,false,2020-09-06 04:44:45,ryan.steele043@commerce.example.com
,PAY-202009-00000005270,ORD-202009-0000003250,CUST-0000142014,2020-09-14 05:45:50,Google Pay,Success,2623.19,BRL,BRA,South America,,false,2020-09-14 05:45:50,stephen.daniels076@commerce.example.com
,PAY-202009-00000005271,ORD-202009-0000002278,CUST-0000145168,2020-09-25 17:11:46,PayPal,Success,2277.46,GBP,GBR,Europe,,false,2020-09-25 17:11:46,joseph.johnson049@dataops.example.com
,PAY-202009-00000005272,ORD-202009-0000000176,CUST-0000136671,2020-09-03 15:35:22,Paytm,Success,2738.16,MXN,MEX,North America,,false,2020-09-03 15:35:22,jennifer.bauer068@analytics.example.com
,PAY-202009-00000005273,ORD-202009-0000005123,CUST-0000153966,2020-09-06 08:27:46,Google Pay,Success,2541.93,MXN,MEX,North America,,false,2020-09-06 08:27:46,timothy.cameron104@commerce.example.com
,PAY-202009-00000005274,ORD-202009-0000003674,CUST-0000150870,2020-09-29 06:00:43,Paytm,Success,958.77,EUR,NLD,Europe,,false,2020-09-29 06:00:43,michelle.sims041@analytics.example.com
,PAY-202009-00000005275,ORD-202009-0000004383,CUST-0000150790,2020-09-07 06:45:58,PayPal,Success,2761.11,EUR,NLD,Europe,,false,2020-09-07 06:45:58,michelle.sims041@analytics.example.com
,PAY-202009-00000005276,ORD-202009-0000004612,CUST-0000143005,2020-09-30 08:00:32,Paytm,Success,833.08,INR,IND,Asia,,false,2020-09-30 08:00:32,michael.berger060@platform.example.com
,PAY-202009-00000005277,ORD-202009-0000000899,CUST-0000146862,2020-09-01 00:49:06,Credit Card,Success,3311.48,GBP,GBR,Europe,,false,2020-09-01 00:49:06,david.cabrera119@dataops.example.com
,PAY-202009-00000005278,ORD-202009-0000005516,CUST-0000146106,2020-09-02 12:24:00,Phonepe,Success,598.09,SGD,SGP,Asia,,false,2020-09-02 12:24:00,tina.williams074@commerce.example.com
,PAY-202009-00000005279,ORD-202009-0000004991,CUST-0000147487,2020-09-28 00:43:29,Apple Pay,Success,1075.06,INR,IND,Asia,,false,2020-09-28 00:43:29,megan.cunningham013@commerce.example.com
,PAY-202009-00000005280,ORD-202009-0000002865,CUST-0000140535,2020-09-02 19:17:52,Credit Card,Success,445.13,MXN,MEX,North America,,false,2020-09-02 19:17:52,eric.mullen052@dataops.example.com
,PAY-202009-00000005281,ORD-202009-0000001894,CUST-0000151216,2020-09-30 14:18:05,Buy Now Pay Later,Success,789.53,GBP,GBR,Europe,,false,2020-09-30 14:18:05,james.proctor094@dataops.example.com
,PAY-202009-00000005282,ORD-202009-0000003115,CUST-0000147772,2020-09-18 23:44:09,Debit Card,Pending,1335.2,EUR,ESP,Europe,,false,2020-09-18 23:44:09,jeffery.miller012@commerce.example.com
,PAY-202009-00000005283,ORD-202009-0000004853,CUST-0000144879,2020-09-19 07:08:14,Debit Card,Success,2377.62,EUR,FRA,Europe,,false,2020-09-19 07:08:14,megan.cunningham013@commerce.example.com
,PAY-202009-00000005284,ORD-202009-0000005445,CUST-0000148997,2020-09-18 23:32:06,Phonepe,Success,1070.33,GBP,GBR,Europe,,false,2020-09-18 23:32:06,michael.berger060@platform.example.com
,PAY-202009-00000005285,ORD-202009-0000002527,CUST-0000152587,2020-09-16 20:39:17,Bank Transfer,Success,1257.7,EUR,DEU,Europe,,false,2020-09-16 20:39:17,alyssa.richards002@commerce.example.com
,PAY-202009-00000005286,ORD-202009-0000005410,CUST-0000152704,2020-09-06 00:02:19,Credit Card,Success,2490.74,EUR,ESP,Europe,,false,2020-09-06 00:02:19,michael.johnson061@platform.example.com
,PAY-202009-00000005287,ORD-202009-0000003450,CUST-0000147298,2020-09-21 08:12:15,Google Pay,Success,2952.98,BRL,BRA,South America,,false,2020-09-21 08:12:15,jennifer.hudson020@analytics.example.com
,PAY-202009-00000005288,ORD-202009-0000001714,CUST-0000135733,2020-09-13 13:20:13,Debit Card,Success,85.61,INR,IND,Asia,,false,2020-09-13 13:20:13,kelsey.taylor010@platform.example.com
,PAY-202009-00000005289,ORD-202009-0000004773,CUST-0000144457,2020-09-23 06:55:42,Gift Card,Success,1404.64,INR,IND,Asia,,false,2020-09-23 06:55:42,taylor.cunningham023@commerce.example.com
,PAY-202009-00000005290,ORD-202009-0000001319,CUST-0000142403,2020-09-05 14:56:15,Gift Card,Failed,970.4,AED,ARE,Asia,Card declined,false,2020-09-05 14:56:15,alyssa.richards002@commerce.example.com
,PAY-202009-00000005291,ORD-202009-0000006056,CUST-0000136792,2020-09-06 10:11:27,Credit Card,Success,2572.84,AUD,AUS,Oceania,,false,2020-09-06 10:11:27,susan.rice083@commerce.example.com
,PAY-202009-00000005292,ORD-202009-0000003662,CUST-0000147985,2020-09-21 13:19:28,Google Pay,Success,824.79,CAD,CAN,North America,,false,2020-09-21 13:19:28,taylor.cunningham023@commerce.example.com
,PAY-202009-00000005293,ORD-202009-0000005872,CUST-0000147564,2020-09-30 22:00:23,Debit Card,Success,1996.66,MXN,MEX,North America,,false,2020-09-30 22:00:23,brandon.yu006@analytics.example.com
,PAY-202009-00000005294,ORD-202009-0000002624,CUST-0000151983,2020-09-10 06:00:11,Paytm,Success,1046.37,INR,IND,Asia,,false,2020-09-10 06:00:11,micheal.chen050@dataops.example.com
,PAY-202009-00000005295,ORD-202009-0000000058,CUST-0000141720,2020-09-03 16:50:57,Google Pay,Success,3252.77,AUD,AUS,Oceania,,false,2020-09-03 16:50:57,tina.williams074@commerce.example.com
,PAY-202009-00000005296,ORD-202009-0000003056,CUST-0000146076,2020-09-22 18:01:27,Buy Now Pay Later,Success,2574.83,JPY,JPN,Asia,,false,2020-09-22 18:01:27,patrick.gonzalez035@dataops.example.com
,PAY-202009-00000005297,ORD-202009-0000004583,CUST-0000152707,2020-09-19 23:17:15,Buy Now Pay Later,Success,1370.29,EUR,DEU,Europe,,false,2020-09-19 23:17:15,ashley.marks069@commerce.example.com
,PAY-202009-00000005298,ORD-202009-0000000627,CUST-0000136532,2020-09-30 21:13:52,Gift Card,Success,661.08,BRL,BRA,South America,,false,2020-09-30 21:13:52,michelle.bender024@analytics.example.com
,PAY-202009-00000005299,ORD-202009-0000005102,CUST-0000139570,2020-09-29 03:53:07,Gift Card,Success,452.31,EUR,FRA,Europe,,false,2020-09-29 03:53:07,jeffery.miller012@commerce.example.com
,PAY-202009-00000005300,ORD-202009-0000001976,CUST-0000135877,2020-09-27 07:56:09,PayPal,Success,1227.01,GBP,GBR,Europe,,false,2020-09-27 07:56:09,adam.gordon030@commerce.example.com
,PAY-202009-00000005301,ORD-202009-0000000543,CUST-0000136836,2020-09-08 05:17:16,Debit Card,Success,1690.58,EUR,ESP,Europe,,false,2020-09-08 05:17:16,timothy.cannon081@analytics.example.com
,PAY-202009-00000005302,ORD-202009-0000002340,CUST-0000150881,2020-09-24 19:53:49,Phonepe,Success,505.35,INR,IND,Asia,,false,2020-09-24 19:53:49,brandi.carter038@dataops.example.com
,PAY-202009-00000005303,ORD-202009-0000002727,CUST-0000137673,2020-09-03 07:34:29,Google Pay,Failed,2854.78,EUR,DEU,Europe,Fraud check failed,false,2020-09-03 07:34:29,michelle.bender024@analytics.example.com
,PAY-202009-00000005304,ORD-202009-0000000292,CUST-0000150241,2020-09-08 20:40:46,Buy Now Pay Later,Success,492.91,EUR,DEU,Europe,,false,2020-09-08 20:40:46,stephen.clark001@analytics.example.com
,PAY-202009-00000005305,ORD-202009-0000002024,CUST-0000151309,2020-09-08 19:38:39,Phonepe,Success,1272.41,MXN,MEX,North America,,false,2020-09-08 19:38:39,michael.berger060@platform.example.com
,PAY-202009-00000005306,ORD-202009-0000004220,CUST-0000137737,2020-09-09 03:08:24,Debit Card,Success,417.56,CAD,CAN,North America,,false,2020-09-09 03:08:24,victor.palmer071@platform.example.com
,PAY-202009-00000005307,ORD-202009-0000002281,CUST-0000141214,2020-09-07 08:44:18,Paytm,Success,2815.6,INR,IND,Asia,,false,2020-09-07 08:44:18,ryan.steele043@commerce.example.com
,PAY-202009-00000005308,ORD-202009-0000002471,CUST-0000137104,2020-09-20 03:26:03,Credit Card,Success,1091.37,EUR,NLD,Europe,,false,2020-09-20 03:26:03,kelsey.taylor010@platform.example.com
,PAY-202009-00000005309,ORD-202009-0000002181,CUST-0000149499,2020-09-11 04:29:16,Credit Card,Success,2532.46,GBP,GBR,Europe,,false,2020-09-11 04:29:16,joseph.johnson049@dataops.example.com
,PAY-202009-00000005310,ORD-202009-0000003822,CUST-0000139042,2020-09-18 03:55:29,Apple Pay,Failed,1224.52,USD,USA,North America,Card declined,false,2020-09-18 03:55:29,maria.ashley046@analytics.example.com
,PAY-202009-00000005311,ORD-202009-0000000223,CUST-0000147662,2020-09-29 18:44:53,Apple Pay,Success,521.48,EUR,ESP,Europe,,false,2020-09-29 18:44:53,stephen.clark001@analytics.example.com
,PAY-202009-00000005312,ORD-202009-0000001965,CUST-0000139246,2020-09-26 15:46:52,Phonepe,Success,2517.37,EUR,FRA,Europe,,false,2020-09-26 15:46:52,victor.palmer071@platform.example.com
,PAY-202009-00000005313,ORD-202009-0000000177,CUST-0000141492,2020-09-07 03:51:38,Debit Card,Success,2896.75,EUR,DEU,Europe,,false,2020-09-07 03:51:38,brandi.carter038@dataops.example.com
,PAY-202009-00000005314,ORD-202009-0000005327,CUST-0000150312,2020-09-13 04:29:36,Apple Pay,Success,2510.48,CAD,CAN,North America,,false,2020-09-13 04:29:36,david.cabrera119@dataops.example.com
,PAY-202009-00000005315,ORD-202009-0000000264,CUST-0000136816,2020-09-04 16:18:08,Google Pay,Success,1639.6,AUD,AUS,Oceania,,false,2020-09-04 16:18:08,james.proctor094@dataops.example.com
,PAY-202009-00000005316,ORD-202009-0000002120,CUST-0000134857,2020-09-27 13:01:26,Credit Card,Success,799.92,EUR,NLD,Europe,,false,2020-09-27 13:01:26,kelsey.taylor010@platform.example.com
,PAY-202009-00000005317,ORD-202009-0000005330,CUST-0000136197,2020-09-07 15:56:38,Phonepe,Success,363.05,EUR,ESP,Europe,,false,2020-09-07 15:56:38,patrick.gonzalez035@dataops.example.com
,PAY-202009-00000005318,ORD-202009-0000001939,CUST-0000145980,2020-09-06 08:35:31,Debit Card,Success,843.67,EUR,FRA,Europe,,false,2020-09-06 08:35:31,kelsey.taylor010@platform.example.com
,PAY-202009-00000005319,ORD-202009-0000004546,CUST-0000142791,2020-09-10 17:23:58,Credit Card,Success,2009.47,EUR,NLD,Europe,,false,2020-09-10 17:23:58,timothy.cameron104@commerce.example.com
,PAY-202009-00000005320,ORD-202009-0000005792,CUST-0000137133,2020-09-30 13:49:39,Debit Card,Success,1736.78,INR,IND,Asia,,false,2020-09-30 13:49:39,john.mullins109@commerce.example.com
,PAY-202009-00000005321,ORD-202009-0000002205,CUST-0000144105,2020-09-20 14:04:03,Apple Pay,Success,2028.7,EUR,DEU,Europe,,false,2020-09-20 14:04:03,timothy.cameron104@commerce.example.com
,PAY-202009-00000005322,ORD-202009-0000000395,CUST-0000136361,2020-09-05 17:38:00,Debit Card,Success,2483.47,AUD,AUS,Oceania,,false,2020-09-05 17:38:00,michelle.bender024@analytics.example.com
,PAY-202009-00000005323,ORD-202009-0000005842,CUST-0000148386,2020-09-14 05:45:04,Apple Pay,Success,950.54,INR,IND,Asia,,false,2020-09-14 05:45:04,patrick.gonzalez035@dataops.example.com
,PAY-202009-00000005324,ORD-202009-0000006432,CUST-0000152415,2020-09-26 09:43:52,Buy Now Pay Later,Success,1567.05,AUD,AUS,Oceania,,false,2020-09-26 09:43:52,brandi.carter038@dataops.example.com
,PAY-202009-00000005325,ORD-202009-0000000591,CUST-0000134627,2020-09-02 04:19:35,Apple Pay,Success,2638.98,AUD,AUS,Oceania,,false,2020-09-02 04:19:35,ryan.steele043@commerce.example.com
,PAY-202009-00000005326,ORD-202009-0000005896,CUST-0000134827,2020-09-05 11:57:56,Phonepe,Success,2927.52,INR,IND,Asia,,false,2020-09-05 11:57:56,alyssa.richards002@commerce.example.com
,PAY-202009-00000005327,ORD-202009-0000001833,CUST-0000153350,2020-09-06 13:30:15,Gift Card,Success,1648.73,MXN,MEX,North America,,false,2020-09-06 13:30:15,michelle.sims041@analytics.example.com
,PAY-202009-00000005328,ORD-202009-0000005718,CUST-0000146266,2020-09-18 19:52:28,Bank Transfer,Success,3236.51,AUD,AUS,Oceania,,false,2020-09-18 19:52:28,taylor.cunningham023@commerce.example.com
,PAY-202009-00000005329,ORD-202009-0000000622,CUST-0000137033,2020-09-19 19:02:36,PayPal,Success,3495.98,USD,USA,North America,,false,2020-09-19 19:02:36,peter.martinez098@platform.example.com
,PAY-202009-00000005330,ORD-202009-0000006266,CUST-0000152801,2020-09-08 10:41:35,PayPal,Success,1108.38,GBP,GBR,Europe,,false,2020-09-08 10:41:35,tina.williams074@commerce.example.com
,PAY-202009-00000005331,ORD-202009-0000005257,CUST-0000152967,2020-09-02 15:58:58,PayPal,Success,2618.86,USD,USA,North America,,false,2020-09-02 15:58:58,susan.rice083@commerce.example.com
,PAY-202009-00000005332,ORD-202009-0000001380,CUST-0000141914,2020-09-23 19:36:25,Debit Card,Success,123.54,SGD,SGP,Asia,,false,2020-09-23 19:36:25,jennifer.hudson020@analytics.example.com
,PAY-202009-00000005333,ORD-202009-0000004391,CUST-0000134873,2020-09-16 05:03:19,Phonepe,Success,2983.07,CAD,CAN,North America,,false,2020-09-16 05:03:19,jennifer.bauer068@analytics.example.com
,PAY-202009-00000005334,ORD-202009-0000001493,CUST-0000150576,2020-09-19 18:46:41,Credit Card,Success,3437.94,BRL,BRA,South America,,false,2020-09-19 18:46:41,john.mullins109@commerce.example.com
,PAY-202009-00000005335,ORD-202009-0000004888,CUST-0000136417,2020-09-14 15:30:33,Paytm,Refunded,1170.36,JPY,JPN,Asia,,true,2020-09-14 15:30:33,ashley.marks069@commerce.example.com
,PAY-202009-00000005336,ORD-202009-0000006206,CUST-0000142188,2020-09-30 12:20:23,Paytm,Success,1839.68,GBP,GBR,Europe,,false,2020-09-30 12:20:23,jeffery.miller012@commerce.example.com
,PAY-202009-00000005337,ORD-202009-0000005140,CUST-0000147747,2020-09-28 02:37:22,Paytm,Refunded,1345.77,EUR,DEU,Europe,,true,2020-09-28 02:37:22,joseph.johnson049@dataops.example.com
,PAY-202009-00000005338,ORD-202009-0000005823,CUST-0000135900,2020-09-02 09:38:15,Credit Card,Success,443.21,GBP,GBR,Europe,,false,2020-09-02 09:38:15,stephen.daniels076@commerce.example.com
,PAY-202009-00000005339,ORD-202009-0000003961,CUST-0000136043,2020-09-27 07:48:01,Google Pay,Success,1974.52,SGD,SGP,Asia,,false,2020-09-27 07:48:01,victor.palmer071@platform.example.com
,PAY-202009-00000005340,ORD-202009-0000005648,CUST-0000141568,2020-09-16 19:43:05,Debit Card,Success,988.98,CAD,CAN,North America,,false,2020-09-16 19:43:05,stephen.daniels076@commerce.example.com
,PAY-202009-00000005341,ORD-202009-0000005239,CUST-0000150970,2020-09-08 09:16:17,Paytm,Success,265.47,EUR,NLD,Europe,,false,2020-09-08 09:16:17,alyssa.richards002@commerce.example.com
,PAY-202009-00000005342,ORD-202009-0000000998,CUST-0000145921,2020-09-11 18:26:58,Bank Transfer,Success,238.2,MXN,MEX,North America,,false,2020-09-11 18:26:58,michelle.sims041@analytics.example.com
,PAY-202009-00000005343,ORD-202009-0000002874,CUST-0000137685,2020-09-12 09:48:55,Google Pay,Success,1337.77,EUR,ESP,Europe,,false,2020-09-12 09:48:55,alyssa.richards002@commerce.example.com
,PAY-202009-00000005344,ORD-202009-0000003366,CUST-0000135634,2020-09-10 01:39:35,Paytm,Success,2448.75,BRL,BRA,South America,,false,2020-09-10 01:39:35,susan.rice083@commerce.example.com
,PAY-202009-00000005345,ORD-202009-0000003616,CUST-0000146613,2020-09-06 06:25:02,PayPal,Success,1892.88,AUD,AUS,Oceania,,false,2020-09-06 06:25:02,taylor.cunningham023@commerce.example.com
,PAY-202009-00000005346,ORD-202009-0000002154,CUST-0000150756,2020-09-25 18:11:52,Phonepe,Success,3370.51,JPY,JPN,Asia,,false,2020-09-25 18:11:52,maria.ashley046@analytics.example.com
,PAY-202009-00000005347,ORD-202009-0000006524,CUST-0000149463,2020-09-18 08:17:20,Paytm,Success,1818.77,MXN,MEX,North America,,false,2020-09-18 08:17:20,ashley.marks069@commerce.example.com
,PAY-202009-00000005348,ORD-202009-0000004895,CUST-0000148070,2020-09-03 05:02:01,Google Pay,Success,2891.0,AUD,AUS,Oceania,,false,2020-09-03 05:02:01,maria.ashley046@analytics.example.com
,PAY-202009-00000005349,ORD-202009-0000003625,CUST-0000152325,2020-09-14 01:18:53,PayPal,Success,791.48,JPY,JPN,Asia,,false,2020-09-14 01:18:53,jeffery.miller012@commerce.example.com
,PAY-202009-00000005350,ORD-202009-0000005588,CUST-0000137542,2020-09-30 16:59:55,Buy Now Pay Later,Success,2323.73,INR,IND,Asia,,false,2020-09-30 16:59:55,taylor.cunningham023@commerce.example.com
,PAY-202009-00000005351,ORD-202009-0000002258,CUST-0000138469,2020-09-17 12:13:23,Buy Now Pay Later,Success,3424.73,AUD,AUS,Oceania,,false,2020-09-17 12:13:23,megan.cunningham013@commerce.example.com
,PAY-202009-00000005352,ORD-202009-0000000063,CUST-0000136910,2020-09-14 08:06:34,Apple Pay,Failed,845.45,EUR,ESP,Europe,Card declined,false,2020-09-14 08:06:34,maria.ashley046@analytics.example.com
,PAY-202009-00000005353,ORD-202009-0000003013,CUST-0000148329,2020-09-04 20:38:33,Bank Transfer,Success,2969.55,AED,ARE,Asia,,false,2020-09-04 20:38:33,ashley.marks069@commerce.example.com
,PAY-202009-00000005354,ORD-202009-0000002446,CUST-0000142459,2020-09-26 10:17:24,Buy Now Pay Later,Success,2184.51,GBP,GBR,Europe,,false,2020-09-26 10:17:24,brandi.carter038@dataops.example.com
,PAY-202009-00000005355,ORD-202009-0000005503,CUST-0000135767,2020-09-09 12:53:26,Paytm,Success,587.87,SGD,SGP,Asia,,false,2020-09-09 12:53:26,michelle.bender024@analytics.example.com
,PAY-202009-00000005356,ORD-202009-0000000690,CUST-0000151234,2020-09-01 18:50:33,Debit Card,Success,193.32,MXN,MEX,North America,,false,2020-09-01 18:50:33,andrea.cummings039@platform.example.com
,PAY-202009-00000005357,ORD-202009-0000004877,CUST-0000146314,2020-09-09 13:45:27,Google Pay,Success,2109.96,INR,IND,Asia,,false,2020-09-09 13:45:27,michelle.sims041@analytics.example.com
,PAY-202009-00000005358,ORD-202009-0000003461,CUST-0000145781,2020-09-23 09:51:48,Debit Card,Success,526.15,EUR,ESP,Europe,,false,2020-09-23 09:51:48,joseph.johnson049@dataops.example.com
,PAY-202009-00000005359,ORD-202009-0000003091,CUST-0000150812,2020-09-02 22:18:44,Buy Now Pay Later,Success,1231.55,EUR,FRA,Europe,,false,2020-09-02 22:18:44,jeffery.miller012@commerce.example.com
,PAY-202009-00000005360,ORD-202009-0000006547,CUST-0000151621,2020-09-09 01:42:19,Paytm,Success,804.94,CAD,CAN,North America,,false,2020-09-09 01:42:19,michael.berger060@platform.example.com
,PAY-202009-00000005361,ORD-202009-0000001986,CUST-0000149264,2020-09-18 08:08:36,Paytm,Success,2132.46,JPY,JPN,Asia,,false,2020-09-18 08:08:36,brandon.yu006@analytics.example.com
,PAY-202009-00000005362,ORD-202009-0000002636,CUST-0000148938,2020-09-09 22:56:47,Debit Card,Success,3435.47,SGD,SGP,Asia,,false,2020-09-09 22:56:47,john.mullins109@commerce.example.com
,PAY-202009-00000005363,ORD-202009-0000001134,CUST-0000140923,2020-09-15 15:12:08,Phonepe,Success,500.47,EUR,ESP,Europe,,false,2020-09-15 15:12:08,brandi.carter038@dataops.example.com
,PAY-202009-00000005364,ORD-202009-0000004595,CUST-0000135402,2020-09-22 02:14:06,Paytm,Success,2843.16,USD,USA,North America,,false,2020-09-22 02:14:06,andrea.cummings039@platform.example.com
,PAY-202009-00000005365,ORD-202009-0000002586,CUST-0000152582,2020-09-21 01:50:17,Debit Card,Success,198.5,JPY,JPN,Asia,,false,2020-09-21 01:50:17,michael.berger060@platform.example.com
,PAY-202009-00000005366,ORD-202009-0000005498,CUST-0000150200,2020-09-07 17:34:58,Google Pay,Success,1131.65,EUR,NLD,Europe,,false,2020-09-07 17:34:58,jeffery.miller012@commerce.example.com
,PAY-202009-00000005367,ORD-202009-0000000418,CUST-0000135831,2020-09-29 05:25:10,Gift Card,Success,1669.92,GBP,GBR,Europe,,false,2020-09-29 05:25:10,timothy.cameron104@commerce.example.com
,PAY-202009-00000005368,ORD-202009-0000000701,CUST-0000136457,2020-09-15 00:14:42,Gift Card,Success,1871.13,USD,USA,North America,,false,2020-09-15 00:14:42,micheal.hall064@dataops.example.com
,PAY-202009-00000005369,ORD-202009-0000003203,CUST-0000148508,2020-09-02 04:49:08,Paytm,Success,33.41,MXN,MEX,North America,,false,2020-09-02 04:49:08,eric.mullen052@dataops.example.com
,PAY-202009-00000005370,ORD-202009-0000000701,CUST-0000134894,2020-09-17 16:54:57,Credit Card,Success,1636.93,AUD,AUS,Oceania,,false,2020-09-17 16:54:57,joseph.johnson049@dataops.example.com
,PAY-202009-00000005371,ORD-202009-0000000581,CUST-0000147700,2020-09-18 05:38:22,Google Pay,Success,916.45,BRL,BRA,South America,,false,2020-09-18 05:38:22,lance.williams029@platform.example.com
,PAY-202009-00000005372,ORD-202009-0000005434,CUST-0000135494,2020-09-07 00:03:30,Gift Card,Success,1521.25,EUR,FRA,Europe,,false,2020-09-07 00:03:30,micheal.chen050@dataops.example.com
,PAY-202009-00000005373,ORD-202009-0000004948,CUST-0000154000,2020-09-03 12:27:56,Google Pay,Success,1399.72,AED,ARE,Asia,,false,2020-09-03 12:27:56,andrea.cummings039@platform.example.com
,PAY-202009-00000005374,ORD-202009-0000006466,CUST-0000142034,2020-09-20 12:11:50,Apple Pay,Success,1074.17,EUR,ITA,Europe,,false,2020-09-20 12:11:50,michael.berger060@platform.example.com
,PAY-202009-00000005375,ORD-202009-0000002236,CUST-0000134568,2020-09-28 10:55:22,Phonepe,Success,750.53,SGD,SGP,Asia,,false,2020-09-28 10:55:22,adam.gordon030@commerce.example.com
,PAY-202009-00000005376,ORD-202009-0000002001,CUST-0000150875,2020-09-08 01:06:12,Bank Transfer,Success,1798.08,INR,IND,Asia,,false,2020-09-08 01:06:12,jennifer.bauer068@analytics.example.com
,PAY-202009-00000005377,ORD-202009-0000001260,CUST-0000146931,2020-09-20 22:40:36,Credit Card,Success,1687.54,BRL,BRA,South America,,false,2020-09-20 22:40:36,eric.horton058@analytics.example.com
,PAY-202009-00000005378,ORD-202009-0000000424,CUST-0000138270,2020-09-10 16:31:10,Debit Card,Success,100.35,EUR,NLD,Europe,,false,2020-09-10 16:31:10,john.mullins109@commerce.example.com
,PAY-202009-00000005379,ORD-202009-0000002537,CUST-0000148814,2020-09-17 21:56:54,Apple Pay,Success,2342.13,INR,IND,Asia,,false,2020-09-17 21:56:54,taylor.cunningham023@commerce.example.com
,PAY-202009-00000005380,ORD-202009-0000004260,CUST-0000149083,2020-09-18 23:52:05,Google Pay,Success,2913.93,AUD,AUS,Oceania,,false,2020-09-18 23:52:05,susan.rice083@commerce.example.com
,PAY-202009-00000005381,ORD-202009-0000005880,CUST-0000147968,2020-09-17 00:53:56,Credit Card,Success,407.47,CAD,CAN,North America,,false,2020-09-17 00:53:56,eric.mullen052@dataops.example.com
,PAY-202009-00000005382,ORD-202009-0000005526,CUST-0000151628,2020-09-23 11:31:13,Debit Card,Success,2742.29,BRL,BRA,South America,,false,2020-09-23 11:31:13,david.cabrera119@dataops.example.com
,PAY-202009-00000005383,ORD-202009-0000005435,CUST-0000135343,2020-09-01 22:16:59,Buy Now Pay Later,Success,872.41,GBP,GBR,Europe,,false,2020-09-01 22:16:59,maria.ashley046@analytics.example.com
,PAY-202009-00000005384,ORD-202009-0000004132,CUST-0000139068,2020-09-29 19:08:02,Bank Transfer,Success,243.94,EUR,NLD,Europe,,false,2020-09-29 19:08:02,timothy.cannon081@analytics.example.com
,PAY-202009-00000005385,ORD-202009-0000002543,CUST-0000136782,2020-09-03 12:13:13,Paytm,Success,1263.65,AUD,AUS,Oceania,,false,2020-09-03 12:13:13,michelle.bender024@analytics.example.com
,PAY-202009-00000005386,ORD-202009-0000000933,CUST-0000137413,2020-09-26 07:18:38,Google Pay,Success,1111.65,CAD,CAN,North America,,false,2020-09-26 07:18:38,lance.williams029@platform.example.com
,PAY-202009-00000005387,ORD-202009-0000004941,CUST-0000143641,2020-09-16 22:42:32,Debit Card,Success,2853.06,EUR,DEU,Europe,,false,2020-09-16 22:42:32,tina.williams074@commerce.example.com
,PAY-202009-00000005388,ORD-202009-0000006080,CUST-0000150811,2020-09-13 22:58:49,Buy Now Pay Later,Success,2318.29,INR,IND,Asia,,false,2020-09-13 22:58:49,kelsey.taylor010@platform.example.com
,PAY-202009-00000005389,ORD-202009-0000001198,CUST-0000149863,2020-09-24 02:50:59,Bank Transfer,Success,1802.17,INR,IND,Asia,,false,2020-09-24 02:50:59,stephen.daniels076@commerce.example.com
,PAY-202009-00000005390,ORD-202009-0000003589,CUST-0000143983,2020-09-26 12:32:37,Gift Card,Success,2356.61,GBP,GBR,Europe,,false,2020-09-26 12:32:37,john.mullins109@commerce.example.com
,PAY-202009-00000005391,ORD-202009-0000006574,CUST-0000141967,2020-09-08 14:43:45,Bank Transfer,Pending,2590.71,EUR,ITA,Europe,,false,2020-09-08 14:43:45,jeffery.miller012@commerce.example.com
,PAY-202009-00000005392,ORD-202009-0000004336,CUST-0000146206,2020-09-15 14:20:53,Buy Now Pay Later,Success,1413.44,BRL,BRA,South America,,false,2020-09-15 14:20:53,john.mullins109@commerce.example.com
,PAY-202009-00000005393,ORD-202009-0000004926,CUST-0000137285,2020-09-19 21:43:01,Apple Pay,Success,561.44,EUR,DEU,Europe,,false,2020-09-19 21:43:01,patrick.gonzalez035@dataops.example.com
,PAY-202009-00000005394,ORD-202009-0000004331,CUST-0000146935,2020-09-24 17:44:47,PayPal,Success,1932.72,CAD,CAN,North America,,false,2020-09-24 17:44:47,alyssa.richards002@commerce.example.com
,PAY-202009-00000005395,ORD-202009-0000005158,CUST-0000146667,2020-09-04 06:57:24,Gift Card,Success,3327.78,USD,USA,North America,,false,2020-09-04 06:57:24,stephen.daniels076@commerce.example.com
,PAY-202009-00000005396,ORD-202009-0000002145,CUST-0000136262,2020-09-12 20:56:03,Debit Card,Success,3453.75,EUR,DEU,Europe,,false,2020-09-12 20:56:03,michelle.sims041@analytics.example.com
,PAY-202009-00000005397,ORD-202009-0000005760,CUST-0000146080,2020-09-22 20:15:34,Gift Card,Success,3157.27,EUR,FRA,Europe,,false,2020-09-22 20:15:34,maria.ashley046@analytics.example.com
,PAY-202009-00000005398,ORD-202009-0000003754,CUST-0000143433,2020-09-22 01:25:45,Google Pay,Success,3433.63,AUD,AUS,Oceania,,false,2020-09-22 01:25:45,stephen.daniels076@commerce.example.com
,PAY-202009-00000005399,ORD-202009-0000000709,CUST-0000147415,2020-09-16 05:54:03,Paytm,Success,588.23,MXN,MEX,North America,,false,2020-09-16 05:54:03,timothy.cameron104@commerce.example.com
,PAY-202009-00000005400,ORD-202009-0000002893,CUST-0000135432,2020-09-06 14:08:19,Paytm,Failed,2542.21,USD,USA,North America,Insufficient funds,false,2020-09-06 14:08:19,michelle.sims041@analytics.example.com
,PAY-202009-00000005401,ORD-202009-0000002018,CUST-0000141685,2020-09-26 14:55:44,Phonepe,Success,1444.72,EUR,ESP,Europe,,false,2020-09-26 14:55:44,brandi.carter038@dataops.example.com
,PAY-202009-00000005402,ORD-202009-0000002680,CUST-0000151360,2020-09-02 08:53:43,PayPal,Success,96.09,USD,USA,North America,,false,2020-09-02 08:53:43,ashley.marks069@commerce.example.com
,PAY-202009-00000005403,ORD-202009-0000004812,CUST-0000140924,2020-09-17 05:47:22,Buy Now Pay Later,Success,525.87,AUD,AUS,Oceania,,false,2020-09-17 05:47:22,timothy.cameron104@commerce.example.com
,PAY-202009-00000005404,ORD-202009-0000002847,CUST-0000146348,2020-09-09 05:42:02,Apple Pay,Success,2937.52,EUR,ITA,Europe,,false,2020-09-09 05:42:02,john.mullins109@commerce.example.com
,PAY-202009-00000005405,ORD-202009-0000001001,CUST-0000144288,2020-09-13 03:02:28,Debit Card,Success,924.92,MXN,MEX,North America,,false,2020-09-13 03:02:28,andrea.cummings039@platform.example.com
,PAY-202009-00000005406,ORD-202009-0000003132,CUST-0000143729,2020-09-16 14:29:40,Buy Now Pay Later,Success,83.18,MXN,MEX,North America,,false,2020-09-16 14:29:40,micheal.chen050@dataops.example.com
,PAY-202009-00000005407,ORD-202009-0000002302,CUST-0000141551,2020-09-23 14:07:23,Debit Card,Success,1553.79,EUR,DEU,Europe,,false,2020-09-23 14:07:23,john.mullins109@commerce.example.com
,PAY-202009-00000005408,ORD-202009-0000003692,CUST-0000148692,2020-09-16 09:57:52,Bank Transfer,Success,727.89,AED,ARE,Asia,,false,2020-09-16 09:57:52,michael.berger060@platform.example.com
,PAY-202009-00000005409,ORD-202009-0000001931,CUST-0000142451,2020-09-08 00:50:44,Google Pay,Success,1711.0,EUR,ITA,Europe,,false,2020-09-08 00:50:44,lance.williams029@platform.example.com
,PAY-202009-00000005410,ORD-202009-0000002754,CUST-0000136885,2020-09-23 05:01:08,PayPal,Success,115.93,SGD,SGP,Asia,,false,2020-09-23 05:01:08,timothy.cannon081@analytics.example.com
,PAY-202009-00000005411,ORD-202009-0000001406,CUST-0000135428,2020-09-14 11:14:07,Debit Card,Success,1946.33,SGD,SGP,Asia,,false,2020-09-14 11:14:07,andrea.cummings039@platform.example.com
,PAY-202009-00000005412,ORD-202009-0000005484,CUST-0000142044,2020-09-13 19:56:05,Bank Transfer,Success,1408.17,INR,IND,Asia,,false,2020-09-13 19:56:05,susan.rice083@commerce.example.com
,PAY-202009-00000005413,ORD-202009-0000005158,CUST-0000147383,2020-09-19 05:34:41,Bank Transfer,Success,580.26,AUD,AUS,Oceania,,false,2020-09-19 05:34:41,micheal.hall064@dataops.example.com
,PAY-202009-00000005414,ORD-202009-0000006222,CUST-0000153561,2020-09-07 01:35:55,Credit Card,Success,3326.37,INR,IND,Asia,,false,2020-09-07 01:35:55,andrea.cummings039@platform.example.com
,PAY-202009-00000005415,ORD-202009-0000005082,CUST-0000136633,2020-09-24 01:01:17,Debit Card,Success,513.77,EUR,FRA,Europe,,false,2020-09-24 01:01:17,stephen.clark001@analytics.example.com
,PAY-202009-00000005416,ORD-202009-0000004943,CUST-0000144557,2020-09-14 01:46:23,Buy Now Pay Later,Success,1776.29,CAD,CAN,North America,,false,2020-09-14 01:46:23,lance.williams029@platform.example.com
,PAY-202009-00000005417,ORD-202009-0000000995,CUST-0000140234,2020-09-25 02:05:55,Bank Transfer,Success,1744.82,GBP,GBR,Europe,,false,2020-09-25 02:05:55,jeffery.miller012@commerce.example.com
,PAY-202009-00000005418,ORD-202009-0000006149,CUST-0000140183,2020-09-05 16:33:25,Phonepe,Success,2499.45,SGD,SGP,Asia,,false,2020-09-05 16:33:25,timothy.cameron104@commerce.example.com
,PAY-202009-00000005419,ORD-202009-0000005855,CUST-0000136965,2020-09-25 19:24:43,Google Pay,Success,853.04,EUR,FRA,Europe,,false,2020-09-25 19:24:43,michelle.sims041@analytics.example.com
,PAY-202009-00000005420,ORD-202009-0000001315,CUST-0000143478,2020-09-08 21:26:41,Buy Now Pay Later,Success,2861.72,EUR,ESP,Europe,,false,2020-09-08 21:26:41,brandi.carter038@dataops.example.com
,PAY-202009-00000005421,ORD-202009-0000001726,CUST-0000136167,2020-09-15 09:20:15,Phonepe,Success,790.66,USD,USA,North America,,false,2020-09-15 09:20:15,lance.williams029@platform.example.com
,PAY-202009-00000005422,ORD-202009-0000000225,CUST-0000134553,2020-09-07 20:53:19,Apple Pay,Success,2119.94,JPY,JPN,Asia,,false,2020-09-07 20:53:19,michelle.sims041@analytics.example.com
,PAY-202009-00000005423,ORD-202009-0000001454,CUST-0000147702,2020-09-26 09:32:34,Paytm,Success,1410.49,AUD,AUS,Oceania,,false,2020-09-26 09:32:34,patrick.gonzalez035@dataops.example.com
,PAY-202009-00000005424,ORD-202009-0000000754,CUST-0000149905,2020-09-26 15:11:46,Buy Now Pay Later,Success,872.6,EUR,ESP,Europe,,false,2020-09-26 15:11:46,lance.williams029@platform.example.com
,PAY-202009-00000005425,ORD-202009-0000000361,CUST-0000153644,2020-09-23 19:39:02,Bank Transfer,Success,3243.13,EUR,NLD,Europe,,false,2020-09-23 19:39:02,lance.williams029@platform.example.com
,PAY-202009-00000005426,ORD-202009-0000002526,CUST-0000141841,2020-09-18 13:09:06,Bank Transfer,Success,866.95,BRL,BRA,South America,,false,2020-09-18 13:09:06,micheal.hall064@dataops.example.com
,PAY-202009-00000005427,ORD-202009-0000000574,CUST-0000153965,2020-09-01 09:08:45,Bank Transfer,Success,2020.69,CAD,CAN,North America,,false,2020-09-01 09:08:45,patrick.gonzalez035@dataops.example.com
,PAY-202009-00000005428,ORD-202009-0000004416,CUST-0000152024,2020-09-15 07:10:18,Gift Card,Success,1651.43,EUR,NLD,Europe,,false,2020-09-15 07:10:18,john.mullins109@commerce.example.com
,PAY-202009-00000005429,ORD-202009-0000004008,CUST-0000153010,2020-09-26 00:05:25,Google Pay,Success,421.97,USD,USA,North America,,false,2020-09-26 00:05:25,michael.berger060@platform.example.com
,PAY-202009-00000005430,ORD-202009-0000006459,CUST-0000137546,2020-09-02 20:58:45,Apple Pay,Success,1500.16,MXN,MEX,North America,,false,2020-09-02 20:58:45,susan.rice083@commerce.example.com
,PAY-202009-00000005431,ORD-202009-0000000545,CUST-0000153505,2020-09-07 22:19:03,PayPal,Success,886.59,SGD,SGP,Asia,,false,2020-09-07 22:19:03,kelsey.taylor010@platform.example.com
,PAY-202009-00000005432,ORD-202009-0000000450,CUST-0000139068,2020-09-14 08:33:36,Credit Card,Pending,1364.73,GBP,GBR,Europe,,false,2020-09-14 08:33:36,susan.rice083@commerce.example.com
,PAY-202009-00000005433,ORD-202009-0000004095,CUST-0000147301,2020-09-23 17:25:00,Phonepe,Success,1910.68,EUR,ITA,Europe,,false,2020-09-23 17:25:00,taylor.cunningham023@commerce.example.com
,PAY-202009-00000005434,ORD-202009-0000004912,CUST-0000146023,2020-09-30 11:55:37,PayPal,Success,2248.83,AED,ARE,Asia,,false,2020-09-30 11:55:37,micheal.hall064@dataops.example.com
,PAY-202009-00000005435,ORD-202009-0000003733,CUST-0000134806,2020-09-15 20:48:57,PayPal,Success,2854.45,MXN,MEX,North America,,false,2020-09-15 20:48:57,susan.rice083@commerce.example.com
,PAY-202009-00000005436,ORD-202009-0000002545,CUST-0000149271,2020-09-01 18:56:57,PayPal,Success,258.52,SGD,SGP,Asia,,false,2020-09-01 18:56:57,taylor.cunningham023@commerce.example.com
,PAY-202009-00000005437,ORD-202009-0000000637,CUST-0000153027,2020-09-30 08:00:45,Phonepe,Success,3282.24,AUD,AUS,Oceania,,false,2020-09-30 08:00:45,john.mullins109@commerce.example.com
,PAY-202009-00000005438,ORD-202009-0000004206,CUST-0000149299,2020-09-16 01:27:48,PayPal,Success,2173.91,EUR,FRA,Europe,,false,2020-09-16 01:27:48,eric.horton058@analytics.example.com
,PAY-202009-00000005439,ORD-202009-0000005202,CUST-0000152532,2020-09-20 00:34:02,Paytm,Success,2955.81,AED,ARE,Asia,,false,2020-09-20 00:34:02,brandon.yu006@analytics.example.com
,PAY-202009-00000005440,ORD-202009-0000003101,CUST-0000151770,2020-09-25 03:10:51,Credit Card,Refunded,1555.12,EUR,ITA,Europe,,true,2020-09-25 03:10:51,eric.horton058@analytics.example.com
,PAY-202009-00000005441,ORD-202009-0000002635,CUST-0000139192,2020-09-07 05:07:35,Bank Transfer,Success,1102.94,BRL,BRA,South America,,false,2020-09-07 05:07:35,patrick.gonzalez035@dataops.example.com
,PAY-202009-00000005442,ORD-202009-0000004518,CUST-0000142804,2020-09-24 18:29:54,Google Pay,Success,1452.82,EUR,DEU,Europe,,false,2020-09-24 18:29:54,micheal.chen050@dataops.example.com
,PAY-202009-00000005443,ORD-202009-0000000905,CUST-0000135923,2020-09-19 14:51:03,Google Pay,Success,2180.51,EUR,DEU,Europe,,false,2020-09-19 14:51:03,jennifer.bauer068@analytics.example.com
,PAY-202009-00000005444,ORD-202009-0000006447,CUST-0000150246,2020-09-07 03:24:19,Bank Transfer,Success,1397.1,GBP,GBR,Europe,,false,2020-09-07 03:24:19,brandi.carter038@dataops.example.com
,PAY-202009-00000005445,ORD-202009-0000000857,CUST-0000147746,2020-09-29 11:17:09,Credit Card,Success,2457.65,SGD,SGP,Asia,,false,2020-09-29 11:17:09,ashley.marks069@commerce.example.com
,PAY-202009-00000005446,ORD-202009-0000001834,CUST-0000145119,2020-09-28 04:50:39,Buy Now Pay Later,Success,2631.86,EUR,FRA,Europe,,false,2020-09-28 04:50:39,taylor.cunningham023@commerce.example.com
,PAY-202009-00000005447,ORD-202009-0000005775,CUST-0000147340,2020-09-08 16:18:40,Credit Card,Success,510.04,EUR,DEU,Europe,,false,2020-09-08 16:18:40,david.cabrera119@dataops.example.com
,PAY-202009-00000005448,ORD-202009-0000001719,CUST-0000139731,2020-09-01 00:38:37,Google Pay,Success,2092.62,USD,USA,North America,,false,2020-09-01 00:38:37,michael.berger060@platform.example.com
,PAY-202009-00000005449,ORD-202009-0000000356,CUST-0000150486,2020-09-27 15:12:37,Paytm,Failed,2807.37,JPY,JPN,Asia,Fraud check failed,false,2020-09-27 15:12:37,micheal.chen050@dataops.example.com
,PAY-202009-00000005450,ORD-202009-0000006301,CUST-0000149512,2020-09-18 15:53:11,Gift Card,Success,2999.41,EUR,DEU,Europe,,false,2020-09-18 15:53:11,timothy.cameron104@commerce.example.com
,PAY-202009-00000005451,ORD-202009-0000004671,CUST-0000144912,2020-09-05 04:37:31,Debit Card,Success,2268.88,AED,ARE,Asia,,false,2020-09-05 04:37:31,eric.horton058@analytics.example.com
,PAY-202009-00000005452,ORD-202009-0000005719,CUST-0000135320,2020-09-02 16:05:07,Bank Transfer,Success,1609.25,JPY,JPN,Asia,,false,2020-09-02 16:05:07,micheal.hall064@dataops.example.com
,PAY-202009-00000005453,ORD-202009-0000000649,CUST-0000138574,2020-09-11 07:54:49,Bank Transfer,Success,1754.05,EUR,DEU,Europe,,false,2020-09-11 07:54:49,lance.williams029@platform.example.com
,PAY-202009-00000005454,ORD-202009-0000002172,CUST-0000154080,2020-09-19 17:21:33,Paytm,Pending,2875.33,AUD,AUS,Oceania,,false,2020-09-19 17:21:33,joseph.johnson049@dataops.example.com
,PAY-202009-00000005455,ORD-202009-0000006283,CUST-0000136136,2020-09-01 00:05:53,Gift Card,Success,3111.41,GBP,GBR,Europe,,false,2020-09-01 00:05:53,james.proctor094@dataops.example.com
,PAY-202009-00000005456,ORD-202009-0000002756,CUST-0000139708,2020-09-07 15:58:10,Credit Card,Failed,332.94,CAD,CAN,North America,Card declined,false,2020-09-07 15:58:10,peter.martinez098@platform.example.com
,PAY-202009-00000005457,ORD-202009-0000001716,CUST-0000151213,2020-09-27 04:33:22,Gift Card,Success,179.19,EUR,ITA,Europe,,false,2020-09-27 04:33:22,jennifer.hudson020@analytics.example.com
,PAY-202009-00000005458,ORD-202009-0000002160,CUST-0000142482,2020-09-22 06:34:22,Phonepe,Failed,385.09,AED,ARE,Asia,Insufficient funds,false,2020-09-22 06:34:22,ashley.marks069@commerce.example.com
,PAY-202009-00000005459,ORD-202009-0000006275,CUST-0000140683,2020-09-17 20:25:02,Debit Card,Success,2508.4,EUR,ITA,Europe,,false,2020-09-17 20:25:02,stephen.daniels076@commerce.example.com
,PAY-202009-00000005460,ORD-202009-0000000435,CUST-0000145329,2020-09-24 08:24:01,Apple Pay,Success,853.94,EUR,FRA,Europe,,false,2020-09-24 08:24:01,micheal.chen050@dataops.example.com
,PAY-202009-00000005461,ORD-202009-0000001208,CUST-0000151102,2020-09-29 01:39:32,Credit Card,Success,82.65,CAD,CAN,North America,,false,2020-09-29 01:39:32,andrea.cummings039@platform.example.com
,PAY-202009-00000005462,ORD-202009-0000001572,CUST-0000142762,2020-09-06 18:06:06,Google Pay,Success,309.4,SGD,SGP,Asia,,false,2020-09-06 18:06:06,ashley.marks069@commerce.example.com
,PAY-202009-00000005463,ORD-202009-0000003181,CUST-0000141801,2020-09-09 00:31:19,Gift Card,Success,2972.84,MXN,MEX,North America,,false,2020-09-09 00:31:19,micheal.chen050@dataops.example.com
,PAY-202009-00000005464,ORD-202009-0000000345,CUST-0000152316,2020-09-06 14:12:28,Gift Card,Success,2250.2,USD,USA,North America,,false,2020-09-06 14:12:28,michelle.bender024@analytics.example.com
,PAY-202009-00000005465,ORD-202009-0000001633,CUST-0000136983,2020-09-10 10:35:47,Google Pay,Success,1335.34,EUR,DEU,Europe,,false,2020-09-10 10:35:47,stephen.clark001@analytics.example.com
,PAY-202009-00000005466,ORD-202009-0000002925,CUST-0000152044,2020-09-09 03:12:07,Credit Card,Refunded,2253.98,INR,IND,Asia,,true,2020-09-09 03:12:07,michelle.sims041@analytics.example.com
,PAY-202009-00000005467,ORD-202009-0000003050,CUST-0000140770,2020-09-02 12:47:25,PayPal,Success,3187.52,EUR,ITA,Europe,,false,2020-09-02 12:47:25,taylor.cunningham023@commerce.example.com
,PAY-202009-00000005468,ORD-202009-0000003568,CUST-0000149939,2020-09-05 00:30:42,Bank Transfer,Success,43.72,EUR,ITA,Europe,,false,2020-09-05 00:30:42,john.mullins109@commerce.example.com
,PAY-202009-00000005469,ORD-202009-0000002460,CUST-0000152162,2020-09-18 07:41:47,Debit Card,Success,2262.92,EUR,NLD,Europe,,false,2020-09-18 07:41:47,jennifer.hudson020@analytics.example.com
,PAY-202009-00000005470,ORD-202009-0000004370,CUST-0000143991,2020-09-20 04:40:46,Credit Card,Success,3044.32,GBP,GBR,Europe,,false,2020-09-20 04:40:46,susan.rice083@commerce.example.com
,PAY-202009-00000005471,ORD-202009-0000001128,CUST-0000136574,2020-09-11 09:38:01,Paytm,Success,1992.61,GBP,GBR,Europe,,false,2020-09-11 09:38:01,micheal.hall064@dataops.example.com
,PAY-202009-00000005472,ORD-202009-0000001417,CUST-0000153121,2020-09-15 03:16:13,Google Pay,Success,212.99,EUR,ESP,Europe,,false,2020-09-15 03:16:13,maria.ashley046@analytics.example.com
,PAY-202009-00000005473,ORD-202009-0000004525,CUST-0000139068,2020-09-15 00:10:44,Apple Pay,Success,621.24,INR,IND,Asia,,false,2020-09-15 00:10:44,victor.palmer071@platform.example.com
,PAY-202009-00000005474,ORD-202009-0000006128,CUST-0000147574,2020-09-20 02:05:14,Buy Now Pay Later,Success,1475.19,AUD,AUS,Oceania,,false,2020-09-20 02:05:14,kelsey.taylor010@platform.example.com
,PAY-202009-00000005475,ORD-202009-0000003525,CUST-0000148613,2020-09-26 16:47:25,Google Pay,Success,1182.24,EUR,ITA,Europe,,false,2020-09-26 16:47:25,andrea.cummings039@platform.example.com
,PAY-202009-00000005476,ORD-202009-0000005480,CUST-0000148007,2020-09-19 00:32:15,Paytm,Success,1247.02,EUR,ITA,Europe,,false,2020-09-19 00:32:15,lance.williams029@platform.example.com
,PAY-202009-00000005477,ORD-202009-0000004031,CUST-0000150259,2020-09-28 01:22:35,Bank Transfer,Success,3322.42,AUD,AUS,Oceania,,false,2020-09-28 01:22:35,patrick.gonzalez035@dataops.example.com
,PAY-202009-00000005478,ORD-202009-0000006461,CUST-0000143209,2020-09-01 20:30:19,Credit Card,Success,3429.46,CAD,CAN,North America,,false,2020-09-01 20:30:19,micheal.chen050@dataops.example.com
,PAY-202009-00000005479,ORD-202009-0000000396,CUST-0000144371,2020-09-22 03:10:57,Paytm,Success,116.8,SGD,SGP,Asia,,false,2020-09-22 03:10:57,micheal.hall064@dataops.example.com
,PAY-202009-00000005480,ORD-202009-0000001336,CUST-0000153277,2020-09-13 19:29:17,Debit Card,Success,833.49,EUR,DEU,Europe,,false,2020-09-13 19:29:17,michelle.bender024@analytics.example.com
,PAY-202009-00000005481,ORD-202009-0000000919,CUST-0000149009,2020-09-27 08:33:22,PayPal,Success,88.83,EUR,FRA,Europe,,false,2020-09-27 08:33:22,michael.johnson061@platform.example.com
,PAY-202009-00000005482,ORD-202009-0000005025,CUST-0000134810,2020-09-20 21:03:31,Apple Pay,Success,1546.48,INR,IND,Asia,,false,2020-09-20 21:03:31,ryan.steele043@commerce.example.com
,PAY-202009-00000005483,ORD-202009-0000003811,CUST-0000136741,2020-09-16 03:27:47,Phonepe,Success,2430.83,EUR,ESP,Europe,,false,2020-09-16 03:27:47,brandi.carter038@dataops.example.com
,PAY-202009-00000005484,ORD-202009-0000003724,CUST-0000141235,2020-09-03 14:39:10,PayPal,Success,1473.92,JPY,JPN,Asia,,false,2020-09-03 14:39:10,susan.rice083@commerce.example.com
,PAY-202009-00000005485,ORD-202009-0000002779,CUST-0000153665,2020-09-27 12:33:12,Gift Card,Success,3165.09,GBP,GBR,Europe,,false,2020-09-27 12:33:12,victor.palmer071@platform.example.com
,PAY-202009-00000005486,ORD-202009-0000000548,CUST-0000146827,2020-09-04 22:21:16,PayPal,Success,941.17,MXN,MEX,North America,,false,2020-09-04 22:21:16,kelsey.taylor010@platform.example.com
,PAY-202009-00000005487,ORD-202009-0000006531,CUST-0000144687,2020-09-22 11:34:54,Phonepe,Success,2817.62,BRL,BRA,South America,,false,2020-09-22 11:34:54,michelle.sims041@analytics.example.com
,PAY-202009-00000005488,ORD-202009-0000000754,CUST-0000142876,2020-09-28 00:34:54,Gift Card,Success,818.43,USD,USA,North America,,false,2020-09-28 00:34:54,andrea.cummings039@platform.example.com
,PAY-202009-00000005489,ORD-202009-0000000425,CUST-0000148839,2020-09-04 09:04:28,Debit Card,Success,1197.19,AED,ARE,Asia,,false,2020-09-04 09:04:28,micheal.hall064@dataops.example.com
,PAY-202009-00000005490,ORD-202009-0000001000,CUST-0000152011,2020-09-26 19:23:17,Buy Now Pay Later,Success,2822.65,EUR,DEU,Europe,,false,2020-09-26 19:23:17,stephen.clark001@analytics.example.com
,PAY-202009-00000005491,ORD-202009-0000005816,CUST-0000153191,2020-09-04 20:15:22,Paytm,Success,635.4,EUR,FRA,Europe,,false,2020-09-04 20:15:22,adam.gordon030@commerce.example.com
,PAY-202009-00000005492,ORD-202009-0000000530,CUST-0000153339,2020-09-11 10:19:34,Apple Pay,Success,587.9,INR,IND,Asia,,false,2020-09-11 10:19:34,patrick.gonzalez035@dataops.example.com
,PAY-202009-00000005493,ORD-202009-0000006399,CUST-0000140115,2020-09-27 05:57:32,Buy Now Pay Later,Success,2419.13,EUR,DEU,Europe,,false,2020-09-27 05:57:32,peter.martinez098@platform.example.com
,PAY-202009-00000005494,ORD-202009-0000006302,CUST-0000152347,2020-09-11 11:11:30,Debit Card,Success,1019.75,EUR,ESP,Europe,,false,2020-09-11 11:11:30,stephen.daniels076@commerce.example.com
,PAY-202009-00000005495,ORD-202009-0000000632,CUST-0000148676,2020-09-22 01:31:15,Credit Card,Success,1059.51,EUR,NLD,Europe,,false,2020-09-22 01:31:15,maria.ashley046@analytics.example.com
,PAY-202009-00000005496,ORD-202009-0000004912,CUST-0000148360,2020-09-02 19:27:13,Google Pay,Success,2654.95,GBP,GBR,Europe,,false,2020-09-02 19:27:13,peter.martinez098@platform.example.com
,PAY-202009-00000005497,ORD-202009-0000002161,CUST-0000141476,2020-09-15 09:11:28,Apple Pay,Success,1105.75,GBP,GBR,Europe,,false,2020-09-15 09:11:28,eric.horton058@analytics.example.com
,PAY-202009-00000005498,ORD-202009-0000005361,CUST-0000153311,2020-09-21 21:51:42,Apple Pay,Success,1294.09,BRL,BRA,South America,,false,2020-09-21 21:51:42,stephen.daniels076@commerce.example.com
,PAY-202009-00000005499,ORD-202009-0000005052,CUST-0000148334,2020-09-13 03:22:03,Google Pay,Success,709.93,EUR,NLD,Europe,,false,2020-09-13 03:22:03,andrea.cummings039@platform.example.com
,PAY-202009-00000005500,ORD-202009-0000002044,CUST-0000134477,2020-09-13 12:53:59,Buy Now Pay Later,Pending,424.57,MXN,MEX,North America,,false,2020-09-13 12:53:59,john.mullins109@commerce.example.com
,PAY-202009-00000005501,ORD-202009-0000002591,CUST-0000151406,2020-09-07 10:33:56,Paytm,Success,818.63,CAD,CAN,North America,,false,2020-09-07 10:33:56,jennifer.hudson020@analytics.example.com
,PAY-202009-00000005502,ORD-202009-0000006457,CUST-0000134888,2020-09-13 19:39:10,Google Pay,Success,632.57,GBP,GBR,Europe,,false,2020-09-13 19:39:10,patrick.gonzalez035@dataops.example.com
,PAY-202009-00000005503,ORD-202009-0000001280,CUST-0000136577,2020-09-23 18:41:59,Apple Pay,Failed,3029.96,INR,IND,Asia,Card declined,false,2020-09-23 18:41:59,michelle.sims041@analytics.example.com
,PAY-202009-00000005504,ORD-202009-0000006014,CUST-0000151902,2020-09-23 08:50:12,Google Pay,Success,1049.5,EUR,ESP,Europe,,false,2020-09-23 08:50:12,tina.williams074@commerce.example.com
,PAY-202009-00000005505,ORD-202009-0000003441,CUST-0000149832,2020-09-27 14:41:34,Credit Card,Success,3274.5,AUD,AUS,Oceania,,false,2020-09-27 14:41:34,timothy.cannon081@analytics.example.com
,PAY-202009-00000005506,ORD-202009-0000002076,CUST-0000147277,2020-09-11 07:20:46,Gift Card,Success,1702.3,USD,USA,North America,,false,2020-09-11 07:20:46,jennifer.bauer068@analytics.example.com
,PAY-202009-00000005507,ORD-202009-0000005287,CUST-0000137134,2020-09-20 07:44:02,Debit Card,Success,2619.94,BRL,BRA,South America,,false,2020-09-20 07:44:02,brandi.carter038@dataops.example.com
,PAY-202009-00000005508,ORD-202009-0000005235,CUST-0000144050,2020-09-26 12:12:17,Google Pay,Success,2145.35,AED,ARE,Asia,,false,2020-09-26 12:12:17,peter.martinez098@platform.example.com
,PAY-202009-00000005509,ORD-202009-0000005347,CUST-0000151920,2020-09-09 12:49:30,Debit Card,Success,1897.97,CAD,CAN,North America,,false,2020-09-09 12:49:30,maria.ashley046@analytics.example.com
,PAY-202009-00000005510,ORD-202009-0000004858,CUST-0000144741,2020-09-10 03:15:30,Apple Pay,Success,1755.99,JPY,JPN,Asia,,false,2020-09-10 03:15:30,megan.cunningham013@commerce.example.com
,PAY-202009-00000005511,ORD-202009-0000000637,CUST-0000141755,2020-09-11 16:49:58,Phonepe,Success,2068.31,INR,IND,Asia,,false,2020-09-11 16:49:58,michael.johnson061@platform.example.com
,PAY-202009-00000005512,ORD-202009-0000003627,CUST-0000146312,2020-09-01 18:36:04,Credit Card,Success,230.33,EUR,ESP,Europe,,false,2020-09-01 18:36:04,maria.ashley046@analytics.example.com
,PAY-202009-00000005513,ORD-202009-0000004510,CUST-0000150913,2020-09-19 23:18:53,Bank Transfer,Success,1168.49,EUR,ITA,Europe,,false,2020-09-19 23:18:53,stephen.clark001@analytics.example.com
,PAY-202009-00000005514,ORD-202009-0000005346,CUST-0000149974,2020-09-26 19:47:49,PayPal,Success,2616.85,CAD,CAN,North America,,false,2020-09-26 19:47:49,lance.williams029@platform.example.com
,PAY-202009-00000005515,ORD-202009-0000005352,CUST-0000143132,2020-09-04 05:55:01,Gift Card,Success,433.84,CAD,CAN,North America,,false,2020-09-04 05:55:01,maria.ashley046@analytics.example.com
,PAY-202009-00000005516,ORD-202009-0000002117,CUST-0000153264,2020-09-12 23:56:00,Paytm,Success,2367.39,MXN,MEX,North America,,false,2020-09-12 23:56:00,michelle.sims041@analytics.example.com
,PAY-202009-00000005517,ORD-202009-0000001040,CUST-0000147496,2020-09-04 10:20:31,Buy Now Pay Later,Success,241.84,MXN,MEX,North America,,false,2020-09-04 10:20:31,maria.ashley046@analytics.example.com
,PAY-202009-00000005518,ORD-202009-0000002478,CUST-0000135460,2020-09-13 13:35:16,Paytm,Success,3089.88,SGD,SGP,Asia,,false,2020-09-13 13:35:16,brandi.carter038@dataops.example.com
,PAY-202009-00000005519,ORD-202009-0000002261,CUST-0000139537,2020-09-26 01:03:06,Paytm,Refunded,2534.34,EUR,FRA,Europe,,true,2020-09-26 01:03:06,micheal.chen050@dataops.example.com
,PAY-202009-00000005520,ORD-202009-0000006269,CUST-0000148480,2020-09-28 19:25:11,Debit Card,Success,260.17,USD,USA,North America,,false,2020-09-28 19:25:11,eric.mullen052@dataops.example.com
,PAY-202009-00000005521,ORD-202009-0000001943,CUST-0000141204,2020-09-04 13:23:37,Apple Pay,Success,1171.38,BRL,BRA,South America,,false,2020-09-04 13:23:37,lance.williams029@platform.example.com
,PAY-202009-00000005522,ORD-202009-0000004227,CUST-0000143652,2020-09-15 08:31:14,Google Pay,Success,164.77,INR,IND,Asia,,false,2020-09-15 08:31:14,alyssa.richards002@commerce.example.com
,PAY-202009-00000005523,ORD-202009-0000000825,CUST-0000153625,2020-09-12 20:29:58,Bank Transfer,Pending,3308.04,JPY,JPN,Asia,,false,2020-09-12 20:29:58,timothy.cannon081@analytics.example.com
,PAY-202009-00000005524,ORD-202009-0000003059,CUST-0000141631,2020-09-08 02:36:21,Buy Now Pay Later,Success,3185.87,JPY,JPN,Asia,,false,2020-09-08 02:36:21,joseph.johnson049@dataops.example.com
,PAY-202009-00000005525,ORD-202009-0000000658,CUST-0000152129,2020-09-23 00:14:21,Buy Now Pay Later,Success,3266.62,EUR,ITA,Europe,,false,2020-09-23 00:14:21,micheal.hall064@dataops.example.com
,PAY-202009-00000005526,ORD-202009-0000005254,CUST-0000150352,2020-09-07 20:50:04,Apple Pay,Success,3225.82,BRL,BRA,South America,,false,2020-09-07 20:50:04,jeffery.miller012@commerce.example.com
,PAY-202009-00000005527,ORD-202009-0000003036,CUST-0000146339,2020-09-27 20:44:12,Bank Transfer,Success,1602.67,EUR,NLD,Europe,,false,2020-09-27 20:44:12,brandi.carter038@dataops.example.com
,PAY-202009-00000005528,ORD-202009-0000005110,CUST-0000135967,2020-09-16 09:45:03,Buy Now Pay Later,Success,1307.81,SGD,SGP,Asia,,false,2020-09-16 09:45:03,tina.williams074@commerce.example.com
,PAY-202009-00000005529,ORD-202009-0000006006,CUST-0000135989,2020-09-17 01:00:17,Phonepe,Success,3260.04,AED,ARE,Asia,,false,2020-09-17 01:00:17,ryan.steele043@commerce.example.com
,PAY-202009-00000005530,ORD-202009-0000003588,CUST-0000138369,2020-09-23 03:05:32,PayPal,Success,3317.5,GBP,GBR,Europe,,false,2020-09-23 03:05:32,megan.cunningham013@commerce.example.com
,PAY-202009-00000005531,ORD-202009-0000006180,CUST-0000149031,2020-09-13 22:23:08,Debit Card,Success,620.13,MXN,MEX,North America,,false,2020-09-13 22:23:08,timothy.cannon081@analytics.example.com
,PAY-202009-00000005532,ORD-202009-0000000156,CUST-0000134474,2020-09-10 22:07:30,Paytm,Success,3184.31,USD,USA,North America,,false,2020-09-10 22:07:30,ryan.steele043@commerce.example.com
,PAY-202009-00000005533,ORD-202009-0000005752,CUST-0000151406,2020-09-09 20:51:49,Paytm,Success,2875.07,USD,USA,North America,,false,2020-09-09 20:51:49,eric.horton058@analytics.example.com
,PAY-202009-00000005534,ORD-202009-0000004242,CUST-0000141944,2020-09-05 06:30:11,Gift Card,Success,647.95,MXN,MEX,North America,,false,2020-09-05 06:30:11,andrea.cummings039@platform.example.com
,PAY-202009-00000005535,ORD-202009-0000005999,CUST-0000140481,2020-09-25 10:43:45,Gift Card,Success,730.97,GBP,GBR,Europe,,false,2020-09-25 10:43:45,adam.gordon030@commerce.example.com
,PAY-202009-00000005536,ORD-202009-0000005836,CUST-0000143183,2020-09-20 22:23:17,Apple Pay,Success,488.59,GBP,GBR,Europe,,false,2020-09-20 22:23:17,john.mullins109@commerce.example.com
,PAY-202009-00000005537,ORD-202009-0000005877,CUST-0000153643,2020-09-07 11:15:57,Gift Card,Success,1838.79,EUR,ESP,Europe,,false,2020-09-07 11:15:57,susan.rice083@commerce.example.com
,PAY-202009-00000005538,ORD-202009-0000001903,CUST-0000139423,2020-09-04 14:22:56,Credit Card,Success,1452.38,JPY,JPN,Asia,,false,2020-09-04 14:22:56,peter.martinez098@platform.example.com
,PAY-202009-00000005539,ORD-202009-0000000850,CUST-0000136095,2020-09-22 12:50:00,Phonepe,Success,2846.32,EUR,ITA,Europe,,false,2020-09-22 12:50:00,alyssa.richards002@commerce.example.com
,PAY-202009-00000005540,ORD-202009-0000006026,CUST-0000153192,2020-09-14 20:54:40,Google Pay,Refunded,3237.86,EUR,DEU,Europe,,true,2020-09-14 20:54:40,jennifer.hudson020@analytics.example.com
,PAY-202009-00000005541,ORD-202009-0000004340,CUST-0000134470,2020-09-05 15:54:26,Buy Now Pay Later,Pending,1955.18,AUD,AUS,Oceania,,false,2020-09-05 15:54:26,kelsey.taylor010@platform.example.com
,PAY-202009-00000005542,ORD-202009-0000004270,CUST-0000153280,2020-09-30 21:36:55,Credit Card,Success,3039.37,EUR,ITA,Europe,,false,2020-09-30 21:36:55,andrea.cummings039@platform.example.com
,PAY-202009-00000005543,ORD-202009-0000000271,CUST-0000153999,2020-09-23 08:23:38,Phonepe,Success,502.19,CAD,CAN,North America,,false,2020-09-23 08:23:38,lance.williams029@platform.example.com
,PAY-202009-00000005544,ORD-202009-0000000006,CUST-0000141714,2020-09-02 10:29:55,Debit Card,Success,2126.52,INR,IND,Asia,,false,2020-09-02 10:29:55,stephen.daniels076@commerce.example.com
,PAY-202009-00000005545,ORD-202009-0000005345,CUST-0000151187,2020-09-29 08:46:20,Paytm,Pending,1682.31,SGD,SGP,Asia,,false,2020-09-29 08:46:20,susan.rice083@commerce.example.com
,PAY-202009-00000005546,ORD-202009-0000003329,CUST-0000151119,2020-09-02 10:16:22,Credit Card,Success,58.6,JPY,JPN,Asia,,false,2020-09-02 10:16:22,kelsey.taylor010@platform.example.com
,PAY-202009-00000005547,ORD-202009-0000004310,CUST-0000148380,2020-09-28 01:31:55,Gift Card,Success,231.34,EUR,DEU,Europe,,false,2020-09-28 01:31:55,kelsey.taylor010@platform.example.com
,PAY-202009-00000005548,ORD-202009-0000005859,CUST-0000149432,2020-09-26 01:30:23,Bank Transfer,Success,1771.92,EUR,NLD,Europe,,false,2020-09-26 01:30:23,eric.mullen052@dataops.example.com
,PAY-202009-00000005549,ORD-202009-0000000132,CUST-0000149897,2020-09-23 14:29:26,Phonepe,Pending,2760.68,EUR,DEU,Europe,,false,2020-09-23 14:29:26,timothy.cameron104@commerce.example.com
,PAY-202009-00000005550,ORD-202009-0000005246,CUST-0000154008,2020-09-08 18:30:23,Credit Card,Success,192.67,AED,ARE,Asia,,false,2020-09-08 18:30:23,timothy.cannon081@analytics.example.com
,PAY-202009-00000005551,ORD-202009-0000001920,CUST-0000151117,2020-09-14 17:08:08,Gift Card,Success,3452.24,SGD,SGP,Asia,,false,2020-09-14 17:08:08,stephen.clark001@analytics.example.com
,PAY-202009-00000005552,ORD-202009-0000001253,CUST-0000135903,2020-09-11 11:57:41,Paytm,Success,1568.63,EUR,FRA,Europe,,false,2020-09-11 11:57:41,megan.cunningham013@commerce.example.com
,PAY-202009-00000005553,ORD-202009-0000004418,CUST-0000134644,2020-09-07 17:03:18,Buy Now Pay Later,Success,1012.36,GBP,GBR,Europe,,false,2020-09-07 17:03:18,michael.berger060@platform.example.com
,PAY-202009-00000005554,ORD-202009-0000006307,CUST-0000145696,2020-09-20 04:34:32,Debit Card,Success,2282.16,INR,IND,Asia,,false,2020-09-20 04:34:32,tina.williams074@commerce.example.com
,PAY-202009-00000005555,ORD-202009-0000002670,CUST-0000153559,2020-09-11 03:31:39,Debit Card,Success,42.33,EUR,ITA,Europe,,false,2020-09-11 03:31:39,eric.mullen052@dataops.example.com
,PAY-202009-00000005556,ORD-202009-0000006380,CUST-0000146429,2020-09-18 20:49:33,Google Pay,Success,1706.46,BRL,BRA,South America,,false,2020-09-18 20:49:33,taylor.cunningham023@commerce.example.com
,PAY-202009-00000005557,ORD-202009-0000002210,CUST-0000150147,2020-09-05 20:02:56,Bank Transfer,Pending,2810.93,EUR,NLD,Europe,,false,2020-09-05 20:02:56,victor.palmer071@platform.example.com
,PAY-202009-00000005558,ORD-202009-0000002288,CUST-0000138840,2020-09-28 03:22:27,Apple Pay,Success,2159.13,INR,IND,Asia,,false,2020-09-28 03:22:27,eric.mullen052@dataops.example.com
,PAY-202009-00000005559,ORD-202009-0000000132,CUST-0000151327,2020-09-20 18:42:38,PayPal,Refunded,2702.03,SGD,SGP,Asia,,true,2020-09-20 18:42:38,alyssa.richards002@commerce.example.com
,PAY-202009-00000005560,ORD-202009-0000006164,CUST-0000142129,2020-09-26 22:19:10,Bank Transfer,Pending,2456.97,INR,IND,Asia,,false,2020-09-26 22:19:10,ashley.marks069@commerce.example.com
,PAY-202009-00000005561,ORD-202009-0000001564,CUST-0000153184,2020-09-27 07:11:25,Apple Pay,Success,2626.89,EUR,NLD,Europe,,false,2020-09-27 07:11:25,david.cabrera119@dataops.example.com
,PAY-202009-00000005562,ORD-202009-0000003803,CUST-0000138840,2020-09-18 12:43:43,Gift Card,Success,2734.52,EUR,FRA,Europe,,false,2020-09-18 12:43:43,lance.williams029@platform.example.com
,PAY-202009-00000005563,ORD-202009-0000000363,CUST-0000152400,2020-09-30 23:09:19,PayPal,Success,1629.46,BRL,BRA,South America,,false,2020-09-30 23:09:19,stephen.daniels076@commerce.example.com
,PAY-202009-00000005564,ORD-202009-0000000105,CUST-0000137493,2020-09-05 19:10:20,PayPal,Success,297.99,MXN,MEX,North America,,false,2020-09-05 19:10:20,joseph.johnson049@dataops.example.com
,PAY-202009-00000005565,ORD-202009-0000000026,CUST-0000147975,2020-09-28 06:59:48,Debit Card,Pending,3435.86,SGD,SGP,Asia,,false,2020-09-28 06:59:48,david.cabrera119@dataops.example.com
,PAY-202009-00000005566,ORD-202009-0000001393,CUST-0000137084,2020-09-10 19:10:15,Buy Now Pay Later,Success,2539.23,SGD,SGP,Asia,,false,2020-09-10 19:10:15,jennifer.hudson020@analytics.example.com
,PAY-202009-00000005567,ORD-202009-0000004416,CUST-0000144825,2020-09-13 22:12:49,Apple Pay,Success,1966.87,CAD,CAN,North America,,false,2020-09-13 22:12:49,lance.williams029@platform.example.com
,PAY-202009-00000005568,ORD-202009-0000001674,CUST-0000147033,2020-09-19 00:57:51,Phonepe,Success,162.51,GBP,GBR,Europe,,false,2020-09-19 00:57:51,brandi.carter038@dataops.example.com
,PAY-202009-00000005569,ORD-202009-0000003171,CUST-0000137522,2020-09-04 18:57:15,Apple Pay,Success,969.48,CAD,CAN,North America,,false,2020-09-04 18:57:15,jennifer.bauer068@analytics.example.com
,PAY-202009-00000005570,ORD-202009-0000005810,CUST-0000134793,2020-09-06 10:39:26,PayPal,Success,415.69,SGD,SGP,Asia,,false,2020-09-06 10:39:26,john.mullins109@commerce.example.com
,PAY-202009-00000005571,ORD-202009-0000005919,CUST-0000152021,2020-09-17 20:23:32,Google Pay,Success,1812.31,EUR,ITA,Europe,,false,2020-09-17 20:23:32,adam.gordon030@commerce.example.com
,PAY-202009-00000005572,ORD-202009-0000002129,CUST-0000152333,2020-09-15 09:02:12,PayPal,Success,501.56,AUD,AUS,Oceania,,false,2020-09-15 09:02:12,micheal.chen050@dataops.example.com
,PAY-202009-00000005573,ORD-202009-0000002061,CUST-0000152272,2020-09-26 05:47:58,Debit Card,Success,3172.95,JPY,JPN,Asia,,false,2020-09-26 05:47:58,jennifer.bauer068@analytics.example.com
,PAY-202009-00000005574,ORD-202009-0000006554,CUST-0000140371,2020-09-29 06:37:52,Debit Card,Success,277.57,EUR,ITA,Europe,,false,2020-09-29 06:37:52,lance.williams029@platform.example.com
,PAY-202009-00000005575,ORD-202009-0000001370,CUST-0000135346,2020-09-25 16:24:13,Google Pay,Success,1294.23,AED,ARE,Asia,,false,2020-09-25 16:24:13,john.mullins109@commerce.example.com
,PAY-202009-00000005576,ORD-202009-0000001536,CUST-0000147035,2020-09-16 08:17:40,Credit Card,Success,1131.74,EUR,ITA,Europe,,false,2020-09-16 08:17:40,john.mullins109@commerce.example.com
,PAY-202009-00000005577,ORD-202009-0000002320,CUST-0000140143,2020-09-12 04:15:55,Apple Pay,Success,360.86,EUR,ESP,Europe,,false,2020-09-12 04:15:55,victor.palmer071@platform.example.com
,PAY-202009-00000005578,ORD-202009-0000001548,CUST-0000138825,2020-09-26 06:49:53,Phonepe,Success,2685.26,EUR,NLD,Europe,,false,2020-09-26 06:49:53,michael.berger060@platform.example.com
,PAY-202009-00000005579,ORD-202009-0000000180,CUST-0000136619,2020-09-12 17:08:05,PayPal,Success,775.57,EUR,FRA,Europe,,false,2020-09-12 17:08:05,victor.palmer071@platform.example.com
,PAY-202009-00000005580,ORD-202009-0000003244,CUST-0000141504,2020-09-02 08:45:19,Debit Card,Success,2324.04,EUR,ESP,Europe,,false,2020-09-02 08:45:19,timothy.cannon081@analytics.example.com
,PAY-202009-00000005581,ORD-202009-0000002071,CUST-0000141238,2020-09-26 04:17:50,Bank Transfer,Success,330.15,INR,IND,Asia,,false,2020-09-26 04:17:50,kelsey.taylor010@platform.example.com
,PAY-202009-00000005582,ORD-202009-0000001578,CUST-0000154097,2020-09-09 17:04:28,Phonepe,Success,1483.85,SGD,SGP,Asia,,false,2020-09-09 17:04:28,megan.cunningham013@commerce.example.com
,PAY-202009-00000005583,ORD-202009-0000002974,CUST-0000146858,2020-09-16 07:26:08,Apple Pay,Success,956.68,EUR,ITA,Europe,,false,2020-09-16 07:26:08,taylor.cunningham023@commerce.example.com
,PAY-202009-00000005584,ORD-202009-0000005324,CUST-0000142479,2020-09-09 22:31:40,Credit Card,Success,2767.51,CAD,CAN,North America,,false,2020-09-09 22:31:40,micheal.chen050@dataops.example.com
,PAY-202009-00000005585,ORD-202009-0000004380,CUST-0000143729,2020-09-03 16:31:52,Gift Card,Success,537.29,JPY,JPN,Asia,,false,2020-09-03 16:31:52,brandon.yu006@analytics.example.com
,PAY-202009-00000005586,ORD-202009-0000000281,CUST-0000147271,2020-09-29 18:49:15,PayPal,Failed,1883.36,MXN,MEX,North America,Invalid CVV,false,2020-09-29 18:49:15,alyssa.richards002@commerce.example.com
,PAY-202009-00000005587,ORD-202009-0000004841,CUST-0000144486,2020-09-04 08:13:13,Debit Card,Success,644.75,EUR,NLD,Europe,,false,2020-09-04 08:13:13,joseph.johnson049@dataops.example.com
,PAY-202009-00000005588,ORD-202009-0000005678,CUST-0000148487,2020-09-05 15:08:38,Credit Card,Success,2435.81,BRL,BRA,South America,,false,2020-09-05 15:08:38,micheal.chen050@dataops.example.com
,PAY-202009-00000005589,ORD-202009-0000005367,CUST-0000147941,2020-09-26 13:58:24,Apple Pay,Success,854.36,AUD,AUS,Oceania,,false,2020-09-26 13:58:24,ryan.steele043@commerce.example.com
,PAY-202009-00000005590,ORD-202009-0000001122,CUST-0000139812,2020-09-07 10:37:12,Buy Now Pay Later,Success,711.6,EUR,ESP,Europe,,false,2020-09-07 10:37:12,stephen.clark001@analytics.example.com
,PAY-202009-00000005591,ORD-202009-0000000532,CUST-0000142592,2020-09-30 09:43:47,Debit Card,Success,1372.86,INR,IND,Asia,,false,2020-09-30 09:43:47,kelsey.taylor010@platform.example.com
,PAY-202009-00000005592,ORD-202009-0000003026,CUST-0000149196,2020-09-23 08:17:15,Buy Now Pay Later,Success,3156.43,JPY,JPN,Asia,,false,2020-09-23 08:17:15,kelsey.taylor010@platform.example.com
,PAY-202009-00000005593,ORD-202009-0000001715,CUST-0000136923,2020-09-21 14:15:22,Debit Card,Success,3125.17,CAD,CAN,North America,,false,2020-09-21 14:15:22,adam.gordon030@commerce.example.com
,PAY-202009-00000005594,ORD-202009-0000004097,CUST-0000136213,2020-09-05 03:07:31,Credit Card,Success,1408.45,EUR,ITA,Europe,,false,2020-09-05 03:07:31,micheal.chen050@dataops.example.com
,PAY-202009-00000005595,ORD-202009-0000004470,CUST-0000136355,2020-09-06 03:04:37,Apple Pay,Success,1935.66,JPY,JPN,Asia,,false,2020-09-06 03:04:37,timothy.cannon081@analytics.example.com
,PAY-202009-00000005596,ORD-202009-0000002980,CUST-0000150024,2020-09-01 18:30:56,Google Pay,Failed,2809.2,EUR,ESP,Europe,Invalid CVV,false,2020-09-01 18:30:56,eric.horton058@analytics.example.com
,PAY-202009-00000005597,ORD-202009-0000000022,CUST-0000135878,2020-09-07 00:32:58,Apple Pay,Success,1589.52,AED,ARE,Asia,,false,2020-09-07 00:32:58,patrick.gonzalez035@dataops.example.com
,PAY-202009-00000005598,ORD-202009-0000006579,CUST-0000146629,2020-09-10 06:19:03,Google Pay,Success,1867.81,CAD,CAN,North America,,false,2020-09-10 06:19:03,michael.johnson061@platform.example.com
,PAY-202009-00000005599,ORD-202009-0000004094,CUST-0000139536,2020-09-26 01:09:29,Debit Card,Success,1467.21,USD,USA,North America,,false,2020-09-26 01:09:29,timothy.cameron104@commerce.example.com
,PAY-202009-00000005600,ORD-202009-0000002377,CUST-0000153802,2020-09-04 18:56:53,Bank Transfer,Success,2706.92,EUR,NLD,Europe,,false,2020-09-04 18:56:53,maria.ashley046@analytics.example.com
,PAY-202009-00000005601,ORD-202009-0000000120,CUST-0000142881,2020-09-25 02:12:06,Paytm,Success,1527.03,EUR,NLD,Europe,,false,2020-09-25 02:12:06,victor.palmer071@platform.example.com
,PAY-202009-00000005602,ORD-202009-0000003061,CUST-0000145553,2020-09-26 10:50:29,Debit Card,Failed,3114.79,EUR,ESP,Europe,Insufficient funds,false,2020-09-26 10:50:29,timothy.cameron104@commerce.example.com
,PAY-202009-00000005603,ORD-202009-0000006101,CUST-0000143742,2020-09-18 05:01:21,Apple Pay,Success,738.58,EUR,DEU,Europe,,false,2020-09-18 05:01:21,james.proctor094@dataops.example.com
,PAY-202009-00000005604,ORD-202009-0000003501,CUST-0000150589,2020-09-03 17:54:21,Google Pay,Success,2932.23,EUR,ESP,Europe,,false,2020-09-03 17:54:21,kelsey.taylor010@platform.example.com
,PAY-202009-00000005605,ORD-202009-0000000113,CUST-0000140356,2020-09-02 16:41:29,Gift Card,Success,2251.27,AED,ARE,Asia,,false,2020-09-02 16:41:29,jeffery.miller012@commerce.example.com
,PAY-202009-00000005606,ORD-202009-0000004316,CUST-0000146170,2020-09-01 22:26:32,PayPal,Success,1525.34,EUR,ITA,Europe,,false,2020-09-01 22:26:32,timothy.cannon081@analytics.example.com
,PAY-202009-00000005607,ORD-202009-0000001722,CUST-0000134494,2020-09-09 21:39:25,Buy Now Pay Later,Failed,1929.46,MXN,MEX,North America,Fraud check failed,false,2020-09-09 21:39:25,david.cabrera119@dataops.example.com
,PAY-202009-00000005608,ORD-202009-0000000201,CUST-0000147610,2020-09-22 22:12:21,Phonepe,Success,181.01,SGD,SGP,Asia,,false,2020-09-22 22:12:21,timothy.cannon081@analytics.example.com
,PAY-202009-00000005609,ORD-202009-0000004928,CUST-0000141158,2020-09-20 03:36:47,Paytm,Success,1931.21,MXN,MEX,North America,,false,2020-09-20 03:36:47,stephen.daniels076@commerce.example.com
,PAY-202009-00000005610,ORD-202009-0000003888,CUST-0000135949,2020-09-26 18:34:06,Google Pay,Success,2652.13,BRL,BRA,South America,,false,2020-09-26 18:34:06,brandi.carter038@dataops.example.com
,PAY-202009-00000005611,ORD-202009-0000003182,CUST-0000144306,2020-09-15 07:58:27,Gift Card,Success,23.15,EUR,NLD,Europe,,false,2020-09-15 07:58:27,david.cabrera119@dataops.example.com
,PAY-202009-00000005612,ORD-202009-0000000623,CUST-0000148099,2020-09-12 00:31:00,Credit Card,Success,465.35,EUR,ESP,Europe,,false,2020-09-12 00:31:00,eric.horton058@analytics.example.com
,PAY-202009-00000005613,ORD-202009-0000002092,CUST-0000146006,2020-09-19 22:03:49,Buy Now Pay Later,Success,1043.18,EUR,NLD,Europe,,false,2020-09-19 22:03:49,micheal.chen050@dataops.example.com
,PAY-202009-00000005614,ORD-202009-0000002176,CUST-0000142424,2020-09-23 17:21:17,Paytm,Success,1387.27,MXN,MEX,North America,,false,2020-09-23 17:21:17,susan.rice083@commerce.example.com
,PAY-202009-00000005615,ORD-202009-0000001366,CUST-0000151621,2020-09-28 12:59:15,Apple Pay,Success,3040.56,EUR,ESP,Europe,,false,2020-09-28 12:59:15,peter.martinez098@platform.example.com
,PAY-202009-00000005616,ORD-202009-0000004030,CUST-0000135859,2020-09-26 02:16:43,Debit Card,Success,772.04,EUR,ESP,Europe,,false,2020-09-26 02:16:43,stephen.clark001@analytics.example.com
,PAY-202009-00000005617,ORD-202009-0000000373,CUST-0000142469,2020-09-11 01:50:53,PayPal,Success,2919.71,EUR,FRA,Europe,,false,2020-09-11 01:50:53,michael.johnson061@platform.example.com
,PAY-202009-00000005618,ORD-202009-0000003384,CUST-0000137699,2020-09-13 00:18:00,Phonepe,Success,2666.05,EUR,ESP,Europe,,false,2020-09-13 00:18:00,stephen.daniels076@commerce.example.com
,PAY-202009-00000005619,ORD-202009-0000004790,CUST-0000136801,2020-09-28 08:29:43,Buy Now Pay Later,Success,1698.19,AUD,AUS,Oceania,,false,2020-09-28 08:29:43,lance.williams029@platform.example.com
,PAY-202009-00000005620,ORD-202009-0000003845,CUST-0000135942,2020-09-02 23:36:21,Gift Card,Failed,1382.54,EUR,DEU,Europe,Invalid CVV,false,2020-09-02 23:36:21,lance.williams029@platform.example.com
,PAY-202009-00000005621,ORD-202009-0000001940,CUST-0000142329,2020-09-25 05:24:02,Google Pay,Success,1648.0,GBP,GBR,Europe,,false,2020-09-25 05:24:02,david.cabrera119@dataops.example.com
,PAY-202009-00000005622,ORD-202009-0000000136,CUST-0000150121,2020-09-06 22:53:10,Apple Pay,Success,1324.92,MXN,MEX,North America,,false,2020-09-06 22:53:10,ashley.marks069@commerce.example.com
,PAY-202009-00000005623,ORD-202009-0000001157,CUST-0000152582,2020-09-12 03:39:37,Paytm,Refunded,2939.95,BRL,BRA,South America,,true,2020-09-12 03:39:37,brandon.yu006@analytics.example.com
,PAY-202009-00000005624,ORD-202009-0000003249,CUST-0000145725,2020-09-01 13:39:54,Debit Card,Success,2004.28,GBP,GBR,Europe,,false,2020-09-01 13:39:54,taylor.cunningham023@commerce.example.com
,PAY-202009-00000005625,ORD-202009-0000001634,CUST-0000153012,2020-09-25 17:55:53,Phonepe,Success,950.83,GBP,GBR,Europe,,false,2020-09-25 17:55:53,michelle.bender024@analytics.example.com
,PAY-202009-00000005626,ORD-202009-0000006192,CUST-0000135556,2020-09-02 18:54:26,Phonepe,Success,1264.76,JPY,JPN,Asia,,false,2020-09-02 18:54:26,patrick.gonzalez035@dataops.example.com
,PAY-202009-00000005627,ORD-202009-0000001590,CUST-0000136532,2020-09-02 22:14:29,Gift Card,Success,2986.66,INR,IND,Asia,,false,2020-09-02 22:14:29,taylor.cunningham023@commerce.example.com
,PAY-202009-00000005628,ORD-202009-0000005886,CUST-0000151934,2020-09-12 00:03:21,Paytm,Success,1204.66,INR,IND,Asia,,false,2020-09-12 00:03:21,megan.cunningham013@commerce.example.com
,PAY-202009-00000005629,ORD-202009-0000004655,CUST-0000147643,2020-09-17 15:45:53,Google Pay,Success,1944.33,EUR,FRA,Europe,,false,2020-09-17 15:45:53,jeffery.miller012@commerce.example.com
,PAY-202009-00000005630,ORD-202009-0000003329,CUST-0000138359,2020-09-04 08:47:17,Google Pay,Success,594.59,EUR,ITA,Europe,,false,2020-09-04 08:47:17,stephen.clark001@analytics.example.com
,PAY-202009-00000005631,ORD-202009-0000006372,CUST-0000142234,2020-09-01 15:47:18,Phonepe,Success,2207.22,BRL,BRA,South America,,false,2020-09-01 15:47:18,lance.williams029@platform.example.com
,PAY-202009-00000005632,ORD-202009-0000000680,CUST-0000142504,2020-09-04 07:02:15,Paytm,Success,3059.26,SGD,SGP,Asia,,false,2020-09-04 07:02:15,james.proctor094@dataops.example.com
,PAY-202009-00000005633,ORD-202009-0000004094,CUST-0000153408,2020-09-27 17:15:00,Debit Card,Success,3106.05,MXN,MEX,North America,,false,2020-09-27 17:15:00,brandon.yu006@analytics.example.com
,PAY-202009-00000005634,ORD-202009-0000002855,CUST-0000140342,2020-09-10 06:21:16,Buy Now Pay Later,Success,3231.98,EUR,ITA,Europe,,false,2020-09-10 06:21:16,michelle.sims041@analytics.example.com
,PAY-202009-00000005635,ORD-202009-0000000307,CUST-0000143149,2020-09-01 16:22:47,Bank Transfer,Success,911.2,EUR,ITA,Europe,,false,2020-09-01 16:22:47,michelle.sims041@analytics.example.com
,PAY-202009-00000005636,ORD-202009-0000003661,CUST-0000138536,2020-09-03 10:00:13,Credit Card,Success,2558.18,AUD,AUS,Oceania,,false,2020-09-03 10:00:13,taylor.cunningham023@commerce.example.com
,PAY-202009-00000005637,ORD-202009-0000006252,CUST-0000141106,2020-09-19 10:51:19,Bank Transfer,Pending,887.27,SGD,SGP,Asia,,false,2020-09-19 10:51:19,joseph.johnson049@dataops.example.com
,PAY-202009-00000005638,ORD-202009-0000001819,CUST-0000136067,2020-09-11 11:25:06,PayPal,Success,472.32,SGD,SGP,Asia,,false,2020-09-11 11:25:06,micheal.hall064@dataops.example.com
,PAY-202009-00000005639,ORD-202009-0000000518,CUST-0000137295,2020-09-04 14:20:42,Apple Pay,Success,2310.39,BRL,BRA,South America,,false,2020-09-04 14:20:42,david.cabrera119@dataops.example.com
,PAY-202009-00000005640,ORD-202009-0000000324,CUST-0000150558,2020-09-05 12:39:58,Buy Now Pay Later,Success,3490.13,CAD,CAN,North America,,false,2020-09-05 12:39:58,ashley.marks069@commerce.example.com
,PAY-202009-00000005641,ORD-202009-0000002265,CUST-0000148187,2020-09-15 07:32:55,Apple Pay,Success,2770.0,JPY,JPN,Asia,,false,2020-09-15 07:32:55,jennifer.bauer068@analytics.example.com
,PAY-202009-00000005642,ORD-202009-0000004461,CUST-0000152074,2020-09-19 07:46:43,Google Pay,Success,625.97,BRL,BRA,South America,,false,2020-09-19 07:46:43,jennifer.bauer068@analytics.example.com
,PAY-202009-00000005643,ORD-202009-0000001403,CUST-0000140089,2020-09-18 00:05:25,Credit Card,Success,1252.91,BRL,BRA,South America,,false,2020-09-18 00:05:25,timothy.cannon081@analytics.example.com
,PAY-202009-00000005644,ORD-202009-0000001317,CUST-0000150876,2020-09-10 20:49:28,Buy Now Pay Later,Success,2122.81,GBP,GBR,Europe,,false,2020-09-10 20:49:28,lance.williams029@platform.example.com
,PAY-202009-00000005645,ORD-202009-0000001316,CUST-0000150105,2020-09-27 14:30:29,PayPal,Success,68.94,USD,USA,North America,,false,2020-09-27 14:30:29,timothy.cameron104@commerce.example.com
,PAY-202009-00000005646,ORD-202009-0000000309,CUST-0000138310,2020-09-29 01:35:55,Google Pay,Success,3129.82,JPY,JPN,Asia,,false,2020-09-29 01:35:55,adam.gordon030@commerce.example.com
,PAY-202009-00000005647,ORD-202009-0000005132,CUST-0000144925,2020-09-11 20:03:50,Phonepe,Success,2374.46,INR,IND,Asia,,false,2020-09-11 20:03:50,micheal.chen050@dataops.example.com
,PAY-202009-00000005648,ORD-202009-0000001742,CUST-0000138732,2020-09-22 14:52:00,Apple Pay,Success,575.3,EUR,FRA,Europe,,false,2020-09-22 14:52:00,timothy.cannon081@analytics.example.com
,PAY-202009-00000005649,ORD-202009-0000006017,CUST-0000141990,2020-09-01 06:45:34,Gift Card,Success,2915.04,SGD,SGP,Asia,,false,2020-09-01 06:45:34,peter.martinez098@platform.example.com
,PAY-202009-00000005650,ORD-202009-0000005964,CUST-0000136798,2020-09-07 11:43:06,Bank Transfer,Success,3369.52,EUR,FRA,Europe,,false,2020-09-07 11:43:06,maria.ashley046@analytics.example.com
,PAY-202009-00000005651,ORD-202009-0000003141,CUST-0000134465,2020-09-20 02:03:35,Buy Now Pay Later,Success,3171.46,EUR,DEU,Europe,,false,2020-09-20 02:03:35,james.proctor094@dataops.example.com
,PAY-202009-00000005652,ORD-202009-0000005808,CUST-0000146866,2020-09-29 12:39:35,Paytm,Refunded,3048.46,SGD,SGP,Asia,,true,2020-09-29 12:39:35,micheal.chen050@dataops.example.com
,PAY-202009-00000005653,ORD-202009-0000003782,CUST-0000145417,2020-09-03 18:59:21,Buy Now Pay Later,Success,1355.86,MXN,MEX,North America,,false,2020-09-03 18:59:21,john.mullins109@commerce.example.com
,PAY-202009-00000005654,ORD-202009-0000006015,CUST-0000145752,2020-09-17 05:46:08,Apple Pay,Success,1291.85,JPY,JPN,Asia,,false,2020-09-17 05:46:08,tina.williams074@commerce.example.com
,PAY-202009-00000005655,ORD-202009-0000000395,CUST-0000149213,2020-09-09 22:51:51,Paytm,Success,240.71,EUR,FRA,Europe,,false,2020-09-09 22:51:51,jennifer.bauer068@analytics.example.com
,PAY-202009-00000005656,ORD-202009-0000003742,CUST-0000153650,2020-09-05 14:38:55,Bank Transfer,Success,365.9,EUR,DEU,Europe,,false,2020-09-05 14:38:55,stephen.daniels076@commerce.example.com
,PAY-202009-00000005657,ORD-202009-0000004174,CUST-0000140967,2020-09-08 00:12:59,Paytm,Success,2145.97,GBP,GBR,Europe,,false,2020-09-08 00:12:59,brandi.carter038@dataops.example.com
,PAY-202009-00000005658,ORD-202009-0000002972,CUST-0000141894,2020-09-24 05:46:11,Gift Card,Success,2008.06,EUR,ESP,Europe,,false,2020-09-24 05:46:11,kelsey.taylor010@platform.example.com
,PAY-202009-00000005659,ORD-202009-0000006278,CUST-0000137117,2020-09-09 10:13:29,Google Pay,Success,640.06,EUR,DEU,Europe,,false,2020-09-09 10:13:29,jennifer.bauer068@analytics.example.com
,PAY-202009-00000005660,ORD-202009-0000002712,CUST-0000147854,2020-09-19 17:57:51,PayPal,Success,172.59,BRL,BRA,South America,,false,2020-09-19 17:57:51,jeffery.miller012@commerce.example.com
,PAY-202009-00000005661,ORD-202009-0000002190,CUST-0000134724,2020-09-10 00:53:51,Phonepe,Success,3382.02,EUR,ESP,Europe,,false,2020-09-10 00:53:51,michael.berger060@platform.example.com
,PAY-202009-00000005662,ORD-202009-0000005497,CUST-0000148173,2020-09-22 06:23:33,Bank Transfer,Success,3350.08,USD,USA,North America,,false,2020-09-22 06:23:33,micheal.hall064@dataops.example.com
,PAY-202009-00000005663,ORD-202009-0000004197,CUST-0000140998,2020-09-20 03:56:26,Apple Pay,Success,126.53,EUR,ESP,Europe,,false,2020-09-20 03:56:26,ryan.steele043@commerce.example.com
,PAY-202009-00000005664,ORD-202009-0000005367,CUST-0000135785,2020-09-15 11:00:02,Phonepe,Success,3028.09,SGD,SGP,Asia,,false,2020-09-15 11:00:02,lance.williams029@platform.example.com
,PAY-202009-00000005665,ORD-202009-0000004231,CUST-0000136408,2020-09-17 21:37:20,Phonepe,Success,3429.06,EUR,DEU,Europe,,false,2020-09-17 21:37:20,ryan.steele043@commerce.example.com
,PAY-202009-00000005666,ORD-202009-0000002191,CUST-0000152359,2020-09-08 02:00:44,Paytm,Success,2604.5,JPY,JPN,Asia,,false,2020-09-08 02:00:44,patrick.gonzalez035@dataops.example.com
,PAY-202009-00000005667,ORD-202009-0000003409,CUST-0000150460,2020-09-09 20:03:18,Google Pay,Success,1515.49,SGD,SGP,Asia,,false,2020-09-09 20:03:18,adam.gordon030@commerce.example.com
,PAY-202009-00000005668,ORD-202009-0000003736,CUST-0000143930,2020-09-04 01:18:03,Phonepe,Success,149.82,GBP,GBR,Europe,,false,2020-09-04 01:18:03,jeffery.miller012@commerce.example.com
,PAY-202009-00000005669,ORD-202009-0000003749,CUST-0000152701,2020-09-05 13:23:03,Paytm,Success,1881.69,INR,IND,Asia,,false,2020-09-05 13:23:03,michelle.bender024@analytics.example.com
,PAY-202009-00000005670,ORD-202009-0000003687,CUST-0000144106,2020-09-30 01:46:47,Buy Now Pay Later,Success,1426.88,SGD,SGP,Asia,,false,2020-09-30 01:46:47,timothy.cannon081@analytics.example.com
,PAY-202009-00000005671,ORD-202009-0000002515,CUST-0000137962,2020-09-15 12:51:23,Apple Pay,Success,1011.35,USD,USA,North America,,false,2020-09-15 12:51:23,tina.williams074@commerce.example.com
,PAY-202009-00000005672,ORD-202009-0000002439,CUST-0000148243,2020-09-12 12:13:27,Buy Now Pay Later,Failed,2947.6,BRL,BRA,South America,Network timeout,false,2020-09-12 12:13:27,brandon.yu006@analytics.example.com
,PAY-202009-00000005673,ORD-202009-0000005967,CUST-0000145379,2020-09-30 10:36:05,Apple Pay,Success,1567.22,JPY,JPN,Asia,,false,2020-09-30 10:36:05,jennifer.bauer068@analytics.example.com
,PAY-202009-00000005674,ORD-202009-0000004814,CUST-0000153167,2020-09-03 10:12:07,Paytm,Success,2897.55,INR,IND,Asia,,false,2020-09-03 10:12:07,patrick.gonzalez035@dataops.example.com
,PAY-202009-00000005675,ORD-202009-0000005356,CUST-0000134731,2020-09-21 01:16:06,Credit Card,Success,1791.17,JPY,JPN,Asia,,false,2020-09-21 01:16:06,michael.johnson061@platform.example.com
,PAY-202009-00000005676,ORD-202009-0000001207,CUST-0000141523,2020-09-23 07:10:09,Credit Card,Success,254.57,SGD,SGP,Asia,,false,2020-09-23 07:10:09,brandi.carter038@dataops.example.com
,PAY-202009-00000005677,ORD-202009-0000004139,CUST-0000137248,2020-09-20 17:55:43,Buy Now Pay Later,Success,2621.31,INR,IND,Asia,,false,2020-09-20 17:55:43,lance.williams029@platform.example.com
,PAY-202009-00000005678,ORD-202009-0000003608,CUST-0000148080,2020-09-11 19:45:04,Apple Pay,Success,3193.26,EUR,NLD,Europe,,false,2020-09-11 19:45:04,eric.horton058@analytics.example.com
,PAY-202009-00000005679,ORD-202009-0000005190,CUST-0000148896,2020-09-15 06:28:11,Credit Card,Success,1764.49,AED,ARE,Asia,,false,2020-09-15 06:28:11,taylor.cunningham023@commerce.example.com
,PAY-202009-00000005680,ORD-202009-0000002108,CUST-0000151962,2020-09-27 03:11:19,PayPal,Success,2646.86,EUR,ITA,Europe,,false,2020-09-27 03:11:19,kelsey.taylor010@platform.example.com
,PAY-202009-00000005681,ORD-202009-0000000977,CUST-0000135858,2020-09-07 19:22:01,Bank Transfer,Success,105.01,EUR,DEU,Europe,,false,2020-09-07 19:22:01,ryan.steele043@commerce.example.com
,PAY-202009-00000005682,ORD-202009-0000005219,CUST-0000148044,2020-09-21 11:42:49,Phonepe,Success,724.28,CAD,CAN,North America,,false,2020-09-21 11:42:49,michael.johnson061@platform.example.com
,PAY-202009-00000005683,ORD-202009-0000002764,CUST-0000136836,2020-09-25 17:10:10,Apple Pay,Success,3140.21,EUR,DEU,Europe,,false,2020-09-25 17:10:10,joseph.johnson049@dataops.example.com
,PAY-202009-00000005684,ORD-202009-0000006244,CUST-0000137269,2020-09-27 04:12:58,Gift Card,Success,817.56,JPY,JPN,Asia,,false,2020-09-27 04:12:58,tina.williams074@commerce.example.com
,PAY-202009-00000005685,ORD-202009-0000006431,CUST-0000134509,2020-09-02 16:27:14,Paytm,Success,111.52,EUR,FRA,Europe,,false,2020-09-02 16:27:14,stephen.clark001@analytics.example.com
,PAY-202009-00000005686,ORD-202009-0000001414,CUST-0000152391,2020-09-14 08:28:10,Google Pay,Success,1714.54,EUR,ESP,Europe,,false,2020-09-14 08:28:10,ashley.marks069@commerce.example.com
,PAY-202009-00000005687,ORD-202009-0000002908,CUST-0000147628,2020-09-24 13:20:20,Phonepe,Success,1416.81,JPY,JPN,Asia,,false,2020-09-24 13:20:20,andrea.cummings039@platform.example.com
,PAY-202009-00000005688,ORD-202009-0000000929,CUST-0000135952,2020-09-07 11:32:32,PayPal,Pending,392.5,USD,USA,North America,,false,2020-09-07 11:32:32,joseph.johnson049@dataops.example.com
,PAY-202009-00000005689,ORD-202009-0000002310,CUST-0000152689,2020-09-06 14:36:33,Buy Now Pay Later,Success,32.32,EUR,FRA,Europe,,false,2020-09-06 14:36:33,micheal.hall064@dataops.example.com
,PAY-202009-00000005690,ORD-202009-0000004372,CUST-0000151534,2020-09-30 02:42:28,Google Pay,Success,3004.77,CAD,CAN,North America,,false,2020-09-30 02:42:28,james.proctor094@dataops.example.com
,PAY-202009-00000005691,ORD-202009-0000001760,CUST-0000141924,2020-09-03 06:56:42,Paytm,Success,1263.28,CAD,CAN,North America,,false,2020-09-03 06:56:42,david.cabrera119@dataops.example.com
,PAY-202009-00000005692,ORD-202009-0000001435,CUST-0000145787,2020-09-30 11:44:04,Buy Now Pay Later,Success,685.08,JPY,JPN,Asia,,false,2020-09-30 11:44:04,brandon.yu006@analytics.example.com
,PAY-202009-00000005693,ORD-202009-0000006044,CUST-0000147281,2020-09-22 12:07:19,Phonepe,Success,502.41,JPY,JPN,Asia,,false,2020-09-22 12:07:19,brandi.carter038@dataops.example.com
,PAY-202009-00000005694,ORD-202009-0000002264,CUST-0000149945,2020-09-27 04:03:13,Bank Transfer,Success,2657.05,AED,ARE,Asia,,false,2020-09-27 04:03:13,peter.martinez098@platform.example.com
,PAY-202009-00000005695,ORD-202009-0000000475,CUST-0000135092,2020-09-29 03:23:32,Debit Card,Success,2709.13,USD,USA,North America,,false,2020-09-29 03:23:32,taylor.cunningham023@commerce.example.com
,PAY-202009-00000005696,ORD-202009-0000003337,CUST-0000153879,2020-09-07 20:36:29,Google Pay,Success,3364.83,AED,ARE,Asia,,false,2020-09-07 20:36:29,eric.mullen052@dataops.example.com
,PAY-202009-00000005697,ORD-202009-0000003805,CUST-0000146641,2020-09-30 19:46:50,Paytm,Success,472.56,JPY,JPN,Asia,,false,2020-09-30 19:46:50,taylor.cunningham023@commerce.example.com
,PAY-202009-00000005698,ORD-202009-0000006422,CUST-0000144459,2020-09-23 03:04:46,Gift Card,Success,2297.6,SGD,SGP,Asia,,false,2020-09-23 03:04:46,david.cabrera119@dataops.example.com
,PAY-202009-00000005699,ORD-202009-0000006205,CUST-0000142560,2020-09-05 23:40:41,Debit Card,Success,2945.67,AED,ARE,Asia,,false,2020-09-05 23:40:41,jeffery.miller012@commerce.example.com
,PAY-202009-00000005700,ORD-202009-0000006005,CUST-0000153400,2020-09-15 12:12:56,Credit Card,Success,3455.78,AUD,AUS,Oceania,,false,2020-09-15 12:12:56,stephen.clark001@analytics.example.com
,PAY-202009-00000005701,ORD-202009-0000002906,CUST-0000134809,2020-09-07 17:03:01,Bank Transfer,Success,1640.7,GBP,GBR,Europe,,false,2020-09-07 17:03:01,micheal.chen050@dataops.example.com
,PAY-202009-00000005702,ORD-202009-0000001448,CUST-0000150711,2020-09-02 05:18:41,Phonepe,Success,2364.55,BRL,BRA,South America,,false,2020-09-02 05:18:41,brandi.carter038@dataops.example.com
,PAY-202009-00000005703,ORD-202009-0000004349,CUST-0000139170,2020-09-24 21:56:06,Paytm,Success,488.61,MXN,MEX,North America,,false,2020-09-24 21:56:06,lance.williams029@platform.example.com
,PAY-202009-00000005704,ORD-202009-0000002530,CUST-0000143319,2020-09-07 21:26:57,Credit Card,Success,2586.96,SGD,SGP,Asia,,false,2020-09-07 21:26:57,micheal.chen050@dataops.example.com
,PAY-202009-00000005705,ORD-202009-0000001177,CUST-0000135225,2020-09-24 12:38:31,Buy Now Pay Later,Success,2096.94,BRL,BRA,South America,,false,2020-09-24 12:38:31,stephen.daniels076@commerce.example.com
,PAY-202009-00000005706,ORD-202009-0000000329,CUST-0000135850,2020-09-30 18:43:59,Paytm,Success,1605.23,BRL,BRA,South America,,false,2020-09-30 18:43:59,eric.mullen052@dataops.example.com
,PAY-202009-00000005707,ORD-202009-0000002583,CUST-0000138557,2020-09-19 03:00:14,Apple Pay,Success,1098.18,CAD,CAN,North America,,false,2020-09-19 03:00:14,michelle.sims041@analytics.example.com
,PAY-202009-00000005708,ORD-202009-0000000395,CUST-0000146673,2020-09-23 00:55:16,Buy Now Pay Later,Success,2581.96,EUR,ITA,Europe,,false,2020-09-23 00:55:16,michael.johnson061@platform.example.com
,PAY-202009-00000005709,ORD-202009-0000000831,CUST-0000141265,2020-09-30 04:13:54,PayPal,Success,1961.63,MXN,MEX,North America,,false,2020-09-30 04:13:54,brandon.yu006@analytics.example.com
,PAY-202009-00000005710,ORD-202009-0000006240,CUST-0000143419,2020-09-12 09:34:36,Bank Transfer,Success,1692.2,BRL,BRA,South America,,false,2020-09-12 09:34:36,david.cabrera119@dataops.example.com
,PAY-202009-00000005711,ORD-202009-0000001378,CUST-0000149903,2020-09-15 14:46:55,PayPal,Success,2636.07,EUR,DEU,Europe,,false,2020-09-15 14:46:55,lance.williams029@platform.example.com
,PAY-202009-00000005712,ORD-202009-0000000033,CUST-0000145521,2020-09-02 22:45:29,Apple Pay,Success,3108.66,EUR,FRA,Europe,,false,2020-09-02 22:45:29,stephen.clark001@analytics.example.com
,PAY-202009-00000005713,ORD-202009-0000002064,CUST-0000140654,2020-09-28 19:57:51,Credit Card,Success,343.89,EUR,DEU,Europe,,false,2020-09-28 19:57:51,eric.mullen052@dataops.example.com
,PAY-202009-00000005714,ORD-202009-0000005898,CUST-0000137137,2020-09-11 11:10:27,Phonepe,Success,564.9,AED,ARE,Asia,,false,2020-09-11 11:10:27,eric.horton058@analytics.example.com
,PAY-202009-00000005715,ORD-202009-0000006489,CUST-0000142680,2020-09-18 13:29:59,Apple Pay,Success,403.9,JPY,JPN,Asia,,false,2020-09-18 13:29:59,ryan.steele043@commerce.example.com
,PAY-202009-00000005716,ORD-202009-0000005346,CUST-0000136966,2020-09-18 04:34:22,Apple Pay,Success,466.97,AED,ARE,Asia,,false,2020-09-18 04:34:22,eric.horton058@analytics.example.com
,PAY-202009-00000005717,ORD-202009-0000005093,CUST-0000145449,2020-09-03 22:45:01,Google Pay,Success,1477.19,USD,USA,North America,,false,2020-09-03 22:45:01,brandon.yu006@analytics.example.com
,PAY-202009-00000005718,ORD-202009-0000001457,CUST-0000147546,2020-09-07 02:41:35,Phonepe,Success,931.2,SGD,SGP,Asia,,false,2020-09-07 02:41:35,joseph.johnson049@dataops.example.com
,PAY-202009-00000005719,ORD-202009-0000001205,CUST-0000147559,2020-09-17 16:26:01,Apple Pay,Success,3422.06,EUR,DEU,Europe,,false,2020-09-17 16:26:01,brandi.carter038@dataops.example.com
,PAY-202009-00000005720,ORD-202009-0000005537,CUST-0000136093,2020-09-21 08:47:46,Bank Transfer,Pending,2066.46,JPY,JPN,Asia,,false,2020-09-21 08:47:46,taylor.cunningham023@commerce.example.com
,PAY-202009-00000005721,ORD-202009-0000005914,CUST-0000150938,2020-09-10 22:33:58,Paytm,Success,1853.62,USD,USA,North America,,false,2020-09-10 22:33:58,david.cabrera119@dataops.example.com
,PAY-202009-00000005722,ORD-202009-0000001591,CUST-0000151746,2020-09-14 08:55:35,Gift Card,Success,1805.53,INR,IND,Asia,,false,2020-09-14 08:55:35,michelle.bender024@analytics.example.com
,PAY-202009-00000005723,ORD-202009-0000001007,CUST-0000142701,2020-09-27 14:05:49,Credit Card,Success,1303.5,CAD,CAN,North America,,false,2020-09-27 14:05:49,stephen.clark001@analytics.example.com
,PAY-202009-00000005724,ORD-202009-0000003312,CUST-0000144880,2020-09-22 12:14:19,Bank Transfer,Success,2510.49,EUR,DEU,Europe,,false,2020-09-22 12:14:19,eric.mullen052@dataops.example.com
,PAY-202009-00000005725,ORD-202009-0000004356,CUST-0000142068,2020-09-17 02:52:25,Phonepe,Success,1313.29,EUR,DEU,Europe,,false,2020-09-17 02:52:25,alyssa.richards002@commerce.example.com
,PAY-202009-00000005726,ORD-202009-0000003273,CUST-0000142360,2020-09-08 05:20:27,PayPal,Success,202.25,CAD,CAN,North America,,false,2020-09-08 05:20:27,peter.martinez098@platform.example.com
,PAY-202009-00000005727,ORD-202009-0000006265,CUST-0000151313,2020-09-22 03:46:02,Debit Card,Success,3010.3,BRL,BRA,South America,,false,2020-09-22 03:46:02,ashley.marks069@commerce.example.com
,PAY-202009-00000005728,ORD-202009-0000000480,CUST-0000148061,2020-09-29 21:00:09,PayPal,Success,2501.49,MXN,MEX,North America,,false,2020-09-29 21:00:09,eric.horton058@analytics.example.com
,PAY-202009-00000005729,ORD-202009-0000005655,CUST-0000137414,2020-09-14 03:22:33,Gift Card,Success,1464.27,EUR,ITA,Europe,,false,2020-09-14 03:22:33,james.proctor094@dataops.example.com
,PAY-202009-00000005730,ORD-202009-0000000131,CUST-0000140489,2020-09-06 19:26:53,Gift Card,Failed,2396.25,EUR,ESP,Europe,Fraud check failed,false,2020-09-06 19:26:53,kelsey.taylor010@platform.example.com
,PAY-202009-00000005731,ORD-202009-0000001571,CUST-0000140631,2020-09-03 16:10:18,Buy Now Pay Later,Success,1695.06,AUD,AUS,Oceania,,false,2020-09-03 16:10:18,taylor.cunningham023@commerce.example.com
,PAY-202009-00000005732,ORD-202009-0000002827,CUST-0000152103,2020-09-14 07:47:30,Paytm,Success,2248.27,EUR,DEU,Europe,,false,2020-09-14 07:47:30,ryan.steele043@commerce.example.com
,PAY-202009-00000005733,ORD-202009-0000004501,CUST-0000135769,2020-09-10 03:48:48,Apple Pay,Success,1945.48,AUD,AUS,Oceania,,false,2020-09-10 03:48:48,ryan.steele043@commerce.example.com
,PAY-202009-00000005734,ORD-202009-0000002207,CUST-0000139911,2020-09-29 06:49:40,Credit Card,Success,1526.04,EUR,NLD,Europe,,false,2020-09-29 06:49:40,david.cabrera119@dataops.example.com
,PAY-202009-00000005735,ORD-202009-0000004362,CUST-0000146112,2020-09-04 15:44:05,Apple Pay,Success,24.57,USD,USA,North America,,false,2020-09-04 15:44:05,jeffery.miller012@commerce.example.com
,PAY-202009-00000005736,ORD-202009-0000005687,CUST-0000136016,2020-09-13 19:27:53,Bank Transfer,Success,1376.39,INR,IND,Asia,,false,2020-09-13 19:27:53,david.cabrera119@dataops.example.com
,PAY-202009-00000005737,ORD-202009-0000004272,CUST-0000141908,2020-09-25 08:09:22,Google Pay,Success,2724.95,AUD,AUS,Oceania,,false,2020-09-25 08:09:22,john.mullins109@commerce.example.com
,PAY-202009-00000005738,ORD-202009-0000001348,CUST-0000146389,2020-09-29 13:55:23,Google Pay,Success,3344.89,EUR,ITA,Europe,,false,2020-09-29 13:55:23,eric.horton058@analytics.example.com
,PAY-202009-00000005739,ORD-202009-0000001355,CUST-0000137629,2020-09-09 06:31:09,Apple Pay,Success,1577.9,EUR,ESP,Europe,,false,2020-09-09 06:31:09,david.cabrera119@dataops.example.com
,PAY-202009-00000005740,ORD-202009-0000002382,CUST-0000147303,2020-09-22 21:00:49,Bank Transfer,Success,2965.66,USD,USA,North America,,false,2020-09-22 21:00:49,andrea.cummings039@platform.example.com
,PAY-202009-00000005741,ORD-202009-0000006331,CUST-0000134928,2020-09-06 03:05:05,Bank Transfer,Success,3297.24,MXN,MEX,North America,,false,2020-09-06 03:05:05,susan.rice083@commerce.example.com
,PAY-202009-00000005742,ORD-202009-0000002151,CUST-0000153259,2020-09-25 05:33:41,Credit Card,Success,2115.21,AED,ARE,Asia,,false,2020-09-25 05:33:41,lance.williams029@platform.example.com
,PAY-202009-00000005743,ORD-202009-0000000274,CUST-0000141928,2020-09-03 16:07:37,Debit Card,Success,3419.13,AUD,AUS,Oceania,,false,2020-09-03 16:07:37,stephen.daniels076@commerce.example.com
,PAY-202009-00000005744,ORD-202009-0000004627,CUST-0000149965,2020-09-05 00:37:57,Google Pay,Success,1736.78,EUR,ESP,Europe,,false,2020-09-05 00:37:57,eric.mullen052@dataops.example.com
,PAY-202009-00000005745,ORD-202009-0000001300,CUST-0000148459,2020-09-18 08:18:58,Paytm,Success,3191.54,EUR,FRA,Europe,,false,2020-09-18 08:18:58,michelle.bender024@analytics.example.com
,PAY-202009-00000005746,ORD-202009-0000006237,CUST-0000143653,2020-09-18 18:49:49,Phonepe,Success,776.51,EUR,NLD,Europe,,false,2020-09-18 18:49:49,david.cabrera119@dataops.example.com
,PAY-202009-00000005747,ORD-202009-0000001892,CUST-0000138188,2020-09-22 08:08:18,PayPal,Success,1789.75,SGD,SGP,Asia,,false,2020-09-22 08:08:18,kelsey.taylor010@platform.example.com
,PAY-202009-00000005748,ORD-202009-0000001715,CUST-0000140360,2020-09-25 09:15:50,Bank Transfer,Success,1413.6,MXN,MEX,North America,,false,2020-09-25 09:15:50,brandi.carter038@dataops.example.com
,PAY-202009-00000005749,ORD-202009-0000000714,CUST-0000136190,2020-09-08 20:26:54,Debit Card,Success,3321.91,AED,ARE,Asia,,false,2020-09-08 20:26:54,micheal.hall064@dataops.example.com
,PAY-202009-00000005750,ORD-202009-0000004871,CUST-0000139498,2020-09-25 19:12:37,Google Pay,Success,233.43,USD,USA,North America,,false,2020-09-25 19:12:37,michael.berger060@platform.example.com
,PAY-202009-00000005751,ORD-202009-0000004386,CUST-0000137340,2020-09-12 23:59:18,Buy Now Pay Later,Success,3248.74,GBP,GBR,Europe,,false,2020-09-12 23:59:18,micheal.hall064@dataops.example.com
,PAY-202009-00000005752,ORD-202009-0000002955,CUST-0000139883,2020-09-09 15:14:31,Phonepe,Success,3323.0,JPY,JPN,Asia,,false,2020-09-09 15:14:31,micheal.hall064@dataops.example.com
,PAY-202009-00000005753,ORD-202009-0000000685,CUST-0000142777,2020-09-15 22:24:31,Buy Now Pay Later,Success,2463.99,CAD,CAN,North America,,false,2020-09-15 22:24:31,susan.rice083@commerce.example.com
,PAY-202009-00000005754,ORD-202009-0000001743,CUST-0000137550,2020-09-25 14:05:02,Google Pay,Success,1349.15,BRL,BRA,South America,,false,2020-09-25 14:05:02,megan.cunningham013@commerce.example.com
,PAY-202009-00000005755,ORD-202009-0000002279,CUST-0000140644,2020-09-04 14:07:39,Gift Card,Success,1583.55,USD,USA,North America,,false,2020-09-04 14:07:39,patrick.gonzalez035@dataops.example.com
,PAY-202009-00000005756,ORD-202009-0000000444,CUST-0000153675,2020-09-14 14:06:16,Credit Card,Success,2429.53,AUD,AUS,Oceania,,false,2020-09-14 14:06:16,tina.williams074@commerce.example.com
,PAY-202009-00000005757,ORD-202009-0000001192,CUST-0000135288,2020-09-26 01:17:48,Buy Now Pay Later,Success,1064.11,EUR,FRA,Europe,,false,2020-09-26 01:17:48,susan.rice083@commerce.example.com
,PAY-202009-00000005758,ORD-202009-0000004435,CUST-0000151974,2020-09-05 20:10:20,Paytm,Success,2925.0,AED,ARE,Asia,,false,2020-09-05 20:10:20,micheal.chen050@dataops.example.com
,PAY-202009-00000005759,ORD-202009-0000004354,CUST-0000136432,2020-09-26 16:23:38,Credit Card,Success,1035.16,EUR,DEU,Europe,,false,2020-09-26 16:23:38,timothy.cannon081@analytics.example.com
,PAY-202009-00000005760,ORD-202009-0000004399,CUST-0000152860,2020-09-24 14:42:41,PayPal,Success,2579.88,INR,IND,Asia,,false,2020-09-24 14:42:41,timothy.cannon081@analytics.example.com
,PAY-202009-00000005761,ORD-202009-0000006198,CUST-0000139738,2020-09-09 03:20:38,Gift Card,Success,2912.88,EUR,DEU,Europe,,false,2020-09-09 03:20:38,michael.berger060@platform.example.com
,PAY-202009-00000005762,ORD-202009-0000001492,CUST-0000146910,2020-09-07 07:55:47,Bank Transfer,Success,1816.07,EUR,ESP,Europe,,false,2020-09-07 07:55:47,james.proctor094@dataops.example.com
,PAY-202009-00000005763,ORD-202009-0000000334,CUST-0000143543,2020-09-16 15:18:13,Debit Card,Success,1633.5,JPY,JPN,Asia,,false,2020-09-16 15:18:13,susan.rice083@commerce.example.com
,PAY-202009-00000005764,ORD-202009-0000000122,CUST-0000142376,2020-09-14 23:04:16,PayPal,Pending,1149.47,BRL,BRA,South America,,false,2020-09-14 23:04:16,michael.johnson061@platform.example.com
,PAY-202009-00000005765,ORD-202009-0000000212,CUST-0000143708,2020-09-29 05:05:53,PayPal,Success,95.89,AUD,AUS,Oceania,,false,2020-09-29 05:05:53,david.cabrera119@dataops.example.com
,PAY-202009-00000005766,ORD-202009-0000004548,CUST-0000149172,2020-09-17 09:18:53,Gift Card,Success,356.44,EUR,DEU,Europe,,false,2020-09-17 09:18:53,ryan.steele043@commerce.example.com
,PAY-202009-00000005767,ORD-202009-0000003054,CUST-0000139446,2020-09-02 03:24:41,Buy Now Pay Later,Success,2625.94,EUR,FRA,Europe,,false,2020-09-02 03:24:41,maria.ashley046@analytics.example.com
,PAY-202009-00000005768,ORD-202009-0000001041,CUST-0000149912,2020-09-28 13:45:19,Credit Card,Success,655.16,JPY,JPN,Asia,,false,2020-09-28 13:45:19,timothy.cameron104@commerce.example.com
,PAY-202009-00000005769,ORD-202009-0000004723,CUST-0000146252,2020-09-25 21:56:01,Phonepe,Success,2339.9,AED,ARE,Asia,,false,2020-09-25 21:56:01,jennifer.bauer068@analytics.example.com
,PAY-202009-00000005770,ORD-202009-0000001129,CUST-0000144109,2020-09-11 21:48:20,Phonepe,Success,1363.84,MXN,MEX,North America,,false,2020-09-11 21:48:20,joseph.johnson049@dataops.example.com
,PAY-202009-00000005771,ORD-202009-0000003325,CUST-0000142177,2020-09-13 03:41:33,Paytm,Success,2272.14,EUR,NLD,Europe,,false,2020-09-13 03:41:33,stephen.daniels076@commerce.example.com
,PAY-202009-00000005772,ORD-202009-0000002028,CUST-0000140257,2020-09-08 14:32:15,Bank Transfer,Success,114.07,MXN,MEX,North America,,false,2020-09-08 14:32:15,eric.horton058@analytics.example.com
,PAY-202009-00000005773,ORD-202009-0000006376,CUST-0000143306,2020-09-15 11:38:45,Paytm,Success,2635.87,JPY,JPN,Asia,,false,2020-09-15 11:38:45,megan.cunningham013@commerce.example.com
,PAY-202009-00000005774,ORD-202009-0000004091,CUST-0000151238,2020-09-04 00:58:52,Debit Card,Success,2221.78,USD,USA,North America,,false,2020-09-04 00:58:52,brandon.yu006@analytics.example.com
,PAY-202009-00000005775,ORD-202009-0000002060,CUST-0000147829,2020-09-16 05:35:25,PayPal,Success,2842.86,SGD,SGP,Asia,,false,2020-09-16 05:35:25,andrea.cummings039@platform.example.com
,PAY-202009-00000005776,ORD-202009-0000004201,CUST-0000139223,2020-09-07 02:21:08,Apple Pay,Success,1991.88,GBP,GBR,Europe,,false,2020-09-07 02:21:08,michael.berger060@platform.example.com
,PAY-202009-00000005777,ORD-202009-0000006200,CUST-0000146131,2020-09-11 17:12:33,Buy Now Pay Later,Success,600.46,INR,IND,Asia,,false,2020-09-11 17:12:33,david.cabrera119@dataops.example.com
,PAY-202009-00000005778,ORD-202009-0000001197,CUST-0000142976,2020-09-22 04:14:28,Google Pay,Success,2005.33,USD,USA,North America,,false,2020-09-22 04:14:28,brandon.yu006@analytics.example.com
,PAY-202009-00000005779,ORD-202009-0000005484,CUST-0000141174,2020-09-16 08:09:23,Bank Transfer,Success,488.23,INR,IND,Asia,,false,2020-09-16 08:09:23,michael.johnson061@platform.example.com
,PAY-202009-00000005780,ORD-202009-0000001808,CUST-0000141694,2020-09-26 19:26:25,Google Pay,Success,2370.29,AUD,AUS,Oceania,,false,2020-09-26 19:26:25,brandon.yu006@analytics.example.com
,PAY-202009-00000005781,ORD-202009-0000003295,CUST-0000151604,2020-09-25 14:38:10,Bank Transfer,Success,2324.67,BRL,BRA,South America,,false,2020-09-25 14:38:10,andrea.cummings039@platform.example.com
,PAY-202009-00000005782,ORD-202009-0000002914,CUST-0000146664,2020-09-28 23:20:40,Gift Card,Success,1209.47,EUR,NLD,Europe,,false,2020-09-28 23:20:40,megan.cunningham013@commerce.example.com
,PAY-202009-00000005783,ORD-202009-0000003050,CUST-0000138994,2020-09-01 19:22:22,Google Pay,Success,2335.64,EUR,FRA,Europe,,false,2020-09-01 19:22:22,michael.johnson061@platform.example.com
,PAY-202009-00000005784,ORD-202009-0000000107,CUST-0000140542,2020-09-19 20:12:47,Debit Card,Success,3492.12,AED,ARE,Asia,,false,2020-09-19 20:12:47,john.mullins109@commerce.example.com
,PAY-202009-00000005785,ORD-202009-0000005660,CUST-0000150583,2020-09-01 08:35:46,Gift Card,Success,2551.4,EUR,ITA,Europe,,false,2020-09-01 08:35:46,taylor.cunningham023@commerce.example.com
,PAY-202009-00000005786,ORD-202009-0000004031,CUST-0000153588,2020-09-10 18:06:54,PayPal,Success,1406.81,CAD,CAN,North America,,false,2020-09-10 18:06:54,tina.williams074@commerce.example.com
,PAY-202009-00000005787,ORD-202009-0000001416,CUST-0000135003,2020-09-29 22:55:55,PayPal,Success,2121.95,AUD,AUS,Oceania,,false,2020-09-29 22:55:55,peter.martinez098@platform.example.com
,PAY-202009-00000005788,ORD-202009-0000004760,CUST-0000140171,2020-09-04 00:37:31,Credit Card,Success,3246.27,JPY,JPN,Asia,,false,2020-09-04 00:37:31,andrea.cummings039@platform.example.com
,PAY-202009-00000005789,ORD-202009-0000002542,CUST-0000144030,2020-09-16 12:12:51,Debit Card,Success,3171.06,EUR,NLD,Europe,,false,2020-09-16 12:12:51,susan.rice083@commerce.example.com
,PAY-202009-00000005790,ORD-202009-0000003695,CUST-0000143997,2020-09-10 11:32:32,PayPal,Success,1544.99,EUR,NLD,Europe,,false,2020-09-10 11:32:32,timothy.cameron104@commerce.example.com
,PAY-202009-00000005791,ORD-202009-0000003124,CUST-0000146639,2020-09-27 12:48:00,Google Pay,Success,947.82,USD,USA,North America,,false,2020-09-27 12:48:00,maria.ashley046@analytics.example.com
,PAY-202009-00000005792,ORD-202009-0000004997,CUST-0000141803,2020-09-14 23:41:47,Paytm,Success,2233.99,MXN,MEX,North America,,false,2020-09-14 23:41:47,david.cabrera119@dataops.example.com
,PAY-202009-00000005793,ORD-202009-0000002878,CUST-0000142564,2020-09-19 19:37:30,Gift Card,Success,2404.72,JPY,JPN,Asia,,false,2020-09-19 19:37:30,eric.mullen052@dataops.example.com
,PAY-202009-00000005794,ORD-202009-0000005547,CUST-0000147869,2020-09-26 12:19:18,Google Pay,Success,1581.23,INR,IND,Asia,,false,2020-09-26 12:19:18,stephen.clark001@analytics.example.com
,PAY-202009-00000005795,ORD-202009-0000001946,CUST-0000138895,2020-09-19 17:45:21,Google Pay,Success,708.0,EUR,FRA,Europe,,false,2020-09-19 17:45:21,joseph.johnson049@dataops.example.com
,PAY-202009-00000005796,ORD-202009-0000001473,CUST-0000138526,2020-09-07 04:04:49,Debit Card,Success,1527.21,EUR,NLD,Europe,,false,2020-09-07 04:04:49,michelle.bender024@analytics.example.com
,PAY-202009-00000005797,ORD-202009-0000004278,CUST-0000139462,2020-09-08 03:43:21,Paytm,Success,1914.22,MXN,MEX,North America,,false,2020-09-08 03:43:21,megan.cunningham013@commerce.example.com
,PAY-202009-00000005798,ORD-202009-0000002640,CUST-0000141866,2020-09-17 08:27:56,Gift Card,Success,1346.02,BRL,BRA,South America,,false,2020-09-17 08:27:56,jennifer.bauer068@analytics.example.com
,PAY-202009-00000005799,ORD-202009-0000004444,CUST-0000145305,2020-09-12 06:22:21,Gift Card,Success,166.02,EUR,DEU,Europe,,false,2020-09-12 06:22:21,kelsey.taylor010@platform.example.com
,PAY-202009-00000005800,ORD-202009-0000000981,CUST-0000153026,2020-09-25 15:23:43,Apple Pay,Success,747.56,INR,IND,Asia,,false,2020-09-25 15:23:43,jennifer.bauer068@analytics.example.com
,PAY-202009-00000005801,ORD-202009-0000003663,CUST-0000150340,2020-09-23 17:23:03,Paytm,Success,1672.92,EUR,FRA,Europe,,false,2020-09-23 17:23:03,john.mullins109@commerce.example.com
,PAY-202009-00000005802,ORD-202009-0000003422,CUST-0000149145,2020-09-03 16:39:54,Gift Card,Success,465.98,AUD,AUS,Oceania,,false,2020-09-03 16:39:54,michael.johnson061@platform.example.com
,PAY-202009-00000005803,ORD-202009-0000000367,CUST-0000143652,2020-09-11 20:13:07,PayPal,Success,3145.79,EUR,FRA,Europe,,false,2020-09-11 20:13:07,jennifer.hudson020@analytics.example.com
,PAY-202009-00000005804,ORD-202009-0000003728,CUST-0000146800,2020-09-08 11:41:51,Paytm,Success,162.57,JPY,JPN,Asia,,false,2020-09-08 11:41:51,andrea.cummings039@platform.example.com
,PAY-202009-00000005805,ORD-202009-0000005642,CUST-0000153856,2020-09-22 15:09:33,Buy Now Pay Later,Success,2273.22,USD,USA,North America,,false,2020-09-22 15:09:33,jennifer.hudson020@analytics.example.com
,PAY-202009-00000005806,ORD-202009-0000003207,CUST-0000136768,2020-09-16 19:08:21,Apple Pay,Success,1602.24,BRL,BRA,South America,,false,2020-09-16 19:08:21,tina.williams074@commerce.example.com
,PAY-202009-00000005807,ORD-202009-0000003839,CUST-0000138613,2020-09-12 09:55:13,Google Pay,Success,2971.0,CAD,CAN,North America,,false,2020-09-12 09:55:13,adam.gordon030@commerce.example.com
,PAY-202009-00000005808,ORD-202009-0000004499,CUST-0000151439,2020-09-12 23:11:36,Apple Pay,Success,1521.6,USD,USA,North America,,false,2020-09-12 23:11:36,brandi.carter038@dataops.example.com
,PAY-202009-00000005809,ORD-202009-0000004062,CUST-0000152703,2020-09-16 05:08:18,Bank Transfer,Success,1654.89,GBP,GBR,Europe,,false,2020-09-16 05:08:18,eric.horton058@analytics.example.com
,PAY-202009-00000005810,ORD-202009-0000005420,CUST-0000149007,2020-09-18 20:09:06,Phonepe,Success,2692.29,EUR,DEU,Europe,,false,2020-09-18 20:09:06,jennifer.bauer068@analytics.example.com
,PAY-202009-00000005811,ORD-202009-0000004291,CUST-0000136943,2020-09-02 21:24:42,Bank Transfer,Success,3232.09,EUR,ESP,Europe,,false,2020-09-02 21:24:42,peter.martinez098@platform.example.com
,PAY-202009-00000005812,ORD-202009-0000006254,CUST-0000140314,2020-09-07 12:08:46,Phonepe,Success,2097.44,SGD,SGP,Asia,,false,2020-09-07 12:08:46,micheal.hall064@dataops.example.com
,PAY-202009-00000005813,ORD-202009-0000006155,CUST-0000142025,2020-09-30 00:26:17,Gift Card,Success,3200.01,MXN,MEX,North America,,false,2020-09-30 00:26:17,peter.martinez098@platform.example.com
,PAY-202009-00000005814,ORD-202009-0000003849,CUST-0000147616,2020-09-20 19:12:34,Bank Transfer,Refunded,2075.38,USD,USA,North America,,true,2020-09-20 19:12:34,eric.horton058@analytics.example.com
,PAY-202009-00000005815,ORD-202009-0000001996,CUST-0000141181,2020-09-12 00:07:37,Gift Card,Success,1642.67,EUR,ITA,Europe,,false,2020-09-12 00:07:37,micheal.chen050@dataops.example.com
,PAY-202009-00000005816,ORD-202009-0000001358,CUST-0000149199,2020-09-16 18:51:34,Buy Now Pay Later,Success,3397.27,SGD,SGP,Asia,,false,2020-09-16 18:51:34,brandi.carter038@dataops.example.com
,PAY-202009-00000005817,ORD-202009-0000001363,CUST-0000148251,2020-09-14 06:31:26,Gift Card,Success,3006.95,SGD,SGP,Asia,,false,2020-09-14 06:31:26,megan.cunningham013@commerce.example.com
,PAY-202009-00000005818,ORD-202009-0000002278,CUST-0000139021,2020-09-28 00:24:30,PayPal,Success,2758.83,MXN,MEX,North America,,false,2020-09-28 00:24:30,adam.gordon030@commerce.example.com
,PAY-202009-00000005819,ORD-202009-0000000090,CUST-0000138964,2020-09-14 17:13:59,Apple Pay,Failed,755.47,MXN,MEX,North America,Network timeout,false,2020-09-14 17:13:59,lance.williams029@platform.example.com
,PAY-202009-00000005820,ORD-202009-0000000163,CUST-0000144690,2020-09-29 18:06:28,Bank Transfer,Success,2419.28,INR,IND,Asia,,false,2020-09-29 18:06:28,michelle.bender024@analytics.example.com
,PAY-202009-00000005821,ORD-202009-0000002567,CUST-0000141233,2020-09-27 22:01:30,Buy Now Pay Later,Success,899.4,BRL,BRA,South America,,false,2020-09-27 22:01:30,tina.williams074@commerce.example.com
,PAY-202009-00000005822,ORD-202009-0000004277,CUST-0000143516,2020-09-01 00:19:05,Gift Card,Success,2031.11,JPY,JPN,Asia,,false,2020-09-01 00:19:05,victor.palmer071@platform.example.com
,PAY-202009-00000005823,ORD-202009-0000000550,CUST-0000145404,2020-09-10 13:53:17,Bank Transfer,Success,346.57,AED,ARE,Asia,,false,2020-09-10 13:53:17,joseph.johnson049@dataops.example.com
,PAY-202009-00000005824,ORD-202009-0000001015,CUST-0000142374,2020-09-19 20:30:53,Bank Transfer,Success,2633.16,EUR,NLD,Europe,,false,2020-09-19 20:30:53,micheal.chen050@dataops.example.com
,PAY-202009-00000005825,ORD-202009-0000005938,CUST-0000151990,2020-09-07 16:24:42,Credit Card,Success,1601.25,INR,IND,Asia,,false,2020-09-07 16:24:42,michael.berger060@platform.example.com
,PAY-202009-00000005826,ORD-202009-0000005162,CUST-0000149207,2020-09-21 12:33:28,Bank Transfer,Success,2942.66,USD,USA,North America,,false,2020-09-21 12:33:28,maria.ashley046@analytics.example.com
,PAY-202009-00000005827,ORD-202009-0000002943,CUST-0000144822,2020-09-10 21:23:40,Debit Card,Success,855.83,SGD,SGP,Asia,,false,2020-09-10 21:23:40,patrick.gonzalez035@dataops.example.com
,PAY-202009-00000005828,ORD-202009-0000005334,CUST-0000148676,2020-09-05 04:33:56,Debit Card,Success,1045.74,GBP,GBR,Europe,,false,2020-09-05 04:33:56,timothy.cameron104@commerce.example.com
,PAY-202009-00000005829,ORD-202009-0000004689,CUST-0000142012,2020-09-16 07:32:56,Credit Card,Success,3339.11,EUR,NLD,Europe,,false,2020-09-16 07:32:56,jeffery.miller012@commerce.example.com
,PAY-202009-00000005830,ORD-202009-0000001172,CUST-0000137069,2020-09-29 03:26:56,Debit Card,Success,1858.4,SGD,SGP,Asia,,false,2020-09-29 03:26:56,jennifer.bauer068@analytics.example.com
,PAY-202009-00000005831,ORD-202009-0000003420,CUST-0000151270,2020-09-08 04:03:52,Phonepe,Success,2378.05,JPY,JPN,Asia,,false,2020-09-08 04:03:52,timothy.cannon081@analytics.example.com
,PAY-202009-00000005832,ORD-202009-0000005790,CUST-0000141021,2020-09-26 04:49:53,Credit Card,Success,3346.41,AED,ARE,Asia,,false,2020-09-26 04:49:53,megan.cunningham013@commerce.example.com
,PAY-202009-00000005833,ORD-202009-0000004711,CUST-0000144120,2020-09-19 12:35:48,Apple Pay,Pending,3252.11,INR,IND,Asia,,false,2020-09-19 12:35:48,jeffery.miller012@commerce.example.com
,PAY-202009-00000005834,ORD-202009-0000006570,CUST-0000138315,2020-09-16 03:11:23,Paytm,Success,1945.88,USD,USA,North America,,false,2020-09-16 03:11:23,brandon.yu006@analytics.example.com
,PAY-202009-00000005835,ORD-202009-0000001971,CUST-0000145081,2020-09-21 17:42:20,Bank Transfer,Success,2874.43,EUR,ESP,Europe,,false,2020-09-21 17:42:20,taylor.cunningham023@commerce.example.com
,PAY-202009-00000005836,ORD-202009-0000001585,CUST-0000152482,2020-09-21 06:41:42,Gift Card,Success,1536.8,JPY,JPN,Asia,,false,2020-09-21 06:41:42,megan.cunningham013@commerce.example.com
,PAY-202009-00000005837,ORD-202009-0000002921,CUST-0000136455,2020-09-25 08:32:28,PayPal,Success,2551.06,USD,USA,North America,,false,2020-09-25 08:32:28,michael.johnson061@platform.example.com
,PAY-202009-00000005838,ORD-202009-0000006264,CUST-0000150633,2020-09-11 14:44:52,Google Pay,Pending,2203.13,EUR,NLD,Europe,,false,2020-09-11 14:44:52,tina.williams074@commerce.example.com
,PAY-202009-00000005839,ORD-202009-0000006340,CUST-0000141168,2020-09-22 05:08:13,PayPal,Success,1522.29,USD,USA,North America,,false,2020-09-22 05:08:13,brandi.carter038@dataops.example.com
,PAY-202009-00000005840,ORD-202009-0000003750,CUST-0000153439,2020-09-05 02:11:22,Apple Pay,Success,1094.56,JPY,JPN,Asia,,false,2020-09-05 02:11:22,jennifer.hudson020@analytics.example.com
,PAY-202009-00000005841,ORD-202009-0000003606,CUST-0000142863,2020-09-04 16:43:46,Apple Pay,Success,734.49,INR,IND,Asia,,false,2020-09-04 16:43:46,john.mullins109@commerce.example.com
,PAY-202009-00000005842,ORD-202009-0000001933,CUST-0000151948,2020-09-03 18:37:34,Buy Now Pay Later,Success,1405.43,USD,USA,North America,,false,2020-09-03 18:37:34,andrea.cummings039@platform.example.com
,PAY-202009-00000005843,ORD-202009-0000001368,CUST-0000153027,2020-09-27 17:13:09,Gift Card,Success,372.17,EUR,ESP,Europe,,false,2020-09-27 17:13:09,stephen.clark001@analytics.example.com
,PAY-202009-00000005844,ORD-202009-0000005845,CUST-0000149432,2020-09-11 06:08:44,Paytm,Success,2349.55,EUR,NLD,Europe,,false,2020-09-11 06:08:44,andrea.cummings039@platform.example.com
,PAY-202009-00000005845,ORD-202009-0000006141,CUST-0000138898,2020-09-07 04:41:09,Bank Transfer,Success,287.19,EUR,FRA,Europe,,false,2020-09-07 04:41:09,megan.cunningham013@commerce.example.com
,PAY-202009-00000005846,ORD-202009-0000005957,CUST-0000138899,2020-09-17 18:39:32,Paytm,Success,2253.95,BRL,BRA,South America,,false,2020-09-17 18:39:32,ashley.marks069@commerce.example.com
,PAY-202009-00000005847,ORD-202009-0000005549,CUST-0000145030,2020-09-06 11:24:31,Google Pay,Success,2045.98,JPY,JPN,Asia,,false,2020-09-06 11:24:31,megan.cunningham013@commerce.example.com
,PAY-202009-00000005848,ORD-202009-0000003918,CUST-0000149549,2020-09-30 04:34:10,Phonepe,Success,1914.9,AED,ARE,Asia,,false,2020-09-30 04:34:10,lance.williams029@platform.example.com
,PAY-202009-00000005849,ORD-202009-0000006108,CUST-0000139072,2020-09-14 16:01:03,Bank Transfer,Success,1773.85,EUR,NLD,Europe,,false,2020-09-14 16:01:03,eric.horton058@analytics.example.com
,PAY-202009-00000005850,ORD-202009-0000003475,CUST-0000140383,2020-09-03 12:31:56,Credit Card,Success,2834.73,USD,USA,North America,,false,2020-09-03 12:31:56,susan.rice083@commerce.example.com
,PAY-202009-00000005851,ORD-202009-0000002990,CUST-0000139404,2020-09-08 15:34:16,Gift Card,Success,418.11,EUR,ITA,Europe,,false,2020-09-08 15:34:16,peter.martinez098@platform.example.com
,PAY-202009-00000005852,ORD-202009-0000001329,CUST-0000145064,2020-09-08 21:00:34,Google Pay,Success,3320.43,EUR,ESP,Europe,,false,2020-09-08 21:00:34,ashley.marks069@commerce.example.com
,PAY-202009-00000005853,ORD-202009-0000000088,CUST-0000150983,2020-09-22 05:26:06,Google Pay,Success,42.65,EUR,FRA,Europe,,false,2020-09-22 05:26:06,michael.berger060@platform.example.com
,PAY-202009-00000005854,ORD-202009-0000001943,CUST-0000145472,2020-09-10 00:06:02,Google Pay,Success,2119.42,INR,IND,Asia,,false,2020-09-10 00:06:02,micheal.chen050@dataops.example.com
,PAY-202009-00000005855,ORD-202009-0000003318,CUST-0000137347,2020-09-14 10:37:56,Phonepe,Success,132.98,INR,IND,Asia,,false,2020-09-14 10:37:56,michelle.sims041@analytics.example.com
,PAY-202009-00000005856,ORD-202009-0000002221,CUST-0000138607,2020-09-20 02:12:05,Apple Pay,Success,180.74,EUR,ITA,Europe,,false,2020-09-20 02:12:05,andrea.cummings039@platform.example.com
,PAY-202009-00000005857,ORD-202009-0000000898,CUST-0000136228,2020-09-18 10:12:20,Phonepe,Success,593.68,AED,ARE,Asia,,false,2020-09-18 10:12:20,michelle.bender024@analytics.example.com
,PAY-202009-00000005858,ORD-202009-0000004083,CUST-0000144872,2020-09-05 22:47:32,Apple Pay,Success,1152.31,EUR,ESP,Europe,,false,2020-09-05 22:47:32,stephen.daniels076@commerce.example.com
,PAY-202009-00000005859,ORD-202009-0000003964,CUST-0000148223,2020-09-09 02:58:35,Debit Card,Success,875.76,INR,IND,Asia,,false,2020-09-09 02:58:35,michael.johnson061@platform.example.com
,PAY-202009-00000005860,ORD-202009-0000005682,CUST-0000134605,2020-09-25 18:01:59,Google Pay,Success,3190.62,EUR,ESP,Europe,,false,2020-09-25 18:01:59,patrick.gonzalez035@dataops.example.com
,PAY-202009-00000005861,ORD-202009-0000005514,CUST-0000151309,2020-09-27 22:22:41,Debit Card,Success,2468.32,BRL,BRA,South America,,false,2020-09-27 22:22:41,ashley.marks069@commerce.example.com
,PAY-202009-00000005862,ORD-202009-0000003703,CUST-0000139834,2020-09-13 18:49:26,Debit Card,Success,36.51,GBP,GBR,Europe,,false,2020-09-13 18:49:26,taylor.cunningham023@commerce.example.com
,PAY-202009-00000005863,ORD-202009-0000003343,CUST-0000147980,2020-09-26 20:50:42,PayPal,Success,567.6,EUR,DEU,Europe,,false,2020-09-26 20:50:42,david.cabrera119@dataops.example.com
,PAY-202009-00000005864,ORD-202009-0000002788,CUST-0000144989,2020-09-13 07:34:17,Gift Card,Success,2635.62,INR,IND,Asia,,false,2020-09-13 07:34:17,lance.williams029@platform.example.com
,PAY-202009-00000005865,ORD-202009-0000002420,CUST-0000152958,2020-09-15 17:05:17,PayPal,Success,3158.72,JPY,JPN,Asia,,false,2020-09-15 17:05:17,andrea.cummings039@platform.example.com
,PAY-202009-00000005866,ORD-202009-0000005435,CUST-0000135114,2020-09-05 02:58:16,PayPal,Success,2617.62,EUR,ESP,Europe,,false,2020-09-05 02:58:16,joseph.johnson049@dataops.example.com
,PAY-202009-00000005867,ORD-202009-0000006263,CUST-0000147326,2020-09-25 04:14:04,Paytm,Failed,703.9,AUD,AUS,Oceania,Fraud check failed,false,2020-09-25 04:14:04,michelle.sims041@analytics.example.com
,PAY-202009-00000005868,ORD-202009-0000004712,CUST-0000138007,2020-09-07 04:55:14,Phonepe,Success,3174.8,EUR,NLD,Europe,,false,2020-09-07 04:55:14,jennifer.bauer068@analytics.example.com
,PAY-202009-00000005869,ORD-202009-0000003352,CUST-0000149986,2020-09-09 18:03:56,Phonepe,Success,3259.83,EUR,DEU,Europe,,false,2020-09-09 18:03:56,adam.gordon030@commerce.example.com
,PAY-202009-00000005870,ORD-202009-0000004912,CUST-0000142554,2020-09-16 22:42:43,Buy Now Pay Later,Success,1160.95,EUR,NLD,Europe,,false,2020-09-16 22:42:43,brandi.carter038@dataops.example.com
,PAY-202009-00000005871,ORD-202009-0000002475,CUST-0000143881,2020-09-29 09:55:23,Debit Card,Failed,686.36,EUR,FRA,Europe,Fraud check failed,false,2020-09-29 09:55:23,peter.martinez098@platform.example.com
,PAY-202009-00000005872,ORD-202009-0000002554,CUST-0000140239,2020-09-15 13:52:46,Paytm,Success,268.14,EUR,NLD,Europe,,false,2020-09-15 13:52:46,alyssa.richards002@commerce.example.com
,PAY-202009-00000005873,ORD-202009-0000002176,CUST-0000146930,2020-09-30 04:42:53,Phonepe,Success,277.41,SGD,SGP,Asia,,false,2020-09-30 04:42:53,michael.berger060@platform.example.com
,PAY-202009-00000005874,ORD-202009-0000003203,CUST-0000153665,2020-09-21 11:57:36,Gift Card,Success,730.2,CAD,CAN,North America,,false,2020-09-21 11:57:36,michelle.bender024@analytics.example.com
,PAY-202009-00000005875,ORD-202009-0000000352,CUST-0000151312,2020-09-30 05:04:09,PayPal,Success,186.11,GBP,GBR,Europe,,false,2020-09-30 05:04:09,stephen.daniels076@commerce.example.com
,PAY-202009-00000005876,ORD-202009-0000004650,CUST-0000152865,2020-09-12 05:21:54,Credit Card,Success,2123.64,AUD,AUS,Oceania,,false,2020-09-12 05:21:54,ashley.marks069@commerce.example.com
,PAY-202009-00000005877,ORD-202009-0000006219,CUST-0000147245,2020-09-16 12:45:18,Phonepe,Success,277.78,BRL,BRA,South America,,false,2020-09-16 12:45:18,timothy.cameron104@commerce.example.com
,PAY-202009-00000005878,ORD-202009-0000000347,CUST-0000153958,2020-09-18 04:38:41,Apple Pay,Success,1649.33,EUR,NLD,Europe,,false,2020-09-18 04:38:41,kelsey.taylor010@platform.example.com
,PAY-202009-00000005879,ORD-202009-0000002118,CUST-0000147820,2020-09-06 21:28:21,PayPal,Success,867.06,CAD,CAN,North America,,false,2020-09-06 21:28:21,andrea.cummings039@platform.example.com
,PAY-202009-00000005880,ORD-202009-0000002049,CUST-0000147300,2020-09-01 06:33:18,Credit Card,Failed,3215.52,EUR,ESP,Europe,Fraud check failed,false,2020-09-01 06:33:18,kelsey.taylor010@platform.example.com
,PAY-202009-00000005881,ORD-202009-0000002862,CUST-0000142590,2020-09-23 17:00:09,Paytm,Success,519.49,INR,IND,Asia,,false,2020-09-23 17:00:09,michelle.bender024@analytics.example.com
,PAY-202009-00000005882,ORD-202009-0000005155,CUST-0000136792,2020-09-21 01:04:16,Bank Transfer,Success,1786.49,GBP,GBR,Europe,,false,2020-09-21 01:04:16,victor.palmer071@platform.example.com
,PAY-202009-00000005883,ORD-202009-0000001868,CUST-0000138242,2020-09-19 22:05:42,Phonepe,Success,2411.77,EUR,ESP,Europe,,false,2020-09-19 22:05:42,ashley.marks069@commerce.example.com
,PAY-202009-00000005884,ORD-202009-0000003215,CUST-0000135952,2020-09-21 15:32:46,PayPal,Success,2534.1,EUR,DEU,Europe,,false,2020-09-21 15:32:46,susan.rice083@commerce.example.com
,PAY-202009-00000005885,ORD-202009-0000004183,CUST-0000151177,2020-09-22 02:04:58,Bank Transfer,Success,2990.18,JPY,JPN,Asia,,false,2020-09-22 02:04:58,joseph.johnson049@dataops.example.com
,PAY-202009-00000005886,ORD-202009-0000006550,CUST-0000144509,2020-09-28 09:28:51,Google Pay,Success,346.02,CAD,CAN,North America,,false,2020-09-28 09:28:51,timothy.cannon081@analytics.example.com
,PAY-202009-00000005887,ORD-202009-0000001341,CUST-0000145981,2020-09-25 05:51:34,PayPal,Success,3234.86,AED,ARE,Asia,,false,2020-09-25 05:51:34,jennifer.bauer068@analytics.example.com
,PAY-202009-00000005888,ORD-202009-0000001882,CUST-0000139156,2020-09-02 03:18:51,Bank Transfer,Success,471.23,BRL,BRA,South America,,false,2020-09-02 03:18:51,patrick.gonzalez035@dataops.example.com
,PAY-202009-00000005889,ORD-202009-0000003301,CUST-0000134536,2020-09-24 05:39:10,Credit Card,Success,1473.67,SGD,SGP,Asia,,false,2020-09-24 05:39:10,eric.horton058@analytics.example.com
,PAY-202009-00000005890,ORD-202009-0000005728,CUST-0000146602,2020-09-20 10:38:03,PayPal,Success,2173.67,GBP,GBR,Europe,,false,2020-09-20 10:38:03,megan.cunningham013@commerce.example.com
,PAY-202009-00000005891,ORD-202009-0000004181,CUST-0000138917,2020-09-05 09:45:11,Apple Pay,Refunded,2738.73,USD,USA,North America,,true,2020-09-05 09:45:11,jennifer.bauer068@analytics.example.com
,PAY-202009-00000005892,ORD-202009-0000000901,CUST-0000149677,2020-09-29 18:27:58,Phonepe,Success,1163.31,CAD,CAN,North America,,false,2020-09-29 18:27:58,michelle.sims041@analytics.example.com
,PAY-202009-00000005893,ORD-202009-0000000837,CUST-0000144630,2020-09-17 21:40:44,PayPal,Success,845.89,JPY,JPN,Asia,,false,2020-09-17 21:40:44,eric.mullen052@dataops.example.com
,PAY-202009-00000005894,ORD-202009-0000002100,CUST-0000153304,2020-09-02 17:07:27,PayPal,Success,2797.8,BRL,BRA,South America,,false,2020-09-02 17:07:27,andrea.cummings039@platform.example.com
,PAY-202009-00000005895,ORD-202009-0000002586,CUST-0000152948,2020-09-08 13:16:41,Buy Now Pay Later,Success,844.95,EUR,NLD,Europe,,false,2020-09-08 13:16:41,joseph.johnson049@dataops.example.com
,PAY-202009-00000005896,ORD-202009-0000001242,CUST-0000137984,2020-09-04 08:02:02,Debit Card,Success,3013.78,MXN,MEX,North America,,false,2020-09-04 08:02:02,ryan.steele043@commerce.example.com
,PAY-202009-00000005897,ORD-202009-0000006022,CUST-0000144902,2020-09-30 14:36:39,Debit Card,Success,2848.63,SGD,SGP,Asia,,false,2020-09-30 14:36:39,michael.berger060@platform.example.com
,PAY-202009-00000005898,ORD-202009-0000002521,CUST-0000143591,2020-09-06 15:01:08,Phonepe,Success,1215.71,AED,ARE,Asia,,false,2020-09-06 15:01:08,michael.johnson061@platform.example.com
,PAY-202009-00000005899,ORD-202009-0000001584,CUST-0000139206,2020-09-27 09:51:55,Gift Card,Success,1194.15,CAD,CAN,North America,,false,2020-09-27 09:51:55,michael.berger060@platform.example.com
,PAY-202009-00000005900,ORD-202009-0000004786,CUST-0000148759,2020-09-20 17:50:16,Buy Now Pay Later,Success,2627.88,EUR,DEU,Europe,,false,2020-09-20 17:50:16,kelsey.taylor010@platform.example.com
,PAY-202009-00000005901,ORD-202009-0000004660,CUST-0000142248,2020-09-23 17:15:23,Buy Now Pay Later,Success,2490.55,AED,ARE,Asia,,false,2020-09-23 17:15:23,timothy.cameron104@commerce.example.com
,PAY-202009-00000005902,ORD-202009-0000006034,CUST-0000153772,2020-09-26 20:01:51,PayPal,Success,394.79,MXN,MEX,North America,,false,2020-09-26 20:01:51,michael.johnson061@platform.example.com
,PAY-202009-00000005903,ORD-202009-0000002227,CUST-0000152754,2020-09-27 14:28:21,PayPal,Success,820.5,EUR,NLD,Europe,,false,2020-09-27 14:28:21,micheal.chen050@dataops.example.com
,PAY-202009-00000005904,ORD-202009-0000005417,CUST-0000151879,2020-09-22 20:31:06,Debit Card,Success,2717.82,AUD,AUS,Oceania,,false,2020-09-22 20:31:06,jennifer.hudson020@analytics.example.com
,PAY-202009-00000005905,ORD-202009-0000000693,CUST-0000144437,2020-09-07 06:50:03,Buy Now Pay Later,Success,2538.0,JPY,JPN,Asia,,false,2020-09-07 06:50:03,patrick.gonzalez035@dataops.example.com
,PAY-202009-00000005906,ORD-202009-0000004245,CUST-0000141321,2020-09-10 13:23:25,Apple Pay,Success,2136.72,GBP,GBR,Europe,,false,2020-09-10 13:23:25,michelle.bender024@analytics.example.com
,PAY-202009-00000005907,ORD-202009-0000005086,CUST-0000147247,2020-09-26 21:31:22,Apple Pay,Success,1671.04,BRL,BRA,South America,,false,2020-09-26 21:31:22,michael.johnson061@platform.example.com
,PAY-202009-00000005908,ORD-202009-0000002682,CUST-0000137052,2020-09-05 06:39:04,Gift Card,Failed,868.99,USD,USA,North America,Fraud check failed,false,2020-09-05 06:39:04,james.proctor094@dataops.example.com
,PAY-202009-00000005909,ORD-202009-0000001140,CUST-0000139526,2020-09-22 11:34:08,PayPal,Success,2827.92,BRL,BRA,South America,,false,2020-09-22 11:34:08,michael.johnson061@platform.example.com
,PAY-202009-00000005910,ORD-202009-0000002737,CUST-0000137483,2020-09-27 13:38:43,Paytm,Success,2559.96,EUR,ITA,Europe,,false,2020-09-27 13:38:43,david.cabrera119@dataops.example.com
,PAY-202009-00000005911,ORD-202009-0000006246,CUST-0000147884,2020-09-13 21:38:12,Apple Pay,Success,3346.1,AED,ARE,Asia,,false,2020-09-13 21:38:12,brandon.yu006@analytics.example.com
,PAY-202009-00000005912,ORD-202009-0000004569,CUST-0000136010,2020-09-03 23:06:25,Paytm,Success,2379.62,EUR,DEU,Europe,,false,2020-09-03 23:06:25,james.proctor094@dataops.example.com
,PAY-202009-00000005913,ORD-202009-0000001258,CUST-0000149307,2020-09-12 06:15:01,Buy Now Pay Later,Success,852.58,MXN,MEX,North America,,false,2020-09-12 06:15:01,megan.cunningham013@commerce.example.com
,PAY-202009-00000005914,ORD-202009-0000003980,CUST-0000138753,2020-09-05 18:35:50,Google Pay,Success,2944.92,BRL,BRA,South America,,false,2020-09-05 18:35:50,ryan.steele043@commerce.example.com
,PAY-202009-00000005915,ORD-202009-0000004924,CUST-0000134634,2020-09-28 13:03:54,Apple Pay,Success,2698.38,AED,ARE,Asia,,false,2020-09-28 13:03:54,brandon.yu006@analytics.example.com
,PAY-202009-00000005916,ORD-202009-0000005002,CUST-0000145967,2020-09-23 12:54:54,Phonepe,Success,843.31,SGD,SGP,Asia,,false,2020-09-23 12:54:54,brandi.carter038@dataops.example.com
,PAY-202009-00000005917,ORD-202009-0000000290,CUST-0000145089,2020-09-19 00:39:45,Apple Pay,Success,450.03,JPY,JPN,Asia,,false,2020-09-19 00:39:45,stephen.daniels076@commerce.example.com
,PAY-202009-00000005918,ORD-202009-0000002159,CUST-0000135731,2020-09-27 14:37:58,Apple Pay,Success,3030.11,JPY,JPN,Asia,,false,2020-09-27 14:37:58,michael.berger060@platform.example.com
,PAY-202009-00000005919,ORD-202009-0000005051,CUST-0000141766,2020-09-08 13:08:29,Debit Card,Success,598.37,SGD,SGP,Asia,,false,2020-09-08 13:08:29,kelsey.taylor010@platform.example.com
,PAY-202009-00000005920,ORD-202009-0000003194,CUST-0000145357,2020-09-24 13:00:12,Gift Card,Success,2008.42,MXN,MEX,North America,,false,2020-09-24 13:00:12,timothy.cameron104@commerce.example.com
,PAY-202009-00000005921,ORD-202009-0000000605,CUST-0000140870,2020-09-23 12:30:25,Buy Now Pay Later,Success,503.96,EUR,ITA,Europe,,false,2020-09-23 12:30:25,victor.palmer071@platform.example.com
,PAY-202009-00000005922,ORD-202009-0000002204,CUST-0000135323,2020-09-20 03:50:03,Credit Card,Success,1248.7,MXN,MEX,North America,,false,2020-09-20 03:50:03,patrick.gonzalez035@dataops.example.com
,PAY-202009-00000005923,ORD-202009-0000000826,CUST-0000149049,2020-09-21 19:27:54,Gift Card,Success,3080.63,USD,USA,North America,,false,2020-09-21 19:27:54,brandon.yu006@analytics.example.com
,PAY-202009-00000005924,ORD-202009-0000004287,CUST-0000147683,2020-09-25 23:17:50,Phonepe,Success,2694.01,EUR,NLD,Europe,,false,2020-09-25 23:17:50,john.mullins109@commerce.example.com
,PAY-202009-00000005925,ORD-202009-0000002699,CUST-0000142136,2020-09-10 04:31:20,Phonepe,Refunded,3104.55,SGD,SGP,Asia,,true,2020-09-10 04:31:20,micheal.hall064@dataops.example.com
,PAY-202009-00000005926,ORD-202009-0000005755,CUST-0000140746,2020-09-19 21:55:51,Debit Card,Success,2747.7,EUR,ESP,Europe,,false,2020-09-19 21:55:51,brandon.yu006@analytics.example.com
,PAY-202009-00000005927,ORD-202009-0000003692,CUST-0000144073,2020-09-28 06:40:22,Bank Transfer,Success,844.12,EUR,FRA,Europe,,false,2020-09-28 06:40:22,david.cabrera119@dataops.example.com
,PAY-202009-00000005928,ORD-202009-0000004875,CUST-0000141194,2020-09-04 22:54:29,Credit Card,Success,63.68,EUR,DEU,Europe,,false,2020-09-04 22:54:29,adam.gordon030@commerce.example.com
,PAY-202009-00000005929,ORD-202009-0000000662,CUST-0000140178,2020-09-19 01:48:28,Phonepe,Success,1729.05,AUD,AUS,Oceania,,false,2020-09-19 01:48:28,jeffery.miller012@commerce.example.com
,PAY-202009-00000005930,ORD-202009-0000003898,CUST-0000153916,2020-09-30 12:14:08,Debit Card,Success,244.19,EUR,ESP,Europe,,false,2020-09-30 12:14:08,victor.palmer071@platform.example.com
,PAY-202009-00000005931,ORD-202009-0000004767,CUST-0000135971,2020-09-25 17:15:29,Gift Card,Success,771.06,BRL,BRA,South America,,false,2020-09-25 17:15:29,joseph.johnson049@dataops.example.com
,PAY-202009-00000005932,ORD-202009-0000003532,CUST-0000140025,2020-09-07 11:05:44,Debit Card,Success,1206.79,EUR,ESP,Europe,,false,2020-09-07 11:05:44,eric.horton058@analytics.example.com
,PAY-202009-00000005933,ORD-202009-0000002386,CUST-0000149040,2020-09-03 17:50:16,Apple Pay,Failed,1598.55,AUD,AUS,Oceania,Fraud check failed,false,2020-09-03 17:50:16,michelle.bender024@analytics.example.com
,PAY-202009-00000005934,ORD-202009-0000006342,CUST-0000150191,2020-09-03 08:57:50,Gift Card,Success,3006.04,SGD,SGP,Asia,,false,2020-09-03 08:57:50,john.mullins109@commerce.example.com
,PAY-202009-00000005935,ORD-202009-0000002030,CUST-0000153825,2020-09-27 11:57:08,Debit Card,Success,90.73,USD,USA,North America,,false,2020-09-27 11:57:08,jennifer.hudson020@analytics.example.com
,PAY-202009-00000005936,ORD-202009-0000004734,CUST-0000137587,2020-09-23 03:46:19,Apple Pay,Failed,953.81,EUR,DEU,Europe,Card declined,false,2020-09-23 03:46:19,andrea.cummings039@platform.example.com
,PAY-202009-00000005937,ORD-202009-0000000871,CUST-0000152092,2020-09-10 04:45:59,PayPal,Success,873.57,AUD,AUS,Oceania,,false,2020-09-10 04:45:59,timothy.cameron104@commerce.example.com
,PAY-202009-00000005938,ORD-202009-0000001746,CUST-0000153127,2020-09-06 11:06:00,Bank Transfer,Success,3268.12,EUR,DEU,Europe,,false,2020-09-06 11:06:00,joseph.johnson049@dataops.example.com
,PAY-202009-00000005939,ORD-202009-0000004018,CUST-0000144130,2020-09-22 20:18:12,Apple Pay,Success,1330.56,BRL,BRA,South America,,false,2020-09-22 20:18:12,micheal.hall064@dataops.example.com
,PAY-202009-00000005940,ORD-202009-0000001726,CUST-0000151089,2020-09-11 20:57:51,Apple Pay,Success,1986.54,EUR,ITA,Europe,,false,2020-09-11 20:57:51,ryan.steele043@commerce.example.com
,PAY-202009-00000005941,ORD-202009-0000004513,CUST-0000140541,2020-09-16 21:29:50,Apple Pay,Success,640.8,USD,USA,North America,,false,2020-09-16 21:29:50,patrick.gonzalez035@dataops.example.com
,PAY-202009-00000005942,ORD-202009-0000005610,CUST-0000153634,2020-09-11 21:19:28,Credit Card,Success,1205.07,EUR,ITA,Europe,,false,2020-09-11 21:19:28,adam.gordon030@commerce.example.com
,PAY-202009-00000005943,ORD-202009-0000004534,CUST-0000145887,2020-09-05 07:27:08,Phonepe,Success,2906.77,GBP,GBR,Europe,,false,2020-09-05 07:27:08,stephen.daniels076@commerce.example.com
,PAY-202009-00000005944,ORD-202009-0000002678,CUST-0000135122,2020-09-04 15:31:33,Gift Card,Failed,806.32,EUR,ESP,Europe,Network timeout,false,2020-09-04 15:31:33,stephen.clark001@analytics.example.com
,PAY-202009-00000005945,ORD-202009-0000001978,CUST-0000142315,2020-09-02 17:26:08,Buy Now Pay Later,Refunded,17.08,EUR,FRA,Europe,,true,2020-09-02 17:26:08,kelsey.taylor010@platform.example.com
,PAY-202009-00000005946,ORD-202009-0000006565,CUST-0000143043,2020-09-09 07:42:12,PayPal,Success,776.88,MXN,MEX,North America,,false,2020-09-09 07:42:12,michelle.bender024@analytics.example.com
,PAY-202009-00000005947,ORD-202009-0000000836,CUST-0000144796,2020-09-01 11:11:53,Gift Card,Failed,3311.66,AED,ARE,Asia,Card declined,false,2020-09-01 11:11:53,victor.palmer071@platform.example.com
,PAY-202009-00000005948,ORD-202009-0000000788,CUST-0000142943,2020-09-17 13:45:57,Apple Pay,Success,2452.25,EUR,FRA,Europe,,false,2020-09-17 13:45:57,david.cabrera119@dataops.example.com
,PAY-202009-00000005949,ORD-202009-0000000053,CUST-0000134442,2020-09-19 17:33:15,Bank Transfer,Success,288.44,EUR,ESP,Europe,,false,2020-09-19 17:33:15,timothy.cannon081@analytics.example.com
,PAY-202009-00000005950,ORD-202009-0000001241,CUST-0000137603,2020-09-12 14:06:20,Google Pay,Success,2037.65,USD,USA,North America,,false,2020-09-12 14:06:20,adam.gordon030@commerce.example.com
,PAY-202009-00000005951,ORD-202009-0000003661,CUST-0000144400,2020-09-29 14:53:19,Gift Card,Success,772.79,INR,IND,Asia,,false,2020-09-29 14:53:19,kelsey.taylor010@platform.example.com
,PAY-202009-00000005952,ORD-202009-0000005805,CUST-0000147422,2020-09-19 16:35:39,Apple Pay,Success,18.04,BRL,BRA,South America,,false,2020-09-19 16:35:39,jennifer.hudson020@analytics.example.com
,PAY-202009-00000005953,ORD-202009-0000003634,CUST-0000144468,2020-09-07 16:08:13,Buy Now Pay Later,Success,2951.14,JPY,JPN,Asia,,false,2020-09-07 16:08:13,alyssa.richards002@commerce.example.com
,PAY-202009-00000005954,ORD-202009-0000004219,CUST-0000141907,2020-09-03 11:52:17,Buy Now Pay Later,Success,1507.39,INR,IND,Asia,,false,2020-09-03 11:52:17,micheal.chen050@dataops.example.com
,PAY-202009-00000005955,ORD-202009-0000004053,CUST-0000149209,2020-09-08 13:33:23,Credit Card,Success,1595.38,EUR,ESP,Europe,,false,2020-09-08 13:33:23,lance.williams029@platform.example.com
,PAY-202009-00000005956,ORD-202009-0000002179,CUST-0000140025,2020-09-26 00:32:48,Google Pay,Success,956.04,USD,USA,North America,,false,2020-09-26 00:32:48,ashley.marks069@commerce.example.com
,PAY-202009-00000005957,ORD-202009-0000002514,CUST-0000146896,2020-09-18 23:36:16,Apple Pay,Success,2604.43,AUD,AUS,Oceania,,false,2020-09-18 23:36:16,joseph.johnson049@dataops.example.com
,PAY-202009-00000005958,ORD-202009-0000000184,CUST-0000146777,2020-09-28 16:22:30,Phonepe,Success,1555.45,BRL,BRA,South America,,false,2020-09-28 16:22:30,jennifer.hudson020@analytics.example.com
,PAY-202009-00000005959,ORD-202009-0000005235,CUST-0000144692,2020-09-11 04:45:11,Gift Card,Success,1369.27,EUR,NLD,Europe,,false,2020-09-11 04:45:11,kelsey.taylor010@platform.example.com
,PAY-202009-00000005960,ORD-202009-0000004755,CUST-0000140224,2020-09-23 20:40:33,Apple Pay,Success,2300.01,EUR,NLD,Europe,,false,2020-09-23 20:40:33,joseph.johnson049@dataops.example.com
,PAY-202009-00000005961,ORD-202009-0000002319,CUST-0000143799,2020-09-24 02:40:39,Bank Transfer,Success,1268.66,BRL,BRA,South America,,false,2020-09-24 02:40:39,jennifer.hudson020@analytics.example.com
,PAY-202009-00000005962,ORD-202009-0000001432,CUST-0000148745,2020-09-24 07:16:56,Paytm,Success,1880.33,INR,IND,Asia,,false,2020-09-24 07:16:56,adam.gordon030@commerce.example.com
,PAY-202009-00000005963,ORD-202009-0000000653,CUST-0000135390,2020-09-06 16:05:52,Phonepe,Success,742.22,EUR,DEU,Europe,,false,2020-09-06 16:05:52,timothy.cannon081@analytics.example.com
,PAY-202009-00000005964,ORD-202009-0000001391,CUST-0000141440,2020-09-13 04:21:21,Phonepe,Success,2076.83,BRL,BRA,South America,,false,2020-09-13 04:21:21,jennifer.hudson020@analytics.example.com
,PAY-202009-00000005965,ORD-202009-0000003860,CUST-0000139888,2020-09-08 01:49:50,Bank Transfer,Success,1085.16,SGD,SGP,Asia,,false,2020-09-08 01:49:50,susan.rice083@commerce.example.com
,PAY-202009-00000005966,ORD-202009-0000003735,CUST-0000151306,2020-09-06 19:51:08,Phonepe,Success,2921.66,EUR,ITA,Europe,,false,2020-09-06 19:51:08,lance.williams029@platform.example.com
,PAY-202009-00000005967,ORD-202009-0000003502,CUST-0000145165,2020-09-30 20:58:09,Paytm,Success,662.33,AED,ARE,Asia,,false,2020-09-30 20:58:09,patrick.gonzalez035@dataops.example.com
,PAY-202009-00000005968,ORD-202009-0000005105,CUST-0000134469,2020-09-11 04:36:11,Buy Now Pay Later,Success,62.65,SGD,SGP,Asia,,false,2020-09-11 04:36:11,jeffery.miller012@commerce.example.com
,PAY-202009-00000005969,ORD-202009-0000006059,CUST-0000139688,2020-09-03 14:56:53,Buy Now Pay Later,Success,641.73,USD,USA,North America,,false,2020-09-03 14:56:53,michael.berger060@platform.example.com
,PAY-202009-00000005970,ORD-202009-0000004720,CUST-0000150487,2020-09-16 02:21:35,Bank Transfer,Success,2538.3,BRL,BRA,South America,,false,2020-09-16 02:21:35,jeffery.miller012@commerce.example.com
,PAY-202009-00000005971,ORD-202009-0000003570,CUST-0000153220,2020-09-11 01:57:00,Gift Card,Success,1502.09,EUR,ESP,Europe,,false,2020-09-11 01:57:00,michael.johnson061@platform.example.com
,PAY-202009-00000005972,ORD-202009-0000004934,CUST-0000148679,2020-09-20 16:32:42,Google Pay,Success,3359.61,EUR,NLD,Europe,,false,2020-09-20 16:32:42,peter.martinez098@platform.example.com
,PAY-202009-00000005973,ORD-202009-0000001491,CUST-0000141588,2020-09-08 00:22:20,PayPal,Success,2426.53,INR,IND,Asia,,false,2020-09-08 00:22:20,kelsey.taylor010@platform.example.com
,PAY-202009-00000005974,ORD-202009-0000002484,CUST-0000139112,2020-09-02 17:07:16,Apple Pay,Success,1435.22,EUR,ESP,Europe,,false,2020-09-02 17:07:16,tina.williams074@commerce.example.com
,PAY-202009-00000005975,ORD-202009-0000004483,CUST-0000150822,2020-09-22 09:41:04,Bank Transfer,Success,2695.26,GBP,GBR,Europe,,false,2020-09-22 09:41:04,stephen.clark001@analytics.example.com
,PAY-202009-00000005976,ORD-202009-0000003020,CUST-0000137550,2020-09-09 07:41:24,PayPal,Success,2519.28,MXN,MEX,North America,,false,2020-09-09 07:41:24,stephen.clark001@analytics.example.com
,PAY-202009-00000005977,ORD-202009-0000005035,CUST-0000148872,2020-09-16 16:13:50,PayPal,Success,1625.48,EUR,ESP,Europe,,false,2020-09-16 16:13:50,joseph.johnson049@dataops.example.com
,PAY-202009-00000005978,ORD-202009-0000004306,CUST-0000143977,2020-09-13 16:30:06,Paytm,Success,634.89,CAD,CAN,North America,,false,2020-09-13 16:30:06,brandi.carter038@dataops.example.com
,PAY-202009-00000005979,ORD-202009-0000001831,CUST-0000136082,2020-09-20 06:03:32,Apple Pay,Success,1858.45,CAD,CAN,North America,,false,2020-09-20 06:03:32,taylor.cunningham023@commerce.example.com
,PAY-202009-00000005980,ORD-202009-0000005579,CUST-0000143485,2020-09-16 09:19:56,Phonepe,Success,1940.19,AED,ARE,Asia,,false,2020-09-16 09:19:56,lance.williams029@platform.example.com
,PAY-202009-00000005981,ORD-202009-0000004055,CUST-0000137057,2020-09-08 14:20:38,Google Pay,Failed,2913.22,JPY,JPN,Asia,Fraud check failed,false,2020-09-08 14:20:38,jennifer.bauer068@analytics.example.com
,PAY-202009-00000005982,ORD-202009-0000006215,CUST-0000147192,2020-09-10 08:09:32,Gift Card,Pending,2381.24,EUR,NLD,Europe,,false,2020-09-10 08:09:32,peter.martinez098@platform.example.com
,PAY-202009-00000005983,ORD-202009-0000003335,CUST-0000136189,2020-09-02 01:10:32,PayPal,Success,1836.27,USD,USA,North America,,false,2020-09-02 01:10:32,john.mullins109@commerce.example.com
,PAY-202009-00000005984,ORD-202009-0000001246,CUST-0000140755,2020-09-16 15:09:51,Credit Card,Success,604.13,EUR,ESP,Europe,,false,2020-09-16 15:09:51,michelle.bender024@analytics.example.com
,PAY-202009-00000005985,ORD-202009-0000004064,CUST-0000140232,2020-09-18 11:48:49,Google Pay,Success,2200.75,EUR,DEU,Europe,,false,2020-09-18 11:48:49,jennifer.bauer068@analytics.example.com
,PAY-202009-00000005986,ORD-202009-0000001729,CUST-0000136096,2020-09-28 03:27:05,Buy Now Pay Later,Success,587.62,MXN,MEX,North America,,false,2020-09-28 03:27:05,susan.rice083@commerce.example.com
,PAY-202009-00000005987,ORD-202009-0000000675,CUST-0000153175,2020-09-14 03:46:25,Bank Transfer,Success,1114.01,EUR,FRA,Europe,,false,2020-09-14 03:46:25,michelle.sims041@analytics.example.com
,PAY-202009-00000005988,ORD-202009-0000006217,CUST-0000144251,2020-09-01 22:18:27,Credit Card,Success,1894.53,EUR,ITA,Europe,,false,2020-09-01 22:18:27,stephen.clark001@analytics.example.com
,PAY-202009-00000005989,ORD-202009-0000000415,CUST-0000139476,2020-09-01 01:47:32,Phonepe,Success,2273.28,GBP,GBR,Europe,,false,2020-09-01 01:47:32,michelle.bender024@analytics.example.com
,PAY-202009-00000005990,ORD-202009-0000000586,CUST-0000135813,2020-09-06 05:59:01,Buy Now Pay Later,Success,2194.5,EUR,FRA,Europe,,false,2020-09-06 05:59:01,brandi.carter038@dataops.example.com
,PAY-202009-00000005991,ORD-202009-0000002939,CUST-0000141634,2020-09-27 09:06:58,Bank Transfer,Success,824.28,EUR,FRA,Europe,,false,2020-09-27 09:06:58,jennifer.hudson020@analytics.example.com
,PAY-202009-00000005992,ORD-202009-0000003156,CUST-0000135926,2020-09-09 09:14:57,Apple Pay,Success,327.71,MXN,MEX,North America,,false,2020-09-09 09:14:57,timothy.cameron104@commerce.example.com
,PAY-202009-00000005993,ORD-202009-0000001793,CUST-0000150700,2020-09-11 08:42:00,Apple Pay,Success,737.68,BRL,BRA,South America,,false,2020-09-11 08:42:00,joseph.johnson049@dataops.example.com
,PAY-202009-00000005994,ORD-202009-0000004939,CUST-0000148571,2020-09-24 03:51:52,Debit Card,Success,1279.92,CAD,CAN,North America,,false,2020-09-24 03:51:52,taylor.cunningham023@commerce.example.com
,PAY-202009-00000005995,ORD-202009-0000004962,CUST-0000146007,2020-09-15 21:59:46,Buy Now Pay Later,Success,1596.97,INR,IND,Asia,,false,2020-09-15 21:59:46,brandon.yu006@analytics.example.com
,PAY-202009-00000005996,ORD-202009-0000001850,CUST-0000134958,2020-09-22 09:44:30,Google Pay,Success,538.0,EUR,NLD,Europe,,false,2020-09-22 09:44:30,kelsey.taylor010@platform.example.com
,PAY-202009-00000005997,ORD-202009-0000000562,CUST-0000151305,2020-09-26 19:41:39,Paytm,Success,323.56,MXN,MEX,North America,,false,2020-09-26 19:41:39,micheal.chen050@dataops.example.com
,PAY-202009-00000005998,ORD-202009-0000002979,CUST-0000135836,2020-09-17 00:51:17,Bank Transfer,Success,1457.47,EUR,DEU,Europe,,false,2020-09-17 00:51:17,michelle.bender024@analytics.example.com
,PAY-202009-00000005999,ORD-202009-0000002342,CUST-0000147992,2020-09-27 15:06:24,Apple Pay,Success,1926.03,JPY,JPN,Asia,,false,2020-09-27 15:06:24,megan.cunningham013@commerce.example.com
,PAY-202009-00000006000,ORD-202009-0000005188,CUST-0000146390,2020-09-10 23:47:32,Bank Transfer,Success,1059.96,USD,USA,North America,,false,2020-09-10 23:47:32,alyssa.richards002@commerce.example.com
,PAY-202009-00000006001,ORD-202009-0000001967,CUST-0000146435,2020-09-28 02:51:06,Phonepe,Success,3097.6,MXN,MEX,North America,,false,2020-09-28 02:51:06,susan.rice083@commerce.example.com
,PAY-202009-00000006002,ORD-202009-0000005668,CUST-0000138817,2020-09-11 09:18:53,Paytm,Success,3250.54,GBP,GBR,Europe,,false,2020-09-11 09:18:53,peter.martinez098@platform.example.com
,PAY-202009-00000006003,ORD-202009-0000001495,CUST-0000144027,2020-09-03 10:03:32,Apple Pay,Success,1459.98,EUR,FRA,Europe,,false,2020-09-03 10:03:32,megan.cunningham013@commerce.example.com
,PAY-202009-00000006004,ORD-202009-0000002247,CUST-0000142530,2020-09-28 22:51:14,Bank Transfer,Success,3407.6,EUR,NLD,Europe,,false,2020-09-28 22:51:14,patrick.gonzalez035@dataops.example.com
,PAY-202009-00000006005,ORD-202009-0000002537,CUST-0000142685,2020-09-13 10:55:16,Debit Card,Success,3184.43,SGD,SGP,Asia,,false,2020-09-13 10:55:16,lance.williams029@platform.example.com
,PAY-202009-00000006006,ORD-202009-0000004737,CUST-0000143934,2020-09-27 15:38:07,Bank Transfer,Success,969.64,CAD,CAN,North America,,false,2020-09-27 15:38:07,david.cabrera119@dataops.example.com
,PAY-202009-00000006007,ORD-202009-0000005641,CUST-0000137516,2020-09-24 08:42:14,Apple Pay,Success,3267.3,EUR,ITA,Europe,,false,2020-09-24 08:42:14,kelsey.taylor010@platform.example.com
,PAY-202009-00000006008,ORD-202009-0000001025,CUST-0000147808,2020-09-22 05:46:56,Buy Now Pay Later,Success,2824.2,JPY,JPN,Asia,,false,2020-09-22 05:46:56,stephen.daniels076@commerce.example.com
,PAY-202009-00000006009,ORD-202009-0000004149,CUST-0000142775,2020-09-30 17:08:36,Bank Transfer,Success,352.34,BRL,BRA,South America,,false,2020-09-30 17:08:36,brandon.yu006@analytics.example.com
,PAY-202009-00000006010,ORD-202009-0000004498,CUST-0000138521,2020-09-30 16:28:55,Buy Now Pay Later,Success,2770.73,AUD,AUS,Oceania,,false,2020-09-30 16:28:55,andrea.cummings039@platform.example.com
,PAY-202009-00000006011,ORD-202009-0000002185,CUST-0000150263,2020-09-12 00:46:54,Apple Pay,Success,40.05,EUR,DEU,Europe,,false,2020-09-12 00:46:54,susan.rice083@commerce.example.com
,PAY-202009-00000006012,ORD-202009-0000006490,CUST-0000134982,2020-09-28 22:00:52,Paytm,Success,2916.54,INR,IND,Asia,,false,2020-09-28 22:00:52,megan.cunningham013@commerce.example.com
,PAY-202009-00000006013,ORD-202009-0000004490,CUST-0000137707,2020-09-11 03:22:03,Bank Transfer,Success,2841.17,USD,USA,North America,,false,2020-09-11 03:22:03,ashley.marks069@commerce.example.com
,PAY-202009-00000006014,ORD-202009-0000005096,CUST-0000136958,2020-09-30 07:05:36,Debit Card,Success,2977.66,USD,USA,North America,,false,2020-09-30 07:05:36,joseph.johnson049@dataops.example.com
,PAY-202009-00000006015,ORD-202009-0000005526,CUST-0000153631,2020-09-19 18:17:38,Apple Pay,Success,935.46,JPY,JPN,Asia,,false,2020-09-19 18:17:38,peter.martinez098@platform.example.com
,PAY-202009-00000006016,ORD-202009-0000005868,CUST-0000137982,2020-09-30 15:09:51,Paytm,Success,3487.24,EUR,FRA,Europe,,false,2020-09-30 15:09:51,micheal.hall064@dataops.example.com
,PAY-202009-00000006017,ORD-202009-0000001079,CUST-0000143876,2020-09-19 23:24:32,Debit Card,Success,851.33,EUR,ITA,Europe,,false,2020-09-19 23:24:32,tina.williams074@commerce.example.com
,PAY-202009-00000006018,ORD-202009-0000003242,CUST-0000146788,2020-09-22 14:16:15,PayPal,Success,1418.78,AED,ARE,Asia,,false,2020-09-22 14:16:15,ashley.marks069@commerce.example.com
,PAY-202009-00000006019,ORD-202009-0000001377,CUST-0000151800,2020-09-18 21:37:23,Apple Pay,Success,931.04,INR,IND,Asia,,false,2020-09-18 21:37:23,stephen.daniels076@commerce.example.com
,PAY-202009-00000006020,ORD-202009-0000002815,CUST-0000135810,2020-09-29 21:12:58,Bank Transfer,Success,3218.44,EUR,NLD,Europe,,false,2020-09-29 21:12:58,jeffery.miller012@commerce.example.com
,PAY-202009-00000006021,ORD-202009-0000003906,CUST-0000152239,2020-09-15 17:09:52,PayPal,Success,2002.01,AED,ARE,Asia,,false,2020-09-15 17:09:52,adam.gordon030@commerce.example.com
,PAY-202009-00000006022,ORD-202009-0000005463,CUST-0000144183,2020-09-02 22:56:04,Buy Now Pay Later,Success,1185.28,JPY,JPN,Asia,,false,2020-09-02 22:56:04,peter.martinez098@platform.example.com
,PAY-202009-00000006023,ORD-202009-0000006425,CUST-0000151726,2020-09-19 02:10:26,Google Pay,Success,3170.31,EUR,ESP,Europe,,false,2020-09-19 02:10:26,john.mullins109@commerce.example.com
,PAY-202009-00000006024,ORD-202009-0000003576,CUST-0000147788,2020-09-19 20:23:52,Paytm,Success,3101.75,USD,USA,North America,,false,2020-09-19 20:23:52,timothy.cameron104@commerce.example.com
,PAY-202009-00000006025,ORD-202009-0000003951,CUST-0000153709,2020-09-19 06:26:06,PayPal,Success,1169.49,EUR,ESP,Europe,,false,2020-09-19 06:26:06,jennifer.bauer068@analytics.example.com
,PAY-202009-00000006026,ORD-202009-0000000812,CUST-0000139600,2020-09-08 17:55:53,Debit Card,Success,1561.8,EUR,NLD,Europe,,false,2020-09-08 17:55:53,stephen.daniels076@commerce.example.com
,PAY-202009-00000006027,ORD-202009-0000001103,CUST-0000141819,2020-09-25 17:00:26,Paytm,Success,177.95,USD,USA,North America,,false,2020-09-25 17:00:26,stephen.clark001@analytics.example.com
,PAY-202009-00000006028,ORD-202009-0000000134,CUST-0000149873,2020-09-23 20:03:41,Apple Pay,Success,2609.58,AED,ARE,Asia,,false,2020-09-23 20:03:41,timothy.cannon081@analytics.example.com
,PAY-202009-00000006029,ORD-202009-0000005664,CUST-0000145457,2020-09-04 13:39:23,Paytm,Success,1097.43,JPY,JPN,Asia,,false,2020-09-04 13:39:23,victor.palmer071@platform.example.com
,PAY-202009-00000006030,ORD-202009-0000003903,CUST-0000144116,2020-09-22 11:54:31,Debit Card,Success,2236.43,EUR,NLD,Europe,,false,2020-09-22 11:54:31,eric.horton058@analytics.example.com
,PAY-202009-00000006031,ORD-202009-0000005845,CUST-0000151473,2020-09-02 19:52:58,Phonepe,Success,1981.78,MXN,MEX,North America,,false,2020-09-02 19:52:58,brandi.carter038@dataops.example.com
,PAY-202009-00000006032,ORD-202009-0000005116,CUST-0000143392,2020-09-04 17:44:19,Google Pay,Refunded,3356.67,EUR,ITA,Europe,,true,2020-09-04 17:44:19,eric.mullen052@dataops.example.com
,PAY-202009-00000006033,ORD-202009-0000002813,CUST-0000136550,2020-09-09 14:52:34,Phonepe,Success,3008.89,JPY,JPN,Asia,,false,2020-09-09 14:52:34,micheal.chen050@dataops.example.com
,PAY-202009-00000006034,ORD-202009-0000001944,CUST-0000138399,2020-09-21 00:18:55,Buy Now Pay Later,Success,1590.89,SGD,SGP,Asia,,false,2020-09-21 00:18:55,ashley.marks069@commerce.example.com
,PAY-202009-00000006035,ORD-202009-0000002356,CUST-0000141735,2020-09-10 07:06:53,Credit Card,Success,1295.87,EUR,ESP,Europe,,false,2020-09-10 07:06:53,tina.williams074@commerce.example.com
,PAY-202009-00000006036,ORD-202009-0000004962,CUST-0000148862,2020-09-03 05:35:27,Bank Transfer,Success,2848.88,USD,USA,North America,,false,2020-09-03 05:35:27,jennifer.hudson020@analytics.example.com
,PAY-202009-00000006037,ORD-202009-0000005593,CUST-0000142535,2020-09-14 18:32:26,Debit Card,Success,1967.42,GBP,GBR,Europe,,false,2020-09-14 18:32:26,stephen.clark001@analytics.example.com
,PAY-202009-00000006038,ORD-202009-0000000644,CUST-0000153142,2020-09-29 22:43:03,Paytm,Refunded,344.76,SGD,SGP,Asia,,true,2020-09-29 22:43:03,timothy.cannon081@analytics.example.com
,PAY-202009-00000006039,ORD-202009-0000005721,CUST-0000148617,2020-09-17 22:37:11,Phonepe,Success,218.23,GBP,GBR,Europe,,false,2020-09-17 22:37:11,brandi.carter038@dataops.example.com
,PAY-202009-00000006040,ORD-202009-0000005527,CUST-0000149378,2020-09-12 12:49:26,PayPal,Success,269.96,GBP,GBR,Europe,,false,2020-09-12 12:49:26,joseph.johnson049@dataops.example.com
,PAY-202009-00000006041,ORD-202009-0000000828,CUST-0000148080,2020-09-19 03:14:30,Google Pay,Refunded,903.49,USD,USA,North America,,true,2020-09-19 03:14:30,micheal.chen050@dataops.example.com
,PAY-202009-00000006042,ORD-202009-0000000498,CUST-0000141642,2020-09-13 07:22:57,Bank Transfer,Success,2356.09,CAD,CAN,North America,,false,2020-09-13 07:22:57,micheal.chen050@dataops.example.com
,PAY-202009-00000006043,ORD-202009-0000000713,CUST-0000149660,2020-09-05 05:01:34,Gift Card,Success,710.02,MXN,MEX,North America,,false,2020-09-05 05:01:34,david.cabrera119@dataops.example.com
,PAY-202009-00000006044,ORD-202009-0000004156,CUST-0000151034,2020-09-04 19:10:42,Google Pay,Success,1538.65,CAD,CAN,North America,,false,2020-09-04 19:10:42,michelle.sims041@analytics.example.com
,PAY-202009-00000006045,ORD-202009-0000001353,CUST-0000142314,2020-09-08 21:28:17,Buy Now Pay Later,Success,3000.3,EUR,DEU,Europe,,false,2020-09-08 21:28:17,stephen.clark001@analytics.example.com
,PAY-202009-00000006046,ORD-202009-0000001997,CUST-0000151471,2020-09-25 16:57:41,Gift Card,Success,1745.21,MXN,MEX,North America,,false,2020-09-25 16:57:41,adam.gordon030@commerce.example.com
,PAY-202009-00000006047,ORD-202009-0000004851,CUST-0000141291,2020-09-24 12:45:56,Buy Now Pay Later,Success,1232.32,AUD,AUS,Oceania,,false,2020-09-24 12:45:56,susan.rice083@commerce.example.com
,PAY-202009-00000006048,ORD-202009-0000002072,CUST-0000151300,2020-09-10 02:24:56,Apple Pay,Failed,75.15,AED,ARE,Asia,Invalid CVV,false,2020-09-10 02:24:56,taylor.cunningham023@commerce.example.com
,PAY-202009-00000006049,ORD-202009-0000005329,CUST-0000139090,2020-09-30 07:09:32,Google Pay,Success,123.17,EUR,NLD,Europe,,false,2020-09-30 07:09:32,taylor.cunningham023@commerce.example.com
,PAY-202009-00000006050,ORD-202009-0000002415,CUST-0000147537,2020-09-25 14:23:36,Debit Card,Success,3394.03,EUR,NLD,Europe,,false,2020-09-25 14:23:36,patrick.gonzalez035@dataops.example.com
,PAY-202009-00000006051,ORD-202009-0000000539,CUST-0000147707,2020-09-28 12:40:41,PayPal,Success,410.51,AUD,AUS,Oceania,,false,2020-09-28 12:40:41,ashley.marks069@commerce.example.com
,PAY-202009-00000006052,ORD-202009-0000005958,CUST-0000139783,2020-09-08 15:59:24,Google Pay,Success,3242.34,MXN,MEX,North America,,false,2020-09-08 15:59:24,michael.johnson061@platform.example.com
,PAY-202009-00000006053,ORD-202009-0000005348,CUST-0000145154,2020-09-05 01:15:51,Bank Transfer,Success,507.59,GBP,GBR,Europe,,false,2020-09-05 01:15:51,megan.cunningham013@commerce.example.com
,PAY-202009-00000006054,ORD-202009-0000002528,CUST-0000142034,2020-09-28 15:20:04,Gift Card,Pending,2514.91,JPY,JPN,Asia,,false,2020-09-28 15:20:04,peter.martinez098@platform.example.com
,PAY-202009-00000006055,ORD-202009-0000002501,CUST-0000145447,2020-09-16 10:27:37,Debit Card,Success,552.97,AUD,AUS,Oceania,,false,2020-09-16 10:27:37,jennifer.hudson020@analytics.example.com
,PAY-202009-00000006056,ORD-202009-0000004586,CUST-0000146609,2020-09-03 18:05:53,Paytm,Success,1911.12,EUR,ITA,Europe,,false,2020-09-03 18:05:53,brandon.yu006@analytics.example.com
,PAY-202009-00000006057,ORD-202009-0000003265,CUST-0000140443,2020-09-04 14:19:10,Credit Card,Success,537.9,AED,ARE,Asia,,false,2020-09-04 14:19:10,peter.martinez098@platform.example.com
,PAY-202009-00000006058,ORD-202009-0000000844,CUST-0000138171,2020-09-26 07:19:59,Gift Card,Success,2623.35,AUD,AUS,Oceania,,false,2020-09-26 07:19:59,eric.horton058@analytics.example.com
,PAY-202009-00000006059,ORD-202009-0000000967,CUST-0000145603,2020-09-16 05:25:37,Phonepe,Success,2410.42,EUR,NLD,Europe,,false,2020-09-16 05:25:37,ryan.steele043@commerce.example.com
,PAY-202009-00000006060,ORD-202009-0000004478,CUST-0000140404,2020-09-07 17:01:33,Phonepe,Failed,158.08,GBP,GBR,Europe,Fraud check failed,false,2020-09-07 17:01:33,peter.martinez098@platform.example.com
,PAY-202009-00000006061,ORD-202009-0000000454,CUST-0000136996,2020-09-15 06:33:53,Debit Card,Success,2520.14,CAD,CAN,North America,,false,2020-09-15 06:33:53,james.proctor094@dataops.example.com
,PAY-202009-00000006062,ORD-202009-0000003259,CUST-0000148470,2020-09-24 05:00:10,Bank Transfer,Success,537.77,AUD,AUS,Oceania,,false,2020-09-24 05:00:10,patrick.gonzalez035@dataops.example.com
,PAY-202009-00000006063,ORD-202009-0000001683,CUST-0000149901,2020-09-26 02:40:57,Google Pay,Success,1100.09,CAD,CAN,North America,,false,2020-09-26 02:40:57,brandon.yu006@analytics.example.com
,PAY-202009-00000006064,ORD-202009-0000002613,CUST-0000137040,2020-09-22 12:20:41,Apple Pay,Success,2519.02,EUR,ITA,Europe,,false,2020-09-22 12:20:41,michelle.bender024@analytics.example.com
,PAY-202009-00000006065,ORD-202009-0000002720,CUST-0000149328,2020-09-17 06:48:52,Bank Transfer,Success,1845.94,EUR,DEU,Europe,,false,2020-09-17 06:48:52,peter.martinez098@platform.example.com
,PAY-202009-00000006066,ORD-202009-0000004766,CUST-0000137205,2020-09-03 00:42:34,Paytm,Success,1101.76,AED,ARE,Asia,,false,2020-09-03 00:42:34,megan.cunningham013@commerce.example.com
,PAY-202009-00000006067,ORD-202009-0000005267,CUST-0000136086,2020-09-10 02:44:57,Debit Card,Success,2991.69,EUR,DEU,Europe,,false,2020-09-10 02:44:57,peter.martinez098@platform.example.com
,PAY-202009-00000006068,ORD-202009-0000002957,CUST-0000140563,2020-09-19 14:40:50,Paytm,Success,3431.63,EUR,DEU,Europe,,false,2020-09-19 14:40:50,alyssa.richards002@commerce.example.com
,PAY-202009-00000006069,ORD-202009-0000000112,CUST-0000144472,2020-09-26 14:05:43,Credit Card,Success,425.23,AUD,AUS,Oceania,,false,2020-09-26 14:05:43,timothy.cameron104@commerce.example.com
,PAY-202009-00000006070,ORD-202009-0000003991,CUST-0000138064,2020-09-15 12:58:12,Paytm,Success,94.7,BRL,BRA,South America,,false,2020-09-15 12:58:12,brandi.carter038@dataops.example.com
,PAY-202009-00000006071,ORD-202009-0000002394,CUST-0000150683,2020-09-11 19:37:53,Credit Card,Success,1033.69,BRL,BRA,South America,,false,2020-09-11 19:37:53,jeffery.miller012@commerce.example.com
,PAY-202009-00000006072,ORD-202009-0000003758,CUST-0000145956,2020-09-03 04:39:36,PayPal,Success,833.63,GBP,GBR,Europe,,false,2020-09-03 04:39:36,ryan.steele043@commerce.example.com
,PAY-202009-00000006073,ORD-202009-0000000751,CUST-0000142162,2020-09-18 08:05:21,Phonepe,Success,2007.89,AED,ARE,Asia,,false,2020-09-18 08:05:21,eric.mullen052@dataops.example.com
,PAY-202009-00000006074,ORD-202009-0000005698,CUST-0000153813,2020-09-16 20:59:48,Apple Pay,Success,488.14,MXN,MEX,North America,,false,2020-09-16 20:59:48,michelle.bender024@analytics.example.com
,PAY-202009-00000006075,ORD-202009-0000005473,CUST-0000146911,2020-09-21 22:40:07,PayPal,Success,2414.31,SGD,SGP,Asia,,false,2020-09-21 22:40:07,maria.ashley046@analytics.example.com
,PAY-202009-00000006076,ORD-202009-0000006387,CUST-0000140971,2020-09-24 06:35:49,Gift Card,Success,166.22,EUR,DEU,Europe,,false,2020-09-24 06:35:49,james.proctor094@dataops.example.com
,PAY-202009-00000006077,ORD-202009-0000002868,CUST-0000140217,2020-09-05 14:48:28,PayPal,Success,3010.4,EUR,DEU,Europe,,false,2020-09-05 14:48:28,ryan.steele043@commerce.example.com
,PAY-202009-00000006078,ORD-202009-0000002849,CUST-0000147594,2020-09-10 00:13:08,Credit Card,Failed,2959.34,MXN,MEX,North America,Invalid CVV,false,2020-09-10 00:13:08,stephen.clark001@analytics.example.com
,PAY-202009-00000006079,ORD-202009-0000006083,CUST-0000134464,2020-09-14 16:02:38,Debit Card,Success,359.33,EUR,FRA,Europe,,false,2020-09-14 16:02:38,stephen.daniels076@commerce.example.com
,PAY-202009-00000006080,ORD-202009-0000006495,CUST-0000151843,2020-09-24 03:00:21,Debit Card,Success,1442.66,EUR,NLD,Europe,,false,2020-09-24 03:00:21,victor.palmer071@platform.example.com
,PAY-202009-00000006081,ORD-202009-0000001877,CUST-0000138234,2020-09-25 19:38:18,Buy Now Pay Later,Success,1114.2,AED,ARE,Asia,,false,2020-09-25 19:38:18,brandon.yu006@analytics.example.com
,PAY-202009-00000006082,ORD-202009-0000005567,CUST-0000143916,2020-09-05 03:45:30,Bank Transfer,Success,1870.78,AED,ARE,Asia,,false,2020-09-05 03:45:30,jennifer.hudson020@analytics.example.com
,PAY-202009-00000006083,ORD-202009-0000002040,CUST-0000153588,2020-09-23 09:24:59,Paytm,Pending,2355.57,BRL,BRA,South America,,false,2020-09-23 09:24:59,megan.cunningham013@commerce.example.com
,PAY-202009-00000006084,ORD-202009-0000002337,CUST-0000153380,2020-09-11 05:05:52,Phonepe,Success,2476.6,EUR,NLD,Europe,,false,2020-09-11 05:05:52,susan.rice083@commerce.example.com
,PAY-202009-00000006085,ORD-202009-0000000854,CUST-0000151930,2020-09-04 07:46:55,Bank Transfer,Success,2535.9,INR,IND,Asia,,false,2020-09-04 07:46:55,peter.martinez098@platform.example.com
,PAY-202009-00000006086,ORD-202009-0000002388,CUST-0000140295,2020-09-02 04:34:39,PayPal,Refunded,1044.33,AED,ARE,Asia,,true,2020-09-02 04:34:39,eric.horton058@analytics.example.com
,PAY-202009-00000006087,ORD-202009-0000001367,CUST-0000148675,2020-09-07 03:16:45,Phonepe,Success,1994.24,EUR,ESP,Europe,,false,2020-09-07 03:16:45,andrea.cummings039@platform.example.com
,PAY-202009-00000006088,ORD-202009-0000000684,CUST-0000141231,2020-09-11 20:01:23,Apple Pay,Failed,2257.28,EUR,ESP,Europe,Insufficient funds,false,2020-09-11 20:01:23,peter.martinez098@platform.example.com
,PAY-202009-00000006089,ORD-202009-0000004237,CUST-0000146178,2020-09-08 09:53:36,Debit Card,Success,1077.23,INR,IND,Asia,,false,2020-09-08 09:53:36,patrick.gonzalez035@dataops.example.com
,PAY-202009-00000006090,ORD-202009-0000001578,CUST-0000142290,2020-09-21 12:00:46,Buy Now Pay Later,Success,3034.16,EUR,FRA,Europe,,false,2020-09-21 12:00:46,maria.ashley046@analytics.example.com
,PAY-202009-00000006091,ORD-202009-0000000044,CUST-0000151031,2020-09-02 15:42:34,Phonepe,Success,3415.78,EUR,ESP,Europe,,false,2020-09-02 15:42:34,michelle.sims041@analytics.example.com
,PAY-202009-00000006092,ORD-202009-0000003930,CUST-0000153016,2020-09-12 11:08:00,Google Pay,Success,1370.61,SGD,SGP,Asia,,false,2020-09-12 11:08:00,eric.horton058@analytics.example.com
,PAY-202009-00000006093,ORD-202009-0000004489,CUST-0000141209,2020-09-27 23:04:23,Google Pay,Success,2005.55,SGD,SGP,Asia,,false,2020-09-27 23:04:23,timothy.cannon081@analytics.example.com
,PAY-202009-00000006094,ORD-202009-0000001654,CUST-0000149379,2020-09-04 19:54:26,Paytm,Success,3172.79,BRL,BRA,South America,,false,2020-09-04 19:54:26,jennifer.bauer068@analytics.example.com
,PAY-202009-00000006095,ORD-202009-0000004112,CUST-0000142287,2020-09-12 13:53:37,Paytm,Success,450.28,EUR,DEU,Europe,,false,2020-09-12 13:53:37,ashley.marks069@commerce.example.com
,PAY-202009-00000006096,ORD-202009-0000000617,CUST-0000148600,2020-09-27 13:21:22,Gift Card,Success,377.81,SGD,SGP,Asia,,false,2020-09-27 13:21:22,michelle.bender024@analytics.example.com
,PAY-202009-00000006097,ORD-202009-0000003659,CUST-0000143068,2020-09-20 04:25:11,Google Pay,Failed,3048.95,MXN,MEX,North America,Card declined,false,2020-09-20 04:25:11,stephen.daniels076@commerce.example.com
,PAY-202009-00000006098,ORD-202009-0000004386,CUST-0000139475,2020-09-30 18:45:28,Paytm,Success,2212.9,EUR,DEU,Europe,,false,2020-09-30 18:45:28,alyssa.richards002@commerce.example.com
,PAY-202009-00000006099,ORD-202009-0000001169,CUST-0000147863,2020-09-28 10:31:05,Buy Now Pay Later,Success,2055.19,CAD,CAN,North America,,false,2020-09-28 10:31:05,tina.williams074@commerce.example.com
,PAY-202009-00000006100,ORD-202009-0000002573,CUST-0000137312,2020-09-09 01:48:09,Paytm,Success,1715.37,USD,USA,North America,,false,2020-09-09 01:48:09,micheal.chen050@dataops.example.com
,PAY-202009-00000006101,ORD-202009-0000001283,CUST-0000147437,2020-09-05 19:57:31,Bank Transfer,Success,1605.53,EUR,FRA,Europe,,false,2020-09-05 19:57:31,tina.williams074@commerce.example.com
,PAY-202009-00000006102,ORD-202009-0000001776,CUST-0000149270,2020-09-22 17:29:44,PayPal,Success,3087.64,AED,ARE,Asia,,false,2020-09-22 17:29:44,eric.horton058@analytics.example.com
,PAY-202009-00000006103,ORD-202009-0000003977,CUST-0000138437,2020-09-17 08:45:16,Apple Pay,Refunded,2099.62,INR,IND,Asia,,true,2020-09-17 08:45:16,victor.palmer071@platform.example.com
,PAY-202009-00000006104,ORD-202009-0000001178,CUST-0000154069,2020-09-04 11:55:56,Buy Now Pay Later,Failed,861.43,CAD,CAN,North America,Fraud check failed,false,2020-09-04 11:55:56,stephen.clark001@analytics.example.com
,PAY-202009-00000006105,ORD-202009-0000001310,CUST-0000147736,2020-09-09 14:17:32,Bank Transfer,Success,3108.34,SGD,SGP,Asia,,false,2020-09-09 14:17:32,kelsey.taylor010@platform.example.com
,PAY-202009-00000006106,ORD-202009-0000006075,CUST-0000146540,2020-09-03 07:08:59,Gift Card,Success,1446.86,EUR,ESP,Europe,,false,2020-09-03 07:08:59,michelle.bender024@analytics.example.com
,PAY-202009-00000006107,ORD-202009-0000005926,CUST-0000151023,2020-09-12 18:59:58,Buy Now Pay Later,Success,1741.16,AED,ARE,Asia,,false,2020-09-12 18:59:58,ashley.marks069@commerce.example.com
,PAY-202009-00000006108,ORD-202009-0000004534,CUST-0000150555,2020-09-22 03:34:16,Gift Card,Failed,1116.22,AED,ARE,Asia,Network timeout,false,2020-09-22 03:34:16,joseph.johnson049@dataops.example.com
,PAY-202009-00000006109,ORD-202009-0000005966,CUST-0000151628,2020-09-23 09:24:50,Credit Card,Success,2494.49,EUR,FRA,Europe,,false,2020-09-23 09:24:50,jennifer.bauer068@analytics.example.com
,PAY-202009-00000006110,ORD-202009-0000004084,CUST-0000149834,2020-09-12 22:30:45,Bank Transfer,Success,1911.8,INR,IND,Asia,,false,2020-09-12 22:30:45,taylor.cunningham023@commerce.example.com
,PAY-202009-00000006111,ORD-202009-0000006049,CUST-0000151648,2020-09-26 05:37:52,PayPal,Success,307.43,CAD,CAN,North America,,false,2020-09-26 05:37:52,susan.rice083@commerce.example.com
,PAY-202009-00000006112,ORD-202009-0000003561,CUST-0000141630,2020-09-30 15:21:27,Bank Transfer,Success,1744.88,INR,IND,Asia,,false,2020-09-30 15:21:27,jennifer.bauer068@analytics.example.com
,PAY-202009-00000006113,ORD-202009-0000004277,CUST-0000140347,2020-09-14 23:35:33,Buy Now Pay Later,Success,3157.02,SGD,SGP,Asia,,false,2020-09-14 23:35:33,maria.ashley046@analytics.example.com
,PAY-202009-00000006114,ORD-202009-0000005185,CUST-0000148844,2020-09-22 03:31:29,Phonepe,Pending,1343.12,EUR,NLD,Europe,,false,2020-09-22 03:31:29,eric.mullen052@dataops.example.com
,PAY-202009-00000006115,ORD-202009-0000002260,CUST-0000151872,2020-09-26 02:29:05,Paytm,Success,1003.83,EUR,DEU,Europe,,false,2020-09-26 02:29:05,micheal.hall064@dataops.example.com
,PAY-202009-00000006116,ORD-202009-0000004825,CUST-0000146764,2020-09-11 05:53:46,PayPal,Success,3068.24,EUR,ESP,Europe,,false,2020-09-11 05:53:46,maria.ashley046@analytics.example.com
,PAY-202009-00000006117,ORD-202009-0000005337,CUST-0000140342,2020-09-12 22:35:51,Credit Card,Success,3192.65,SGD,SGP,Asia,,false,2020-09-12 22:35:51,ryan.steele043@commerce.example.com
,PAY-202009-00000006118,ORD-202009-0000000438,CUST-0000138036,2020-09-24 18:14:29,Gift Card,Success,2840.65,CAD,CAN,North America,,false,2020-09-24 18:14:29,john.mullins109@commerce.example.com
,PAY-202009-00000006119,ORD-202009-0000000762,CUST-0000150502,2020-09-30 20:45:08,Paytm,Success,2960.31,CAD,CAN,North America,,false,2020-09-30 20:45:08,andrea.cummings039@platform.example.com
,PAY-202009-00000006120,ORD-202009-0000002435,CUST-0000136957,2020-09-03 15:35:30,Paytm,Success,1473.99,EUR,FRA,Europe,,false,2020-09-03 15:35:30,ryan.steele043@commerce.example.com
,PAY-202009-00000006121,ORD-202009-0000005731,CUST-0000145285,2020-09-27 20:08:23,Apple Pay,Success,1564.58,MXN,MEX,North America,,false,2020-09-27 20:08:23,timothy.cannon081@analytics.example.com
,PAY-202009-00000006122,ORD-202009-0000006055,CUST-0000143188,2020-09-24 04:47:58,Credit Card,Success,83.71,SGD,SGP,Asia,,false,2020-09-24 04:47:58,tina.williams074@commerce.example.com
,PAY-202009-00000006123,ORD-202009-0000000761,CUST-0000142166,2020-09-09 08:53:49,Phonepe,Success,45.36,AED,ARE,Asia,,false,2020-09-09 08:53:49,james.proctor094@dataops.example.com
,PAY-202009-00000006124,ORD-202009-0000002566,CUST-0000147094,2020-09-14 04:30:22,Gift Card,Success,297.76,USD,USA,North America,,false,2020-09-14 04:30:22,taylor.cunningham023@commerce.example.com
,PAY-202009-00000006125,ORD-202009-0000000410,CUST-0000136014,2020-09-04 15:25:37,Google Pay,Success,1245.62,BRL,BRA,South America,,false,2020-09-04 15:25:37,jennifer.hudson020@analytics.example.com
,PAY-202009-00000006126,ORD-202009-0000001830,CUST-0000143836,2020-09-10 11:06:16,Buy Now Pay Later,Success,3491.42,JPY,JPN,Asia,,false,2020-09-10 11:06:16,james.proctor094@dataops.example.com
,PAY-202009-00000006127,ORD-202009-0000000276,CUST-0000136095,2020-09-28 18:35:30,Gift Card,Success,539.08,EUR,ESP,Europe,,false,2020-09-28 18:35:30,ashley.marks069@commerce.example.com
,PAY-202009-00000006128,ORD-202009-0000003202,CUST-0000138347,2020-09-13 23:26:31,Bank Transfer,Pending,1373.0,INR,IND,Asia,,false,2020-09-13 23:26:31,ryan.steele043@commerce.example.com
,PAY-202009-00000006129,ORD-202009-0000002820,CUST-0000148783,2020-09-20 06:27:15,Phonepe,Success,390.13,GBP,GBR,Europe,,false,2020-09-20 06:27:15,peter.martinez098@platform.example.com
,PAY-202009-00000006130,ORD-202009-0000006576,CUST-0000147726,2020-09-29 06:22:23,PayPal,Success,712.4,EUR,DEU,Europe,,false,2020-09-29 06:22:23,eric.mullen052@dataops.example.com
,PAY-202009-00000006131,ORD-202009-0000001276,CUST-0000134753,2020-09-13 08:43:28,Paytm,Success,2115.05,EUR,ITA,Europe,,false,2020-09-13 08:43:28,maria.ashley046@analytics.example.com
,PAY-202009-00000006132,ORD-202009-0000005400,CUST-0000140756,2020-09-21 03:51:22,Gift Card,Success,3498.31,CAD,CAN,North America,,false,2020-09-21 03:51:22,brandon.yu006@analytics.example.com
,PAY-202009-00000006133,ORD-202009-0000005765,CUST-0000139789,2020-09-23 14:39:01,Google Pay,Success,2045.72,JPY,JPN,Asia,,false,2020-09-23 14:39:01,brandon.yu006@analytics.example.com
,PAY-202009-00000006134,ORD-202009-0000004962,CUST-0000143323,2020-09-24 13:43:08,PayPal,Success,2110.63,CAD,CAN,North America,,false,2020-09-24 13:43:08,victor.palmer071@platform.example.com
,PAY-202009-00000006135,ORD-202009-0000003315,CUST-0000152021,2020-09-29 06:33:24,Phonepe,Success,3167.38,BRL,BRA,South America,,false,2020-09-29 06:33:24,john.mullins109@commerce.example.com
,PAY-202009-00000006136,ORD-202009-0000005521,CUST-0000153658,2020-09-15 09:07:29,Google Pay,Refunded,2449.22,EUR,ITA,Europe,,true,2020-09-15 09:07:29,joseph.johnson049@dataops.example.com
,PAY-202009-00000006137,ORD-202009-0000005696,CUST-0000137644,2020-09-21 22:57:54,Gift Card,Success,215.82,CAD,CAN,North America,,false,2020-09-21 22:57:54,victor.palmer071@platform.example.com
,PAY-202009-00000006138,ORD-202009-0000005212,CUST-0000143038,2020-09-26 20:27:50,Google Pay,Success,1502.61,JPY,JPN,Asia,,false,2020-09-26 20:27:50,peter.martinez098@platform.example.com
,PAY-202009-00000006139,ORD-202009-0000005221,CUST-0000141589,2020-09-17 21:03:27,Credit Card,Success,1211.52,BRL,BRA,South America,,false,2020-09-17 21:03:27,kelsey.taylor010@platform.example.com
,PAY-202009-00000006140,ORD-202009-0000004401,CUST-0000149561,2020-09-18 11:47:27,Paytm,Success,1477.12,EUR,DEU,Europe,,false,2020-09-18 11:47:27,jeffery.miller012@commerce.example.com
,PAY-202009-00000006141,ORD-202009-0000004068,CUST-0000148820,2020-09-13 11:06:34,Paytm,Success,1623.29,JPY,JPN,Asia,,false,2020-09-13 11:06:34,david.cabrera119@dataops.example.com
,PAY-202009-00000006142,ORD-202009-0000006423,CUST-0000151463,2020-09-15 00:11:15,Google Pay,Success,40.63,EUR,ESP,Europe,,false,2020-09-15 00:11:15,stephen.clark001@analytics.example.com
,PAY-202009-00000006143,ORD-202009-0000001235,CUST-0000140525,2020-09-27 23:30:22,Gift Card,Success,2771.48,EUR,ITA,Europe,,false,2020-09-27 23:30:22,eric.horton058@analytics.example.com
,PAY-202009-00000006144,ORD-202009-0000003469,CUST-0000151572,2020-09-01 17:14:55,Buy Now Pay Later,Success,1263.62,MXN,MEX,North America,,false,2020-09-01 17:14:55,michelle.sims041@analytics.example.com
,PAY-202009-00000006145,ORD-202009-0000005270,CUST-0000141529,2020-09-03 18:32:04,Credit Card,Success,1594.54,SGD,SGP,Asia,,false,2020-09-03 18:32:04,joseph.johnson049@dataops.example.com
,PAY-202009-00000006146,ORD-202009-0000005266,CUST-0000138345,2020-09-08 12:15:42,Phonepe,Success,1993.86,EUR,DEU,Europe,,false,2020-09-08 12:15:42,adam.gordon030@commerce.example.com
,PAY-202009-00000006147,ORD-202009-0000002537,CUST-0000140290,2020-09-19 18:44:41,Paytm,Success,2213.5,EUR,FRA,Europe,,false,2020-09-19 18:44:41,taylor.cunningham023@commerce.example.com
,PAY-202009-00000006148,ORD-202009-0000000457,CUST-0000138292,2020-09-06 11:18:57,PayPal,Success,1926.34,EUR,NLD,Europe,,false,2020-09-06 11:18:57,stephen.daniels076@commerce.example.com
,PAY-202009-00000006149,ORD-202009-0000003927,CUST-0000135360,2020-09-30 19:57:19,Apple Pay,Success,3123.1,EUR,ITA,Europe,,false,2020-09-30 19:57:19,alyssa.richards002@commerce.example.com
,PAY-202009-00000006150,ORD-202009-0000001370,CUST-0000148313,2020-09-06 06:37:10,Bank Transfer,Success,3010.05,BRL,BRA,South America,,false,2020-09-06 06:37:10,stephen.daniels076@commerce.example.com
,PAY-202009-00000006151,ORD-202009-0000003797,CUST-0000137809,2020-09-25 16:01:50,Credit Card,Success,2879.68,EUR,ESP,Europe,,false,2020-09-25 16:01:50,alyssa.richards002@commerce.example.com
,PAY-202009-00000006152,ORD-202009-0000000677,CUST-0000149708,2020-09-28 04:14:52,Paytm,Success,1623.87,EUR,ESP,Europe,,false,2020-09-28 04:14:52,lance.williams029@platform.example.com
,PAY-202009-00000006153,ORD-202009-0000004482,CUST-0000148696,2020-09-15 20:50:28,Gift Card,Success,322.86,EUR,FRA,Europe,,false,2020-09-15 20:50:28,jennifer.hudson020@analytics.example.com
,PAY-202009-00000006154,ORD-202009-0000001272,CUST-0000147301,2020-09-26 03:59:01,Google Pay,Success,920.18,AED,ARE,Asia,,false,2020-09-26 03:59:01,michelle.sims041@analytics.example.com
,PAY-202009-00000006155,ORD-202009-0000004188,CUST-0000135593,2020-09-20 10:05:19,Buy Now Pay Later,Success,1751.97,EUR,FRA,Europe,,false,2020-09-20 10:05:19,timothy.cameron104@commerce.example.com
,PAY-202009-00000006156,ORD-202009-0000001604,CUST-0000137189,2020-09-07 02:34:51,PayPal,Success,240.97,USD,USA,North America,,false,2020-09-07 02:34:51,michael.berger060@platform.example.com
,PAY-202009-00000006157,ORD-202009-0000005948,CUST-0000145285,2020-09-18 11:30:00,Google Pay,Success,2007.64,AUD,AUS,Oceania,,false,2020-09-18 11:30:00,brandi.carter038@dataops.example.com
,PAY-202009-00000006158,ORD-202009-0000000919,CUST-0000137029,2020-09-11 08:32:39,Paytm,Success,1382.49,EUR,NLD,Europe,,false,2020-09-11 08:32:39,eric.mullen052@dataops.example.com
,PAY-202009-00000006159,ORD-202009-0000001368,CUST-0000141897,2020-09-08 22:30:40,Apple Pay,Success,1448.36,JPY,JPN,Asia,,false,2020-09-08 22:30:40,timothy.cameron104@commerce.example.com
,PAY-202009-00000006160,ORD-202009-0000003092,CUST-0000138365,2020-09-01 15:06:11,Google Pay,Success,3128.11,USD,USA,North America,,false,2020-09-01 15:06:11,patrick.gonzalez035@dataops.example.com
,PAY-202009-00000006161,ORD-202009-0000002256,CUST-0000139791,2020-09-17 13:54:48,Paytm,Success,985.66,CAD,CAN,North America,,false,2020-09-17 13:54:48,adam.gordon030@commerce.example.com
,PAY-202009-00000006162,ORD-202009-0000001904,CUST-0000135431,2020-09-20 18:48:56,Paytm,Success,1224.23,EUR,DEU,Europe,,false,2020-09-20 18:48:56,andrea.cummings039@platform.example.com
,PAY-202009-00000006163,ORD-202009-0000006008,CUST-0000147558,2020-09-14 00:13:53,Apple Pay,Success,1765.96,CAD,CAN,North America,,false,2020-09-14 00:13:53,ryan.steele043@commerce.example.com
,PAY-202009-00000006164,ORD-202009-0000005301,CUST-0000143152,2020-09-29 17:26:46,Credit Card,Success,667.22,EUR,ESP,Europe,,false,2020-09-29 17:26:46,eric.horton058@analytics.example.com
,PAY-202009-00000006165,ORD-202009-0000003620,CUST-0000145531,2020-09-14 08:53:39,Paytm,Success,939.45,AED,ARE,Asia,,false,2020-09-14 08:53:39,michael.berger060@platform.example.com
,PAY-202009-00000006166,ORD-202009-0000002368,CUST-0000145932,2020-09-08 21:57:58,Buy Now Pay Later,Success,558.91,USD,USA,North America,,false,2020-09-08 21:57:58,kelsey.taylor010@platform.example.com
,PAY-202009-00000006167,ORD-202009-0000001716,CUST-0000152384,2020-09-04 11:34:34,Gift Card,Pending,2588.43,CAD,CAN,North America,,false,2020-09-04 11:34:34,michael.berger060@platform.example.com
,PAY-202009-00000006168,ORD-202009-0000004975,CUST-0000150064,2020-09-23 23:58:25,Debit Card,Success,2848.53,JPY,JPN,Asia,,false,2020-09-23 23:58:25,michelle.sims041@analytics.example.com
,PAY-202009-00000006169,ORD-202009-0000005619,CUST-0000150212,2020-09-12 15:56:24,Debit Card,Success,413.73,GBP,GBR,Europe,,false,2020-09-12 15:56:24,eric.horton058@analytics.example.com
,PAY-202009-00000006170,ORD-202009-0000003042,CUST-0000150268,2020-09-05 22:46:19,Buy Now Pay Later,Success,1741.41,AUD,AUS,Oceania,,false,2020-09-05 22:46:19,susan.rice083@commerce.example.com
,PAY-202009-00000006171,ORD-202009-0000006227,CUST-0000149168,2020-09-19 11:32:43,Paytm,Success,528.67,GBP,GBR,Europe,,false,2020-09-19 11:32:43,jennifer.bauer068@analytics.example.com
,PAY-202009-00000006172,ORD-202009-0000000200,CUST-0000150813,2020-09-23 17:05:41,Bank Transfer,Success,503.87,EUR,ITA,Europe,,false,2020-09-23 17:05:41,susan.rice083@commerce.example.com
,PAY-202009-00000006173,ORD-202009-0000000924,CUST-0000138308,2020-09-14 13:28:03,Credit Card,Success,2144.25,EUR,DEU,Europe,,false,2020-09-14 13:28:03,brandon.yu006@analytics.example.com
,PAY-202009-00000006174,ORD-202009-0000006265,CUST-0000141944,2020-09-30 23:35:24,Gift Card,Success,201.2,SGD,SGP,Asia,,false,2020-09-30 23:35:24,john.mullins109@commerce.example.com
,PAY-202009-00000006175,ORD-202009-0000004132,CUST-0000151613,2020-09-24 23:25:04,Debit Card,Success,3065.39,BRL,BRA,South America,,false,2020-09-24 23:25:04,tina.williams074@commerce.example.com
,PAY-202009-00000006176,ORD-202009-0000004035,CUST-0000142477,2020-09-13 04:35:45,Gift Card,Success,2288.85,GBP,GBR,Europe,,false,2020-09-13 04:35:45,jennifer.bauer068@analytics.example.com
,PAY-202009-00000006177,ORD-202009-0000000455,CUST-0000140133,2020-09-11 08:26:45,Phonepe,Success,2520.59,EUR,ESP,Europe,,false,2020-09-11 08:26:45,michael.johnson061@platform.example.com
,PAY-202009-00000006178,ORD-202009-0000005113,CUST-0000148105,2020-09-12 18:39:59,Debit Card,Success,137.0,CAD,CAN,North America,,false,2020-09-12 18:39:59,ryan.steele043@commerce.example.com
,PAY-202009-00000006179,ORD-202009-0000001481,CUST-0000147166,2020-09-08 02:57:48,Gift Card,Success,1255.22,SGD,SGP,Asia,,false,2020-09-08 02:57:48,peter.martinez098@platform.example.com
,PAY-202009-00000006180,ORD-202009-0000002346,CUST-0000145572,2020-09-08 07:07:56,Google Pay,Success,162.6,AUD,AUS,Oceania,,false,2020-09-08 07:07:56,alyssa.richards002@commerce.example.com
,PAY-202009-00000006181,ORD-202009-0000001057,CUST-0000153094,2020-09-04 13:26:05,Buy Now Pay Later,Success,3217.24,INR,IND,Asia,,false,2020-09-04 13:26:05,michelle.bender024@analytics.example.com
,PAY-202009-00000006182,ORD-202009-0000003205,CUST-0000141835,2020-09-23 02:04:47,Bank Transfer,Success,3338.26,INR,IND,Asia,,false,2020-09-23 02:04:47,ryan.steele043@commerce.example.com
,PAY-202009-00000006183,ORD-202009-0000003930,CUST-0000146719,2020-09-25 00:07:00,Apple Pay,Success,2329.98,EUR,FRA,Europe,,false,2020-09-25 00:07:00,alyssa.richards002@commerce.example.com
,PAY-202009-00000006184,ORD-202009-0000002780,CUST-0000151901,2020-09-29 21:31:42,Apple Pay,Success,1361.98,EUR,NLD,Europe,,false,2020-09-29 21:31:42,ryan.steele043@commerce.example.com
,PAY-202009-00000006185,ORD-202009-0000001105,CUST-0000135262,2020-09-06 13:18:00,Paytm,Success,979.24,AED,ARE,Asia,,false,2020-09-06 13:18:00,joseph.johnson049@dataops.example.com
,PAY-202009-00000006186,ORD-202009-0000003408,CUST-0000146015,2020-09-10 18:04:37,Phonepe,Success,1537.64,USD,USA,North America,,false,2020-09-10 18:04:37,tina.williams074@commerce.example.com
,PAY-202009-00000006187,ORD-202009-0000004136,CUST-0000145139,2020-09-08 07:46:03,Google Pay,Success,1203.64,EUR,ESP,Europe,,false,2020-09-08 07:46:03,michael.johnson061@platform.example.com
,PAY-202009-00000006188,ORD-202009-0000004193,CUST-0000135108,2020-09-26 15:23:24,PayPal,Success,3456.69,EUR,DEU,Europe,,false,2020-09-26 15:23:24,michael.johnson061@platform.example.com
,PAY-202009-00000006189,ORD-202009-0000003900,CUST-0000135166,2020-09-24 14:49:21,Gift Card,Success,1570.94,AED,ARE,Asia,,false,2020-09-24 14:49:21,megan.cunningham013@commerce.example.com
,PAY-202009-00000006190,ORD-202009-0000004606,CUST-0000141491,2020-09-22 00:30:29,Credit Card,Success,2545.25,AED,ARE,Asia,,false,2020-09-22 00:30:29,ryan.steele043@commerce.example.com
,PAY-202009-00000006191,ORD-202009-0000000626,CUST-0000146131,2020-09-28 06:26:15,Bank Transfer,Failed,864.24,EUR,FRA,Europe,Network timeout,false,2020-09-28 06:26:15,jeffery.miller012@commerce.example.com
,PAY-202009-00000006192,ORD-202009-0000006193,CUST-0000146633,2020-09-22 02:44:09,Bank Transfer,Success,2881.2,CAD,CAN,North America,,false,2020-09-22 02:44:09,eric.mullen052@dataops.example.com
,PAY-202009-00000006193,ORD-202009-0000004780,CUST-0000146287,2020-09-17 04:16:27,Google Pay,Success,2053.99,USD,USA,North America,,false,2020-09-17 04:16:27,tina.williams074@commerce.example.com
,PAY-202009-00000006194,ORD-202009-0000004928,CUST-0000134993,2020-09-13 06:56:50,Apple Pay,Refunded,1749.19,INR,IND,Asia,,true,2020-09-13 06:56:50,tina.williams074@commerce.example.com
,PAY-202009-00000006195,ORD-202009-0000002282,CUST-0000138795,2020-09-07 16:15:42,PayPal,Success,380.33,JPY,JPN,Asia,,false,2020-09-07 16:15:42,stephen.clark001@analytics.example.com
,PAY-202009-00000006196,ORD-202009-0000000484,CUST-0000141512,2020-09-16 03:06:29,Google Pay,Success,728.58,EUR,FRA,Europe,,false,2020-09-16 03:06:29,eric.horton058@analytics.example.com
,PAY-202009-00000006197,ORD-202009-0000004420,CUST-0000148557,2020-09-15 09:09:56,Gift Card,Success,1020.97,CAD,CAN,North America,,false,2020-09-15 09:09:56,michael.berger060@platform.example.com
,PAY-202009-00000006198,ORD-202009-0000001258,CUST-0000142240,2020-09-17 10:06:27,PayPal,Failed,207.5,MXN,MEX,North America,Fraud check failed,false,2020-09-17 10:06:27,michael.johnson061@platform.example.com
,PAY-202009-00000006199,ORD-202009-0000001517,CUST-0000139199,2020-09-06 16:05:10,Phonepe,Success,2503.19,MXN,MEX,North America,,false,2020-09-06 16:05:10,kelsey.taylor010@platform.example.com
,PAY-202009-00000006200,ORD-202009-0000002178,CUST-0000144658,2020-09-29 08:02:29,Bank Transfer,Success,2759.38,INR,IND,Asia,,false,2020-09-29 08:02:29,tina.williams074@commerce.example.com
,PAY-202009-00000006201,ORD-202009-0000002082,CUST-0000149024,2020-09-17 02:31:40,Phonepe,Success,407.07,EUR,NLD,Europe,,false,2020-09-17 02:31:40,maria.ashley046@analytics.example.com
,PAY-202009-00000006202,ORD-202009-0000002643,CUST-0000139739,2020-09-24 20:29:47,Credit Card,Failed,2653.07,EUR,FRA,Europe,Fraud check failed,false,2020-09-24 20:29:47,lance.williams029@platform.example.com
,PAY-202009-00000006203,ORD-202009-0000006421,CUST-0000141137,2020-09-06 18:19:54,Debit Card,Success,2702.1,EUR,NLD,Europe,,false,2020-09-06 18:19:54,timothy.cannon081@analytics.example.com
,PAY-202009-00000006204,ORD-202009-0000003509,CUST-0000137529,2020-09-11 19:49:41,Google Pay,Success,3266.55,CAD,CAN,North America,,false,2020-09-11 19:49:41,timothy.cameron104@commerce.example.com
,PAY-202009-00000006205,ORD-202009-0000006306,CUST-0000137498,2020-09-12 04:41:14,Debit Card,Success,2300.38,BRL,BRA,South America,,false,2020-09-12 04:41:14,michael.berger060@platform.example.com
,PAY-202009-00000006206,ORD-202009-0000003465,CUST-0000139133,2020-09-24 01:00:48,Debit Card,Success,1052.94,INR,IND,Asia,,false,2020-09-24 01:00:48,jeffery.miller012@commerce.example.com
,PAY-202009-00000006207,ORD-202009-0000000087,CUST-0000135914,2020-09-10 09:29:47,Bank Transfer,Success,1712.65,INR,IND,Asia,,false,2020-09-10 09:29:47,michael.berger060@platform.example.com
,PAY-202009-00000006208,ORD-202009-0000004254,CUST-0000142268,2020-09-04 10:52:28,Credit Card,Success,1273.27,JPY,JPN,Asia,,false,2020-09-04 10:52:28,james.proctor094@dataops.example.com
,PAY-202009-00000006209,ORD-202009-0000004402,CUST-0000145409,2020-09-17 21:10:50,Gift Card,Success,2119.15,AED,ARE,Asia,,false,2020-09-17 21:10:50,andrea.cummings039@platform.example.com
,PAY-202009-00000006210,ORD-202009-0000002941,CUST-0000143375,2020-09-01 02:30:10,PayPal,Success,292.63,EUR,ESP,Europe,,false,2020-09-01 02:30:10,ashley.marks069@commerce.example.com
,PAY-202009-00000006211,ORD-202009-0000002737,CUST-0000151103,2020-09-01 10:07:48,Google Pay,Success,1931.0,CAD,CAN,North America,,false,2020-09-01 10:07:48,jennifer.bauer068@analytics.example.com
,PAY-202009-00000006212,ORD-202009-0000005049,CUST-0000152115,2020-09-16 00:34:29,Bank Transfer,Success,3486.63,GBP,GBR,Europe,,false,2020-09-16 00:34:29,ashley.marks069@commerce.example.com
,PAY-202009-00000006213,ORD-202009-0000005038,CUST-0000149128,2020-09-22 13:29:42,PayPal,Success,3208.75,EUR,NLD,Europe,,false,2020-09-22 13:29:42,victor.palmer071@platform.example.com
,PAY-202009-00000006214,ORD-202009-0000003274,CUST-0000139632,2020-09-21 23:21:37,Debit Card,Success,246.85,EUR,FRA,Europe,,false,2020-09-21 23:21:37,patrick.gonzalez035@dataops.example.com
,PAY-202009-00000006215,ORD-202009-0000001725,CUST-0000153213,2020-09-07 22:45:03,Bank Transfer,Success,2716.78,EUR,ESP,Europe,,false,2020-09-07 22:45:03,ashley.marks069@commerce.example.com
,PAY-202009-00000006216,ORD-202009-0000004784,CUST-0000146369,2020-09-09 16:46:11,Bank Transfer,Success,446.28,INR,IND,Asia,,false,2020-09-09 16:46:11,susan.rice083@commerce.example.com
,PAY-202009-00000006217,ORD-202009-0000001320,CUST-0000135872,2020-09-27 05:54:43,Bank Transfer,Success,1853.01,AUD,AUS,Oceania,,false,2020-09-27 05:54:43,micheal.chen050@dataops.example.com
,PAY-202009-00000006218,ORD-202009-0000005142,CUST-0000146604,2020-09-19 16:16:12,Credit Card,Refunded,2311.17,INR,IND,Asia,,true,2020-09-19 16:16:12,jennifer.hudson020@analytics.example.com
,PAY-202009-00000006219,ORD-202009-0000006238,CUST-0000140213,2020-09-13 07:43:00,Phonepe,Success,2971.94,EUR,ESP,Europe,,false,2020-09-13 07:43:00,stephen.clark001@analytics.example.com
,PAY-202009-00000006220,ORD-202009-0000005383,CUST-0000140101,2020-09-21 05:03:18,Apple Pay,Success,387.53,JPY,JPN,Asia,,false,2020-09-21 05:03:18,andrea.cummings039@platform.example.com
,PAY-202009-00000006221,ORD-202009-0000002502,CUST-0000143811,2020-09-03 16:59:51,Gift Card,Success,2918.63,AED,ARE,Asia,,false,2020-09-03 16:59:51,lance.williams029@platform.example.com
,PAY-202009-00000006222,ORD-202009-0000000198,CUST-0000138118,2020-09-11 10:44:36,Gift Card,Success,1235.73,EUR,DEU,Europe,,false,2020-09-11 10:44:36,megan.cunningham013@commerce.example.com
,PAY-202009-00000006223,ORD-202009-0000002104,CUST-0000150499,2020-09-07 05:02:55,Phonepe,Success,1444.79,AED,ARE,Asia,,false,2020-09-07 05:02:55,david.cabrera119@dataops.example.com
,PAY-202009-00000006224,ORD-202009-0000001575,CUST-0000138527,2020-09-27 22:04:34,Credit Card,Failed,1744.04,JPY,JPN,Asia,Network timeout,false,2020-09-27 22:04:34,patrick.gonzalez035@dataops.example.com
,PAY-202009-00000006225,ORD-202009-0000001966,CUST-0000135089,2020-09-24 20:57:19,PayPal,Success,2743.59,EUR,FRA,Europe,,false,2020-09-24 20:57:19,alyssa.richards002@commerce.example.com
,PAY-202009-00000006226,ORD-202009-0000000348,CUST-0000153450,2020-09-17 02:27:24,Paytm,Success,1603.35,INR,IND,Asia,,false,2020-09-17 02:27:24,taylor.cunningham023@commerce.example.com
,PAY-202009-00000006227,ORD-202009-0000002098,CUST-0000139620,2020-09-16 20:10:39,Paytm,Success,203.61,MXN,MEX,North America,,false,2020-09-16 20:10:39,maria.ashley046@analytics.example.com
,PAY-202009-00000006228,ORD-202009-0000000624,CUST-0000145282,2020-09-11 19:05:37,Paytm,Success,207.54,SGD,SGP,Asia,,false,2020-09-11 19:05:37,david.cabrera119@dataops.example.com
,PAY-202009-00000006229,ORD-202009-0000006031,CUST-0000141220,2020-09-09 13:53:53,Bank Transfer,Failed,2687.51,EUR,NLD,Europe,Network timeout,false,2020-09-09 13:53:53,david.cabrera119@dataops.example.com
,PAY-202009-00000006230,ORD-202009-0000000591,CUST-0000139411,2020-09-26 21:46:51,Buy Now Pay Later,Failed,2900.85,EUR,ESP,Europe,Fraud check failed,false,2020-09-26 21:46:51,michelle.bender024@analytics.example.com
,PAY-202009-00000006231,ORD-202009-0000005676,CUST-0000140625,2020-09-15 13:36:43,Apple Pay,Success,2751.46,EUR,NLD,Europe,,false,2020-09-15 13:36:43,ryan.steele043@commerce.example.com
,PAY-202009-00000006232,ORD-202009-0000001670,CUST-0000142398,2020-09-08 21:53:10,Buy Now Pay Later,Success,2598.5,AUD,AUS,Oceania,,false,2020-09-08 21:53:10,jennifer.hudson020@analytics.example.com
,PAY-202009-00000006233,ORD-202009-0000005055,CUST-0000138159,2020-09-29 13:27:45,Debit Card,Success,2573.08,SGD,SGP,Asia,,false,2020-09-29 13:27:45,timothy.cannon081@analytics.example.com
,PAY-202009-00000006234,ORD-202009-0000003033,CUST-0000141327,2020-09-13 18:37:17,Debit Card,Success,1895.9,AUD,AUS,Oceania,,false,2020-09-13 18:37:17,patrick.gonzalez035@dataops.example.com
,PAY-202009-00000006235,ORD-202009-0000003864,CUST-0000147928,2020-09-13 21:19:01,Paytm,Success,1713.13,SGD,SGP,Asia,,false,2020-09-13 21:19:01,victor.palmer071@platform.example.com
,PAY-202009-00000006236,ORD-202009-0000002604,CUST-0000135222,2020-09-22 14:45:19,Google Pay,Success,608.73,EUR,DEU,Europe,,false,2020-09-22 14:45:19,michelle.sims041@analytics.example.com
,PAY-202009-00000006237,ORD-202009-0000000429,CUST-0000141088,2020-09-16 09:07:33,Apple Pay,Success,2746.9,SGD,SGP,Asia,,false,2020-09-16 09:07:33,victor.palmer071@platform.example.com
,PAY-202009-00000006238,ORD-202009-0000003741,CUST-0000150286,2020-09-20 01:29:55,Gift Card,Success,383.39,JPY,JPN,Asia,,false,2020-09-20 01:29:55,joseph.johnson049@dataops.example.com
,PAY-202009-00000006239,ORD-202009-0000000140,CUST-0000137730,2020-09-23 10:43:17,PayPal,Success,3013.29,JPY,JPN,Asia,,false,2020-09-23 10:43:17,victor.palmer071@platform.example.com
,PAY-202009-00000006240,ORD-202009-0000001241,CUST-0000151011,2020-09-22 19:02:39,Buy Now Pay Later,Success,1205.88,EUR,ITA,Europe,,false,2020-09-22 19:02:39,micheal.chen050@dataops.example.com
,PAY-202009-00000006241,ORD-202009-0000003794,CUST-0000153294,2020-09-13 16:09:46,Paytm,Success,2748.81,SGD,SGP,Asia,,false,2020-09-13 16:09:46,james.proctor094@dataops.example.com
,PAY-202009-00000006242,ORD-202009-0000003144,CUST-0000152603,2020-09-10 01:17:43,Credit Card,Success,3397.62,BRL,BRA,South America,,false,2020-09-10 01:17:43,michael.johnson061@platform.example.com
,PAY-202009-00000006243,ORD-202009-0000001956,CUST-0000142831,2020-09-07 19:13:30,Gift Card,Success,78.83,EUR,NLD,Europe,,false,2020-09-07 19:13:30,adam.gordon030@commerce.example.com
,PAY-202009-00000006244,ORD-202009-0000005125,CUST-0000143102,2020-09-09 07:03:36,Google Pay,Success,2334.91,EUR,ESP,Europe,,false,2020-09-09 07:03:36,michael.berger060@platform.example.com
,PAY-202009-00000006245,ORD-202009-0000006318,CUST-0000149616,2020-09-07 02:39:07,Google Pay,Pending,1161.08,AUD,AUS,Oceania,,false,2020-09-07 02:39:07,andrea.cummings039@platform.example.com
,PAY-202009-00000006246,ORD-202009-0000000731,CUST-0000149577,2020-09-23 21:45:23,Bank Transfer,Success,2959.51,EUR,DEU,Europe,,false,2020-09-23 21:45:23,susan.rice083@commerce.example.com
,PAY-202009-00000006247,ORD-202009-0000006298,CUST-0000138424,2020-09-24 11:05:51,PayPal,Success,284.29,SGD,SGP,Asia,,false,2020-09-24 11:05:51,eric.mullen052@dataops.example.com
,PAY-202009-00000006248,ORD-202009-0000005940,CUST-0000149305,2020-09-18 18:16:38,Phonepe,Success,1177.91,USD,USA,North America,,false,2020-09-18 18:16:38,eric.mullen052@dataops.example.com
,PAY-202009-00000006249,ORD-202009-0000003721,CUST-0000149214,2020-09-23 23:55:07,Apple Pay,Success,78.17,JPY,JPN,Asia,,false,2020-09-23 23:55:07,stephen.clark001@analytics.example.com
,PAY-202009-00000006250,ORD-202009-0000001730,CUST-0000144822,2020-09-10 05:26:43,Credit Card,Success,1005.88,SGD,SGP,Asia,,false,2020-09-10 05:26:43,alyssa.richards002@commerce.example.com
,PAY-202009-00000006251,ORD-202009-0000006369,CUST-0000153101,2020-09-17 04:12:09,Phonepe,Success,2256.3,INR,IND,Asia,,false,2020-09-17 04:12:09,taylor.cunningham023@commerce.example.com
,PAY-202009-00000006252,ORD-202009-0000001448,CUST-0000139250,2020-09-14 01:10:39,Credit Card,Success,1549.69,EUR,ESP,Europe,,false,2020-09-14 01:10:39,michael.berger060@platform.example.com
,PAY-202009-00000006253,ORD-202009-0000004317,CUST-0000143570,2020-09-11 03:00:08,Credit Card,Success,3434.88,EUR,ITA,Europe,,false,2020-09-11 03:00:08,timothy.cameron104@commerce.example.com
,PAY-202009-00000006254,ORD-202009-0000004430,CUST-0000146080,2020-09-25 20:13:01,Credit Card,Success,602.11,SGD,SGP,Asia,,false,2020-09-25 20:13:01,adam.gordon030@commerce.example.com
,PAY-202009-00000006255,ORD-202009-0000005063,CUST-0000136247,2020-09-20 16:39:29,Buy Now Pay Later,Pending,184.36,MXN,MEX,North America,,false,2020-09-20 16:39:29,michael.johnson061@platform.example.com
,PAY-202009-00000006256,ORD-202009-0000001203,CUST-0000139600,2020-09-02 08:01:15,Google Pay,Success,190.53,GBP,GBR,Europe,,false,2020-09-02 08:01:15,michael.berger060@platform.example.com
,PAY-202009-00000006257,ORD-202009-0000003514,CUST-0000147769,2020-09-14 08:44:39,Bank Transfer,Success,2302.08,AED,ARE,Asia,,false,2020-09-14 08:44:39,brandon.yu006@analytics.example.com
,PAY-202009-00000006258,ORD-202009-0000003969,CUST-0000146071,2020-09-27 22:30:22,Bank Transfer,Success,2190.93,AED,ARE,Asia,,false,2020-09-27 22:30:22,stephen.daniels076@commerce.example.com
,PAY-202009-00000006259,ORD-202009-0000005770,CUST-0000145011,2020-09-04 23:24:33,Debit Card,Success,1311.12,MXN,MEX,North America,,false,2020-09-04 23:24:33,joseph.johnson049@dataops.example.com
,PAY-202009-00000006260,ORD-202009-0000004392,CUST-0000134438,2020-09-04 02:57:49,PayPal,Success,2883.69,EUR,NLD,Europe,,false,2020-09-04 02:57:49,jeffery.miller012@commerce.example.com
,PAY-202009-00000006261,ORD-202009-0000001878,CUST-0000134485,2020-09-20 02:17:09,Debit Card,Failed,2595.36,JPY,JPN,Asia,Fraud check failed,false,2020-09-20 02:17:09,kelsey.taylor010@platform.example.com
,PAY-202009-00000006262,ORD-202009-0000000542,CUST-0000137444,2020-09-21 08:39:05,Apple Pay,Success,2053.67,GBP,GBR,Europe,,false,2020-09-21 08:39:05,eric.mullen052@dataops.example.com
,PAY-202009-00000006263,ORD-202009-0000004689,CUST-0000143955,2020-09-11 14:00:13,Google Pay,Success,2989.13,EUR,NLD,Europe,,false,2020-09-11 14:00:13,patrick.gonzalez035@dataops.example.com
,PAY-202009-00000006264,ORD-202009-0000003753,CUST-0000144678,2020-09-06 08:54:43,Gift Card,Pending,1380.39,AED,ARE,Asia,,false,2020-09-06 08:54:43,timothy.cameron104@commerce.example.com
,PAY-202009-00000006265,ORD-202009-0000002235,CUST-0000142705,2020-09-04 10:36:59,Phonepe,Success,1210.86,AED,ARE,Asia,,false,2020-09-04 10:36:59,tina.williams074@commerce.example.com
,PAY-202009-00000006266,ORD-202009-0000005687,CUST-0000141750,2020-09-06 02:11:55,Credit Card,Success,397.66,MXN,MEX,North America,,false,2020-09-06 02:11:55,brandi.carter038@dataops.example.com
,PAY-202009-00000006267,ORD-202009-0000003640,CUST-0000151099,2020-09-07 11:01:37,Bank Transfer,Success,86.53,EUR,FRA,Europe,,false,2020-09-07 11:01:37,john.mullins109@commerce.example.com
,PAY-202009-00000006268,ORD-202009-0000006517,CUST-0000135084,2020-09-05 03:03:59,Debit Card,Success,2478.19,SGD,SGP,Asia,,false,2020-09-05 03:03:59,jeffery.miller012@commerce.example.com
,PAY-202009-00000006269,ORD-202009-0000005514,CUST-0000137686,2020-09-27 12:32:23,Debit Card,Success,1513.02,EUR,DEU,Europe,,false,2020-09-27 12:32:23,ryan.steele043@commerce.example.com
,PAY-202009-00000006270,ORD-202009-0000000483,CUST-0000144665,2020-09-29 23:20:11,Phonepe,Success,2968.13,USD,USA,North America,,false,2020-09-29 23:20:11,micheal.hall064@dataops.example.com
,PAY-202009-00000006271,ORD-202009-0000000535,CUST-0000151597,2020-09-29 01:06:15,Google Pay,Success,356.14,SGD,SGP,Asia,,false,2020-09-29 01:06:15,peter.martinez098@platform.example.com
,PAY-202009-00000006272,ORD-202009-0000003868,CUST-0000148355,2020-09-10 12:56:51,Gift Card,Success,2185.6,EUR,NLD,Europe,,false,2020-09-10 12:56:51,michelle.bender024@analytics.example.com
,PAY-202009-00000006273,ORD-202009-0000002423,CUST-0000150799,2020-09-24 19:16:35,Buy Now Pay Later,Refunded,819.91,USD,USA,North America,,true,2020-09-24 19:16:35,micheal.chen050@dataops.example.com
,PAY-202009-00000006274,ORD-202009-0000004460,CUST-0000137663,2020-09-30 10:22:42,Debit Card,Success,3213.02,MXN,MEX,North America,,false,2020-09-30 10:22:42,victor.palmer071@platform.example.com
,PAY-202009-00000006275,ORD-202009-0000003503,CUST-0000139407,2020-09-12 11:40:00,Gift Card,Success,2425.28,EUR,NLD,Europe,,false,2020-09-12 11:40:00,alyssa.richards002@commerce.example.com
,PAY-202009-00000006276,ORD-202009-0000004285,CUST-0000139070,2020-09-08 18:07:33,Bank Transfer,Success,1865.6,EUR,DEU,Europe,,false,2020-09-08 18:07:33,jennifer.bauer068@analytics.example.com
,PAY-202009-00000006277,ORD-202009-0000002976,CUST-0000138611,2020-09-26 08:22:44,Apple Pay,Success,176.74,EUR,FRA,Europe,,false,2020-09-26 08:22:44,michelle.bender024@analytics.example.com
,PAY-202009-00000006278,ORD-202009-0000004459,CUST-0000140643,2020-09-28 02:42:57,Paytm,Success,2760.47,USD,USA,North America,,false,2020-09-28 02:42:57,jennifer.bauer068@analytics.example.com
,PAY-202009-00000006279,ORD-202009-0000000613,CUST-0000146757,2020-09-11 07:14:07,Gift Card,Success,2542.55,USD,USA,North America,,false,2020-09-11 07:14:07,brandon.yu006@analytics.example.com
,PAY-202009-00000006280,ORD-202009-0000002618,CUST-0000137901,2020-09-29 06:21:09,Credit Card,Success,887.14,EUR,DEU,Europe,,false,2020-09-29 06:21:09,michelle.bender024@analytics.example.com
,PAY-202009-00000006281,ORD-202009-0000000206,CUST-0000148697,2020-09-20 13:03:34,Debit Card,Success,419.26,EUR,NLD,Europe,,false,2020-09-20 13:03:34,victor.palmer071@platform.example.com
,PAY-202009-00000006282,ORD-202009-0000001489,CUST-0000152960,2020-09-28 04:52:52,Debit Card,Success,3205.23,CAD,CAN,North America,,false,2020-09-28 04:52:52,michael.berger060@platform.example.com
,PAY-202009-00000006283,ORD-202009-0000002753,CUST-0000134535,2020-09-15 07:47:33,Buy Now Pay Later,Success,724.66,SGD,SGP,Asia,,false,2020-09-15 07:47:33,david.cabrera119@dataops.example.com
,PAY-202009-00000006284,ORD-202009-0000004317,CUST-0000151812,2020-09-24 12:27:24,Gift Card,Success,3110.8,EUR,NLD,Europe,,false,2020-09-24 12:27:24,joseph.johnson049@dataops.example.com
,PAY-202009-00000006285,ORD-202009-0000000067,CUST-0000138197,2020-09-18 16:25:31,Paytm,Success,1063.43,USD,USA,North America,,false,2020-09-18 16:25:31,ashley.marks069@commerce.example.com
,PAY-202009-00000006286,ORD-202009-0000000141,CUST-0000153326,2020-09-21 05:07:18,Buy Now Pay Later,Success,969.3,AED,ARE,Asia,,false,2020-09-21 05:07:18,jennifer.bauer068@analytics.example.com
,PAY-202009-00000006287,ORD-202009-0000003658,CUST-0000151112,2020-09-25 10:52:53,Bank Transfer,Success,1172.63,BRL,BRA,South America,,false,2020-09-25 10:52:53,lance.williams029@platform.example.com
,PAY-202009-00000006288,ORD-202009-0000000085,CUST-0000150441,2020-09-25 08:29:44,Buy Now Pay Later,Failed,65.77,JPY,JPN,Asia,Network timeout,false,2020-09-25 08:29:44,michael.johnson061@platform.example.com
,PAY-202009-00000006289,ORD-202009-0000002947,CUST-0000145591,2020-09-23 14:10:07,Credit Card,Success,1276.03,EUR,ESP,Europe,,false,2020-09-23 14:10:07,david.cabrera119@dataops.example.com
,PAY-202009-00000006290,ORD-202009-0000004311,CUST-0000140753,2020-09-26 06:52:45,Debit Card,Success,380.85,BRL,BRA,South America,,false,2020-09-26 06:52:45,taylor.cunningham023@commerce.example.com
,PAY-202009-00000006291,ORD-202009-0000000554,CUST-0000149894,2020-09-20 07:38:32,Gift Card,Success,2186.5,AUD,AUS,Oceania,,false,2020-09-20 07:38:32,michael.berger060@platform.example.com
,PAY-202009-00000006292,ORD-202009-0000002082,CUST-0000153211,2020-09-26 12:36:30,PayPal,Success,2898.98,MXN,MEX,North America,,false,2020-09-26 12:36:30,michelle.sims041@analytics.example.com
,PAY-202009-00000006293,ORD-202009-0000005915,CUST-0000147992,2020-09-17 11:05:08,Google Pay,Success,3140.73,INR,IND,Asia,,false,2020-09-17 11:05:08,ryan.steele043@commerce.example.com
,PAY-202009-00000006294,ORD-202009-0000002837,CUST-0000151874,2020-09-19 02:09:23,Buy Now Pay Later,Success,3235.55,CAD,CAN,North America,,false,2020-09-19 02:09:23,michael.berger060@platform.example.com
,PAY-202009-00000006295,ORD-202009-0000003681,CUST-0000153122,2020-09-09 06:54:54,Bank Transfer,Success,3414.45,EUR,ITA,Europe,,false,2020-09-09 06:54:54,kelsey.taylor010@platform.example.com
,PAY-202009-00000006296,ORD-202009-0000001524,CUST-0000153988,2020-09-26 22:27:18,Debit Card,Success,2525.36,USD,USA,North America,,false,2020-09-26 22:27:18,lance.williams029@platform.example.com
,PAY-202009-00000006297,ORD-202009-0000004223,CUST-0000136942,2020-09-22 04:56:39,Debit Card,Success,873.12,INR,IND,Asia,,false,2020-09-22 04:56:39,kelsey.taylor010@platform.example.com
,PAY-202009-00000006298,ORD-202009-0000001889,CUST-0000138977,2020-09-25 02:15:28,Debit Card,Failed,1211.08,SGD,SGP,Asia,Network timeout,false,2020-09-25 02:15:28,megan.cunningham013@commerce.example.com
,PAY-202009-00000006299,ORD-202009-0000003256,CUST-0000144206,2020-09-24 07:22:32,Phonepe,Success,724.67,BRL,BRA,South America,,false,2020-09-24 07:22:32,jeffery.miller012@commerce.example.com
,PAY-202009-00000006300,ORD-202009-0000006327,CUST-0000142129,2020-09-29 20:27:14,PayPal,Success,92.1,EUR,NLD,Europe,,false,2020-09-29 20:27:14,michael.berger060@platform.example.com
,PAY-202009-00000006301,ORD-202009-0000003752,CUST-0000134477,2020-09-26 03:49:57,Bank Transfer,Success,1227.74,GBP,GBR,Europe,,false,2020-09-26 03:49:57,michael.johnson061@platform.example.com
,PAY-202009-00000006302,ORD-202009-0000000560,CUST-0000143807,2020-09-05 10:29:17,Buy Now Pay Later,Success,589.17,JPY,JPN,Asia,,false,2020-09-05 10:29:17,eric.mullen052@dataops.example.com
,PAY-202009-00000006303,ORD-202009-0000006564,CUST-0000148423,2020-09-24 15:36:13,Gift Card,Success,1413.72,AUD,AUS,Oceania,,false,2020-09-24 15:36:13,megan.cunningham013@commerce.example.com
,PAY-202009-00000006304,ORD-202009-0000001814,CUST-0000147687,2020-09-24 03:32:07,Credit Card,Success,481.91,GBP,GBR,Europe,,false,2020-09-24 03:32:07,michelle.sims041@analytics.example.com
,PAY-202009-00000006305,ORD-202009-0000002088,CUST-0000143579,2020-09-11 23:15:19,PayPal,Success,2907.39,GBP,GBR,Europe,,false,2020-09-11 23:15:19,lance.williams029@platform.example.com
,PAY-202009-00000006306,ORD-202009-0000003974,CUST-0000139061,2020-09-14 00:18:06,Buy Now Pay Later,Success,212.88,EUR,ITA,Europe,,false,2020-09-14 00:18:06,andrea.cummings039@platform.example.com
,PAY-202009-00000006307,ORD-202009-0000005285,CUST-0000153524,2020-09-20 05:18:51,Debit Card,Success,1051.7,EUR,NLD,Europe,,false,2020-09-20 05:18:51,andrea.cummings039@platform.example.com
,PAY-202009-00000006308,ORD-202009-0000002907,CUST-0000146237,2020-09-26 03:16:23,PayPal,Success,538.53,MXN,MEX,North America,,false,2020-09-26 03:16:23,michael.berger060@platform.example.com
,PAY-202009-00000006309,ORD-202009-0000001394,CUST-0000139818,2020-09-30 04:10:00,Google Pay,Success,1798.74,SGD,SGP,Asia,,false,2020-09-30 04:10:00,adam.gordon030@commerce.example.com
,PAY-202009-00000006310,ORD-202009-0000001262,CUST-0000146805,2020-09-20 03:58:07,Phonepe,Pending,1686.96,EUR,ITA,Europe,,false,2020-09-20 03:58:07,brandi.carter038@dataops.example.com
,PAY-202009-00000006311,ORD-202009-0000002950,CUST-0000137074,2020-09-27 10:56:48,Credit Card,Success,598.84,CAD,CAN,North America,,false,2020-09-27 10:56:48,kelsey.taylor010@platform.example.com
,PAY-202009-00000006312,ORD-202009-0000004462,CUST-0000135026,2020-09-20 20:18:04,Gift Card,Success,175.91,EUR,DEU,Europe,,false,2020-09-20 20:18:04,timothy.cameron104@commerce.example.com
,PAY-202009-00000006313,ORD-202009-0000003629,CUST-0000138032,2020-09-18 10:08:06,Bank Transfer,Success,422.7,EUR,ESP,Europe,,false,2020-09-18 10:08:06,lance.williams029@platform.example.com
,PAY-202009-00000006314,ORD-202009-0000002399,CUST-0000152186,2020-09-15 19:57:39,Apple Pay,Success,2144.46,EUR,ESP,Europe,,false,2020-09-15 19:57:39,brandi.carter038@dataops.example.com
,PAY-202009-00000006315,ORD-202009-0000006291,CUST-0000138744,2020-09-22 04:20:40,Buy Now Pay Later,Success,1088.99,EUR,FRA,Europe,,false,2020-09-22 04:20:40,michelle.bender024@analytics.example.com
,PAY-202009-00000006316,ORD-202009-0000005918,CUST-0000152280,2020-09-08 11:59:55,Gift Card,Success,1587.66,GBP,GBR,Europe,,false,2020-09-08 11:59:55,jeffery.miller012@commerce.example.com
,PAY-202009-00000006317,ORD-202009-0000003829,CUST-0000142582,2020-09-03 12:05:53,Google Pay,Success,2003.3,INR,IND,Asia,,false,2020-09-03 12:05:53,john.mullins109@commerce.example.com
,PAY-202009-00000006318,ORD-202009-0000004409,CUST-0000134501,2020-09-22 18:51:19,Bank Transfer,Success,1357.98,EUR,FRA,Europe,,false,2020-09-22 18:51:19,brandi.carter038@dataops.example.com
,PAY-202009-00000006319,ORD-202009-0000003641,CUST-0000139534,2020-09-13 01:33:28,Debit Card,Success,1070.68,EUR,NLD,Europe,,false,2020-09-13 01:33:28,timothy.cannon081@analytics.example.com
,PAY-202009-00000006320,ORD-202009-0000001347,CUST-0000147549,2020-09-06 11:54:46,Debit Card,Success,419.94,CAD,CAN,North America,,false,2020-09-06 11:54:46,taylor.cunningham023@commerce.example.com
,PAY-202009-00000006321,ORD-202009-0000005840,CUST-0000153325,2020-09-01 13:52:04,Debit Card,Success,2523.11,INR,IND,Asia,,false,2020-09-01 13:52:04,ryan.steele043@commerce.example.com
,PAY-202009-00000006322,ORD-202009-0000004679,CUST-0000149485,2020-09-22 13:48:05,Credit Card,Success,2898.31,INR,IND,Asia,,false,2020-09-22 13:48:05,brandon.yu006@analytics.example.com
,PAY-202009-00000006323,ORD-202009-0000001656,CUST-0000140707,2020-09-10 06:33:50,Paytm,Success,2124.63,INR,IND,Asia,,false,2020-09-10 06:33:50,jennifer.bauer068@analytics.example.com
,PAY-202009-00000006324,ORD-202009-0000000778,CUST-0000141159,2020-09-16 16:08:59,Buy Now Pay Later,Success,1301.47,USD,USA,North America,,false,2020-09-16 16:08:59,stephen.clark001@analytics.example.com
,PAY-202009-00000006325,ORD-202009-0000004627,CUST-0000146278,2020-09-28 23:41:29,Apple Pay,Success,2201.19,MXN,MEX,North America,,false,2020-09-28 23:41:29,patrick.gonzalez035@dataops.example.com
,PAY-202009-00000006326,ORD-202009-0000001029,CUST-0000148351,2020-09-19 03:19:22,Credit Card,Success,1748.49,INR,IND,Asia,,false,2020-09-19 03:19:22,eric.mullen052@dataops.example.com
,PAY-202009-00000006327,ORD-202009-0000004727,CUST-0000141441,2020-09-08 00:51:52,Bank Transfer,Success,2433.54,GBP,GBR,Europe,,false,2020-09-08 00:51:52,lance.williams029@platform.example.com
,PAY-202009-00000006328,ORD-202009-0000004565,CUST-0000144506,2020-09-22 11:18:56,Apple Pay,Success,2073.47,USD,USA,North America,,false,2020-09-22 11:18:56,david.cabrera119@dataops.example.com
,PAY-202009-00000006329,ORD-202009-0000000746,CUST-0000137965,2020-09-24 11:33:32,Bank Transfer,Success,1390.45,JPY,JPN,Asia,,false,2020-09-24 11:33:32,alyssa.richards002@commerce.example.com
,PAY-202009-00000006330,ORD-202009-0000000581,CUST-0000145066,2020-09-12 00:19:25,Debit Card,Success,1638.24,EUR,ITA,Europe,,false,2020-09-12 00:19:25,micheal.hall064@dataops.example.com
,PAY-202009-00000006331,ORD-202009-0000004537,CUST-0000151998,2020-09-29 13:53:22,Buy Now Pay Later,Success,2204.06,INR,IND,Asia,,false,2020-09-29 13:53:22,tina.williams074@commerce.example.com
,PAY-202009-00000006332,ORD-202009-0000004066,CUST-0000153639,2020-09-17 00:06:12,Paytm,Success,2673.49,MXN,MEX,North America,,false,2020-09-17 00:06:12,andrea.cummings039@platform.example.com
,PAY-202009-00000006333,ORD-202009-0000001747,CUST-0000143874,2020-09-23 12:53:47,Phonepe,Success,2584.12,EUR,FRA,Europe,,false,2020-09-23 12:53:47,patrick.gonzalez035@dataops.example.com
,PAY-202009-00000006334,ORD-202009-0000002198,CUST-0000136485,2020-09-01 09:15:08,Credit Card,Success,3419.36,EUR,ESP,Europe,,false,2020-09-01 09:15:08,stephen.clark001@analytics.example.com
,PAY-202009-00000006335,ORD-202009-0000005619,CUST-0000138930,2020-09-08 19:37:40,Debit Card,Success,97.3,EUR,DEU,Europe,,false,2020-09-08 19:37:40,alyssa.richards002@commerce.example.com
,PAY-202009-00000006336,ORD-202009-0000005236,CUST-0000144035,2020-09-03 21:33:55,Apple Pay,Success,554.57,INR,IND,Asia,,false,2020-09-03 21:33:55,alyssa.richards002@commerce.example.com
,PAY-202009-00000006337,ORD-202009-0000003417,CUST-0000152153,2020-09-22 11:56:07,Gift Card,Success,3253.34,EUR,ITA,Europe,,false,2020-09-22 11:56:07,timothy.cannon081@analytics.example.com
,PAY-202009-00000006338,ORD-202009-0000003011,CUST-0000150964,2020-09-21 17:11:31,Apple Pay,Success,1340.55,CAD,CAN,North America,,false,2020-09-21 17:11:31,adam.gordon030@commerce.example.com
,PAY-202009-00000006339,ORD-202009-0000002640,CUST-0000136854,2020-09-19 06:08:25,Google Pay,Success,1856.79,BRL,BRA,South America,,false,2020-09-19 06:08:25,taylor.cunningham023@commerce.example.com
,PAY-202009-00000006340,ORD-202009-0000005927,CUST-0000142587,2020-09-06 13:30:20,Bank Transfer,Refunded,938.22,INR,IND,Asia,,true,2020-09-06 13:30:20,taylor.cunningham023@commerce.example.com
,PAY-202009-00000006341,ORD-202009-0000000075,CUST-0000140911,2020-09-13 18:43:39,Gift Card,Success,441.91,BRL,BRA,South America,,false,2020-09-13 18:43:39,james.proctor094@dataops.example.com
,PAY-202009-00000006342,ORD-202009-0000005925,CUST-0000149380,2020-09-12 11:07:08,Buy Now Pay Later,Success,213.03,AUD,AUS,Oceania,,false,2020-09-12 11:07:08,micheal.hall064@dataops.example.com
,PAY-202009-00000006343,ORD-202009-0000006336,CUST-0000134667,2020-09-03 19:05:44,Paytm,Success,2161.18,CAD,CAN,North America,,false,2020-09-03 19:05:44,james.proctor094@dataops.example.com
,PAY-202009-00000006344,ORD-202009-0000000327,CUST-0000134982,2020-09-08 11:46:44,Gift Card,Failed,1022.05,GBP,GBR,Europe,Insufficient funds,false,2020-09-08 11:46:44,megan.cunningham013@commerce.example.com
,PAY-202009-00000006345,ORD-202009-0000004137,CUST-0000146857,2020-09-17 08:33:37,Buy Now Pay Later,Success,2565.22,CAD,CAN,North America,,false,2020-09-17 08:33:37,kelsey.taylor010@platform.example.com
,PAY-202009-00000006346,ORD-202009-0000003293,CUST-0000151439,2020-09-12 05:57:51,Paytm,Success,1807.46,CAD,CAN,North America,,false,2020-09-12 05:57:51,david.cabrera119@dataops.example.com
,PAY-202009-00000006347,ORD-202009-0000005842,CUST-0000151278,2020-09-17 03:48:35,Phonepe,Success,408.43,EUR,ITA,Europe,,false,2020-09-17 03:48:35,eric.mullen052@dataops.example.com
,PAY-202009-00000006348,ORD-202009-0000003895,CUST-0000145514,2020-09-03 05:43:14,PayPal,Success,807.35,USD,USA,North America,,false,2020-09-03 05:43:14,michael.johnson061@platform.example.com
,PAY-202009-00000006349,ORD-202009-0000004737,CUST-0000137030,2020-09-20 17:44:14,Phonepe,Success,672.24,BRL,BRA,South America,,false,2020-09-20 17:44:14,jennifer.bauer068@analytics.example.com
,PAY-202009-00000006350,ORD-202009-0000001180,CUST-0000143456,2020-09-28 13:01:46,Phonepe,Success,2702.95,USD,USA,North America,,false,2020-09-28 13:01:46,kelsey.taylor010@platform.example.com
,PAY-202009-00000006351,ORD-202009-0000000271,CUST-0000149883,2020-09-29 21:41:27,Gift Card,Success,1177.24,SGD,SGP,Asia,,false,2020-09-29 21:41:27,micheal.chen050@dataops.example.com
,PAY-202009-00000006352,ORD-202009-0000002993,CUST-0000137508,2020-09-22 04:50:15,PayPal,Success,3064.48,GBP,GBR,Europe,,false,2020-09-22 04:50:15,jeffery.miller012@commerce.example.com
,PAY-202009-00000006353,ORD-202009-0000002904,CUST-0000147942,2020-09-29 21:14:04,Paytm,Success,1842.59,BRL,BRA,South America,,false,2020-09-29 21:14:04,michelle.bender024@analytics.example.com
,PAY-202009-00000006354,ORD-202009-0000005936,CUST-0000137653,2020-09-08 22:00:37,Debit Card,Success,2327.03,USD,USA,North America,,false,2020-09-08 22:00:37,lance.williams029@platform.example.com
,PAY-202009-00000006355,ORD-202009-0000005045,CUST-0000134875,2020-09-19 16:29:15,Credit Card,Success,257.36,BRL,BRA,South America,,false,2020-09-19 16:29:15,jennifer.hudson020@analytics.example.com
,PAY-202009-00000006356,ORD-202009-0000005111,CUST-0000145288,2020-09-23 05:27:50,Buy Now Pay Later,Success,2467.63,CAD,CAN,North America,,false,2020-09-23 05:27:50,brandon.yu006@analytics.example.com
,PAY-202009-00000006357,ORD-202009-0000003199,CUST-0000153767,2020-09-29 15:59:53,Paytm,Success,2956.38,EUR,ITA,Europe,,false,2020-09-29 15:59:53,micheal.chen050@dataops.example.com
,PAY-202009-00000006358,ORD-202009-0000005431,CUST-0000137676,2020-09-10 07:22:33,PayPal,Success,793.93,CAD,CAN,North America,,false,2020-09-10 07:22:33,micheal.chen050@dataops.example.com
,PAY-202009-00000006359,ORD-202009-0000006456,CUST-0000149529,2020-09-25 13:51:20,Gift Card,Success,1068.99,INR,IND,Asia,,false,2020-09-25 13:51:20,jennifer.hudson020@analytics.example.com
,PAY-202009-00000006360,ORD-202009-0000004551,CUST-0000135313,2020-09-19 02:22:24,Buy Now Pay Later,Pending,3357.14,AED,ARE,Asia,,false,2020-09-19 02:22:24,timothy.cameron104@commerce.example.com
,PAY-202009-00000006361,ORD-202009-0000005886,CUST-0000142587,2020-09-04 07:03:31,Buy Now Pay Later,Failed,511.49,SGD,SGP,Asia,Invalid CVV,false,2020-09-04 07:03:31,maria.ashley046@analytics.example.com
,PAY-202009-00000006362,ORD-202009-0000005494,CUST-0000151415,2020-09-17 14:03:44,Paytm,Success,754.47,JPY,JPN,Asia,,false,2020-09-17 14:03:44,alyssa.richards002@commerce.example.com
,PAY-202009-00000006363,ORD-202009-0000001045,CUST-0000135035,2020-09-03 04:28:35,Paytm,Success,906.21,AUD,AUS,Oceania,,false,2020-09-03 04:28:35,stephen.clark001@analytics.example.com
,PAY-202009-00000006364,ORD-202009-0000002211,CUST-0000140676,2020-09-27 05:03:55,Apple Pay,Success,2950.16,AED,ARE,Asia,,false,2020-09-27 05:03:55,alyssa.richards002@commerce.example.com
,PAY-202009-00000006365,ORD-202009-0000003320,CUST-0000139001,2020-09-25 08:04:39,Paytm,Success,2517.77,JPY,JPN,Asia,,false,2020-09-25 08:04:39,ashley.marks069@commerce.example.com
,PAY-202009-00000006366,ORD-202009-0000004201,CUST-0000148112,2020-09-27 15:20:03,Paytm,Success,3115.68,BRL,BRA,South America,,false,2020-09-27 15:20:03,timothy.cameron104@commerce.example.com
,PAY-202009-00000006367,ORD-202009-0000001341,CUST-0000148694,2020-09-28 01:17:15,Apple Pay,Success,3326.1,SGD,SGP,Asia,,false,2020-09-28 01:17:15,john.mullins109@commerce.example.com
,PAY-202009-00000006368,ORD-202009-0000006337,CUST-0000151842,2020-09-20 06:50:10,Google Pay,Success,1096.95,BRL,BRA,South America,,false,2020-09-20 06:50:10,micheal.chen050@dataops.example.com
,PAY-202009-00000006369,ORD-202009-0000001750,CUST-0000147563,2020-09-09 09:22:50,Paytm,Success,3270.96,SGD,SGP,Asia,,false,2020-09-09 09:22:50,eric.mullen052@dataops.example.com
,PAY-202009-00000006370,ORD-202009-0000000137,CUST-0000138704,2020-09-08 16:15:46,Google Pay,Success,769.24,MXN,MEX,North America,,false,2020-09-08 16:15:46,stephen.daniels076@commerce.example.com
,PAY-202009-00000006371,ORD-202009-0000004522,CUST-0000149769,2020-09-01 05:04:06,Bank Transfer,Success,50.97,CAD,CAN,North America,,false,2020-09-01 05:04:06,eric.mullen052@dataops.example.com
,PAY-202009-00000006372,ORD-202009-0000002286,CUST-0000134457,2020-09-25 11:18:20,PayPal,Success,1717.18,AED,ARE,Asia,,false,2020-09-25 11:18:20,john.mullins109@commerce.example.com
,PAY-202009-00000006373,ORD-202009-0000004413,CUST-0000147663,2020-09-29 15:55:04,Apple Pay,Success,2835.69,EUR,NLD,Europe,,false,2020-09-29 15:55:04,michael.berger060@platform.example.com
,PAY-202009-00000006374,ORD-202009-0000002301,CUST-0000149545,2020-09-27 13:02:18,Buy Now Pay Later,Success,2951.73,USD,USA,North America,,false,2020-09-27 13:02:18,ashley.marks069@commerce.example.com
,PAY-202009-00000006375,ORD-202009-0000005913,CUST-0000144929,2020-09-17 00:48:22,Bank Transfer,Success,1889.2,CAD,CAN,North America,,false,2020-09-17 00:48:22,eric.horton058@analytics.example.com
,PAY-202009-00000006376,ORD-202009-0000000553,CUST-0000153898,2020-09-01 00:04:13,PayPal,Success,1673.55,EUR,FRA,Europe,,false,2020-09-01 00:04:13,brandi.carter038@dataops.example.com
,PAY-202009-00000006377,ORD-202009-0000003504,CUST-0000152551,2020-09-27 16:29:36,Gift Card,Success,3064.27,INR,IND,Asia,,false,2020-09-27 16:29:36,brandi.carter038@dataops.example.com
,PAY-202009-00000006378,ORD-202009-0000002044,CUST-0000148652,2020-09-02 22:40:19,Credit Card,Success,3276.9,EUR,ESP,Europe,,false,2020-09-02 22:40:19,timothy.cameron104@commerce.example.com
,PAY-202009-00000006379,ORD-202009-0000000100,CUST-0000135689,2020-09-08 23:55:05,Phonepe,Success,1430.92,USD,USA,North America,,false,2020-09-08 23:55:05,john.mullins109@commerce.example.com
,PAY-202009-00000006380,ORD-202009-0000000956,CUST-0000150754,2020-09-02 22:20:22,Apple Pay,Success,3040.9,GBP,GBR,Europe,,false,2020-09-02 22:20:22,timothy.cameron104@commerce.example.com
,PAY-202009-00000006381,ORD-202009-0000003879,CUST-0000143714,2020-09-02 23:58:02,PayPal,Success,3185.27,EUR,NLD,Europe,,false,2020-09-02 23:58:02,stephen.clark001@analytics.example.com
,PAY-202009-00000006382,ORD-202009-0000003489,CUST-0000140495,2020-09-17 11:55:27,Google Pay,Success,2525.36,GBP,GBR,Europe,,false,2020-09-17 11:55:27,michael.berger060@platform.example.com
,PAY-202009-00000006383,ORD-202009-0000003757,CUST-0000135482,2020-09-06 16:14:55,Gift Card,Success,876.81,EUR,DEU,Europe,,false,2020-09-06 16:14:55,david.cabrera119@dataops.example.com
,PAY-202009-00000006384,ORD-202009-0000002201,CUST-0000143596,2020-09-26 19:01:09,Paytm,Pending,1375.68,EUR,NLD,Europe,,false,2020-09-26 19:01:09,timothy.cameron104@commerce.example.com
,PAY-202009-00000006385,ORD-202009-0000004226,CUST-0000143539,2020-09-28 18:04:02,PayPal,Success,2329.97,EUR,ESP,Europe,,false,2020-09-28 18:04:02,megan.cunningham013@commerce.example.com
,PAY-202009-00000006386,ORD-202009-0000002226,CUST-0000146274,2020-09-30 16:35:03,Bank Transfer,Success,1676.13,EUR,FRA,Europe,,false,2020-09-30 16:35:03,adam.gordon030@commerce.example.com
,PAY-202009-00000006387,ORD-202009-0000001544,CUST-0000144780,2020-09-28 21:58:40,Google Pay,Success,2559.29,EUR,NLD,Europe,,false,2020-09-28 21:58:40,timothy.cannon081@analytics.example.com
,PAY-202009-00000006388,ORD-202009-0000002711,CUST-0000147166,2020-09-28 05:36:47,Phonepe,Success,3137.95,GBP,GBR,Europe,,false,2020-09-28 05:36:47,timothy.cannon081@analytics.example.com
,PAY-202009-00000006389,ORD-202009-0000001856,CUST-0000138420,2020-09-07 15:21:55,Google Pay,Success,3122.53,JPY,JPN,Asia,,false,2020-09-07 15:21:55,james.proctor094@dataops.example.com
,PAY-202009-00000006390,ORD-202009-0000004575,CUST-0000149536,2020-09-23 07:59:23,Debit Card,Refunded,2846.28,SGD,SGP,Asia,,true,2020-09-23 07:59:23,michael.berger060@platform.example.com
,PAY-202009-00000006391,ORD-202009-0000006425,CUST-0000141849,2020-09-13 15:59:55,PayPal,Success,2267.55,USD,USA,North America,,false,2020-09-13 15:59:55,brandon.yu006@analytics.example.com
,PAY-202009-00000006392,ORD-202009-0000000286,CUST-0000139394,2020-09-15 04:55:03,PayPal,Success,281.2,CAD,CAN,North America,,false,2020-09-15 04:55:03,jennifer.hudson020@analytics.example.com
,PAY-202009-00000006393,ORD-202009-0000004619,CUST-0000151357,2020-09-17 18:29:40,Paytm,Success,236.51,MXN,MEX,North America,,false,2020-09-17 18:29:40,ashley.marks069@commerce.example.com
,PAY-202009-00000006394,ORD-202009-0000002738,CUST-0000148124,2020-09-25 04:20:18,Buy Now Pay Later,Success,2962.42,EUR,FRA,Europe,,false,2020-09-25 04:20:18,maria.ashley046@analytics.example.com
,PAY-202009-00000006395,ORD-202009-0000005215,CUST-0000139764,2020-09-20 10:22:07,Gift Card,Success,2858.47,GBP,GBR,Europe,,false,2020-09-20 10:22:07,adam.gordon030@commerce.example.com
,PAY-202009-00000006396,ORD-202009-0000004574,CUST-0000137013,2020-09-17 06:02:35,Paytm,Success,747.64,BRL,BRA,South America,,false,2020-09-17 06:02:35,michelle.bender024@analytics.example.com
,PAY-202009-00000006397,ORD-202009-0000000890,CUST-0000148366,2020-09-18 09:12:23,Credit Card,Success,3166.57,USD,USA,North America,,false,2020-09-18 09:12:23,alyssa.richards002@commerce.example.com
,PAY-202009-00000006398,ORD-202009-0000004021,CUST-0000149107,2020-09-27 16:15:56,Buy Now Pay Later,Success,2427.85,EUR,NLD,Europe,,false,2020-09-27 16:15:56,alyssa.richards002@commerce.example.com
,PAY-202009-00000006399,ORD-202009-0000000269,CUST-0000152706,2020-09-09 20:40:42,Paytm,Success,2901.25,EUR,ITA,Europe,,false,2020-09-09 20:40:42,megan.cunningham013@commerce.example.com
,PAY-202009-00000006400,ORD-202009-0000005497,CUST-0000148384,2020-09-29 16:28:39,PayPal,Success,300.98,CAD,CAN,North America,,false,2020-09-29 16:28:39,adam.gordon030@commerce.example.com
,PAY-202009-00000006401,ORD-202009-0000003626,CUST-0000147395,2020-09-12 18:31:25,Buy Now Pay Later,Success,1975.88,AUD,AUS,Oceania,,false,2020-09-12 18:31:25,jennifer.bauer068@analytics.example.com
,PAY-202009-00000006402,ORD-202009-0000001174,CUST-0000142594,2020-09-26 05:50:33,Paytm,Success,2772.1,INR,IND,Asia,,false,2020-09-26 05:50:33,kelsey.taylor010@platform.example.com
,PAY-202009-00000006403,ORD-202009-0000003523,CUST-0000137327,2020-09-12 12:32:40,PayPal,Success,2866.58,MXN,MEX,North America,,false,2020-09-12 12:32:40,joseph.johnson049@dataops.example.com
,PAY-202009-00000006404,ORD-202009-0000000719,CUST-0000149127,2020-09-08 08:12:16,Phonepe,Success,2421.69,USD,USA,North America,,false,2020-09-08 08:12:16,michael.johnson061@platform.example.com
,PAY-202009-00000006405,ORD-202009-0000002565,CUST-0000149984,2020-09-16 23:35:13,Gift Card,Success,3183.48,GBP,GBR,Europe,,false,2020-09-16 23:35:13,victor.palmer071@platform.example.com
,PAY-202009-00000006406,ORD-202009-0000003707,CUST-0000144588,2020-09-03 15:38:11,Gift Card,Failed,402.97,INR,IND,Asia,Fraud check failed,false,2020-09-03 15:38:11,joseph.johnson049@dataops.example.com
,PAY-202009-00000006407,ORD-202009-0000005144,CUST-0000147080,2020-09-23 11:28:09,Apple Pay,Success,2317.14,EUR,FRA,Europe,,false,2020-09-23 11:28:09,patrick.gonzalez035@dataops.example.com
,PAY-202009-00000006408,ORD-202009-0000004733,CUST-0000145048,2020-09-20 17:52:16,Google Pay,Success,1085.93,EUR,NLD,Europe,,false,2020-09-20 17:52:16,michelle.bender024@analytics.example.com
,PAY-202009-00000006409,ORD-202009-0000000657,CUST-0000140607,2020-09-21 11:51:26,Gift Card,Success,1337.69,AED,ARE,Asia,,false,2020-09-21 11:51:26,jeffery.miller012@commerce.example.com
,PAY-202009-00000006410,ORD-202009-0000003483,CUST-0000146475,2020-09-21 09:48:10,Debit Card,Success,2882.51,AUD,AUS,Oceania,,false,2020-09-21 09:48:10,stephen.daniels076@commerce.example.com
,PAY-202009-00000006411,ORD-202009-0000006334,CUST-0000148881,2020-09-09 10:02:57,Apple Pay,Success,2786.36,AUD,AUS,Oceania,,false,2020-09-09 10:02:57,michelle.bender024@analytics.example.com
,PAY-202009-00000006412,ORD-202009-0000001566,CUST-0000144937,2020-09-13 12:05:42,Phonepe,Success,83.09,EUR,FRA,Europe,,false,2020-09-13 12:05:42,eric.horton058@analytics.example.com
,PAY-202009-00000006413,ORD-202009-0000001622,CUST-0000150887,2020-09-18 12:33:05,Gift Card,Success,2603.7,USD,USA,North America,,false,2020-09-18 12:33:05,ryan.steele043@commerce.example.com
,PAY-202009-00000006414,ORD-202009-0000003420,CUST-0000143567,2020-09-19 07:37:32,Apple Pay,Success,2605.24,GBP,GBR,Europe,,false,2020-09-19 07:37:32,andrea.cummings039@platform.example.com
,PAY-202009-00000006415,ORD-202009-0000004033,CUST-0000145333,2020-09-03 07:40:20,Credit Card,Success,1117.09,BRL,BRA,South America,,false,2020-09-03 07:40:20,micheal.hall064@dataops.example.com
,PAY-202009-00000006416,ORD-202009-0000006536,CUST-0000141950,2020-09-28 19:50:25,PayPal,Success,3299.64,EUR,NLD,Europe,,false,2020-09-28 19:50:25,jennifer.bauer068@analytics.example.com
,PAY-202009-00000006417,ORD-202009-0000002069,CUST-0000153340,2020-09-02 07:47:23,Credit Card,Success,2153.4,INR,IND,Asia,,false,2020-09-02 07:47:23,patrick.gonzalez035@dataops.example.com
,PAY-202009-00000006418,ORD-202009-0000004605,CUST-0000147949,2020-09-16 00:17:44,Google Pay,Failed,2646.47,GBP,GBR,Europe,Invalid CVV,false,2020-09-16 00:17:44,lance.williams029@platform.example.com
,PAY-202009-00000006419,ORD-202009-0000001426,CUST-0000143965,2020-09-19 08:58:19,Buy Now Pay Later,Success,673.43,EUR,NLD,Europe,,false,2020-09-19 08:58:19,michelle.bender024@analytics.example.com
,PAY-202009-00000006420,ORD-202009-0000000163,CUST-0000139406,2020-09-10 20:33:22,Apple Pay,Pending,2268.62,USD,USA,North America,,false,2020-09-10 20:33:22,john.mullins109@commerce.example.com
,PAY-202009-00000006421,ORD-202009-0000003998,CUST-0000146085,2020-09-23 08:44:39,Credit Card,Pending,2286.75,CAD,CAN,North America,,false,2020-09-23 08:44:39,alyssa.richards002@commerce.example.com
,PAY-202009-00000006422,ORD-202009-0000002477,CUST-0000151115,2020-09-30 08:30:01,Apple Pay,Success,325.05,AED,ARE,Asia,,false,2020-09-30 08:30:01,stephen.daniels076@commerce.example.com
,PAY-202009-00000006423,ORD-202009-0000004349,CUST-0000140830,2020-09-15 20:40:59,Buy Now Pay Later,Success,609.57,MXN,MEX,North America,,false,2020-09-15 20:40:59,ryan.steele043@commerce.example.com
,PAY-202009-00000006424,ORD-202009-0000003855,CUST-0000154107,2020-09-08 22:14:08,Paytm,Success,3089.92,AUD,AUS,Oceania,,false,2020-09-08 22:14:08,peter.martinez098@platform.example.com
,PAY-202009-00000006425,ORD-202009-0000003430,CUST-0000138483,2020-09-30 12:34:41,Credit Card,Success,3489.43,INR,IND,Asia,,false,2020-09-30 12:34:41,david.cabrera119@dataops.example.com
,PAY-202009-00000006426,ORD-202009-0000000824,CUST-0000140461,2020-09-21 01:22:08,PayPal,Pending,1727.58,EUR,FRA,Europe,,false,2020-09-21 01:22:08,victor.palmer071@platform.example.com
,PAY-202009-00000006427,ORD-202009-0000001570,CUST-0000139352,2020-09-11 02:49:57,Buy Now Pay Later,Success,2180.65,AED,ARE,Asia,,false,2020-09-11 02:49:57,michael.johnson061@platform.example.com
,PAY-202009-00000006428,ORD-202009-0000005748,CUST-0000143938,2020-09-16 03:25:34,PayPal,Success,877.99,MXN,MEX,North America,,false,2020-09-16 03:25:34,michelle.bender024@analytics.example.com
,PAY-202009-00000006429,ORD-202009-0000006367,CUST-0000136236,2020-09-11 09:12:34,Gift Card,Success,2690.92,INR,IND,Asia,,false,2020-09-11 09:12:34,micheal.hall064@dataops.example.com
,PAY-202009-00000006430,ORD-202009-0000001895,CUST-0000153472,2020-09-05 09:29:18,PayPal,Pending,206.8,AUD,AUS,Oceania,,false,2020-09-05 09:29:18,peter.martinez098@platform.example.com
,PAY-202009-00000006431,ORD-202009-0000002709,CUST-0000136089,2020-09-23 10:11:39,Google Pay,Success,585.24,INR,IND,Asia,,false,2020-09-23 10:11:39,timothy.cannon081@analytics.example.com
,PAY-202009-00000006432,ORD-202009-0000000877,CUST-0000140764,2020-09-06 04:39:35,PayPal,Success,2851.03,INR,IND,Asia,,false,2020-09-06 04:39:35,lance.williams029@platform.example.com
,PAY-202009-00000006433,ORD-202009-0000000581,CUST-0000137453,2020-09-03 18:27:20,Apple Pay,Success,3394.77,EUR,ITA,Europe,,false,2020-09-03 18:27:20,micheal.chen050@dataops.example.com
,PAY-202009-00000006434,ORD-202009-0000005098,CUST-0000146953,2020-09-27 19:37:56,Buy Now Pay Later,Success,1232.01,BRL,BRA,South America,,false,2020-09-27 19:37:56,john.mullins109@commerce.example.com
,PAY-202009-00000006435,ORD-202009-0000001250,CUST-0000152918,2020-09-06 08:58:49,Gift Card,Success,2629.95,EUR,ESP,Europe,,false,2020-09-06 08:58:49,timothy.cannon081@analytics.example.com
,PAY-202009-00000006436,ORD-202009-0000006241,CUST-0000147609,2020-09-01 12:29:03,Gift Card,Success,1998.9,MXN,MEX,North America,,false,2020-09-01 12:29:03,peter.martinez098@platform.example.com
,PAY-202009-00000006437,ORD-202009-0000004548,CUST-0000136013,2020-09-30 05:08:35,Google Pay,Success,1005.53,EUR,ITA,Europe,,false,2020-09-30 05:08:35,micheal.chen050@dataops.example.com
,PAY-202009-00000006438,ORD-202009-0000002803,CUST-0000150311,2020-09-20 06:01:19,Buy Now Pay Later,Success,1491.05,CAD,CAN,North America,,false,2020-09-20 06:01:19,andrea.cummings039@platform.example.com
,PAY-202009-00000006439,ORD-202009-0000004687,CUST-0000150433,2020-09-19 22:37:21,PayPal,Success,2149.79,JPY,JPN,Asia,,false,2020-09-19 22:37:21,megan.cunningham013@commerce.example.com
,PAY-202009-00000006440,ORD-202009-0000002153,CUST-0000146016,2020-09-01 11:14:42,Credit Card,Success,2549.1,AUD,AUS,Oceania,,false,2020-09-01 11:14:42,jeffery.miller012@commerce.example.com
,PAY-202009-00000006441,ORD-202009-0000005444,CUST-0000137245,2020-09-17 07:09:43,Paytm,Success,372.77,INR,IND,Asia,,false,2020-09-17 07:09:43,tina.williams074@commerce.example.com
,PAY-202009-00000006442,ORD-202009-0000006168,CUST-0000139103,2020-09-06 07:38:29,Gift Card,Success,2609.51,CAD,CAN,North America,,false,2020-09-06 07:38:29,michelle.sims041@analytics.example.com
,PAY-202009-00000006443,ORD-202009-0000004537,CUST-0000150461,2020-09-08 07:31:40,Apple Pay,Success,3446.37,BRL,BRA,South America,,false,2020-09-08 07:31:40,michael.berger060@platform.example.com
,PAY-202009-00000006444,ORD-202009-0000004597,CUST-0000134594,2020-09-12 05:34:39,Gift Card,Success,2658.63,BRL,BRA,South America,,false,2020-09-12 05:34:39,tina.williams074@commerce.example.com
,PAY-202009-00000006445,ORD-202009-0000004598,CUST-0000138208,2020-09-08 03:44:35,Credit Card,Success,2280.25,GBP,GBR,Europe,,false,2020-09-08 03:44:35,andrea.cummings039@platform.example.com
,PAY-202009-00000006446,ORD-202009-0000002275,CUST-0000145456,2020-09-12 23:20:08,Buy Now Pay Later,Success,298.19,MXN,MEX,North America,,false,2020-09-12 23:20:08,susan.rice083@commerce.example.com
,PAY-202009-00000006447,ORD-202009-0000002855,CUST-0000148675,2020-09-23 20:23:27,Paytm,Success,902.5,GBP,GBR,Europe,,false,2020-09-23 20:23:27,john.mullins109@commerce.example.com
,PAY-202009-00000006448,ORD-202009-0000005181,CUST-0000140365,2020-09-29 09:18:25,Buy Now Pay Later,Success,1833.23,EUR,DEU,Europe,,false,2020-09-29 09:18:25,jennifer.bauer068@analytics.example.com
,PAY-202009-00000006449,ORD-202009-0000001901,CUST-0000134941,2020-09-06 11:08:29,Credit Card,Success,2700.68,MXN,MEX,North America,,false,2020-09-06 11:08:29,jennifer.hudson020@analytics.example.com
,PAY-202009-00000006450,ORD-202009-0000002241,CUST-0000148182,2020-09-22 20:13:04,Apple Pay,Success,1541.34,EUR,ITA,Europe,,false,2020-09-22 20:13:04,jeffery.miller012@commerce.example.com
,PAY-202009-00000006451,ORD-202009-0000003647,CUST-0000143305,2020-09-25 05:08:18,PayPal,Success,646.54,GBP,GBR,Europe,,false,2020-09-25 05:08:18,megan.cunningham013@commerce.example.com
,PAY-202009-00000006452,ORD-202009-0000000307,CUST-0000137285,2020-09-01 16:40:57,Credit Card,Success,2849.28,INR,IND,Asia,,false,2020-09-01 16:40:57,megan.cunningham013@commerce.example.com
,PAY-202009-00000006453,ORD-202009-0000004851,CUST-0000135580,2020-09-19 00:39:43,Bank Transfer,Success,792.04,EUR,ESP,Europe,,false,2020-09-19 00:39:43,michael.berger060@platform.example.com
,PAY-202009-00000006454,ORD-202009-0000004219,CUST-0000149012,2020-09-14 23:01:29,PayPal,Success,3301.18,CAD,CAN,North America,,false,2020-09-14 23:01:29,james.proctor094@dataops.example.com
,PAY-202009-00000006455,ORD-202009-0000001496,CUST-0000135229,2020-09-15 08:57:16,Gift Card,Success,172.79,AUD,AUS,Oceania,,false,2020-09-15 08:57:16,brandon.yu006@analytics.example.com
,PAY-202009-00000006456,ORD-202009-0000001477,CUST-0000153093,2020-09-07 15:18:40,Apple Pay,Success,74.59,EUR,NLD,Europe,,false,2020-09-07 15:18:40,jennifer.bauer068@analytics.example.com
,PAY-202009-00000006457,ORD-202009-0000005096,CUST-0000138196,2020-09-05 16:55:27,Paytm,Success,705.78,AUD,AUS,Oceania,,false,2020-09-05 16:55:27,john.mullins109@commerce.example.com
,PAY-202009-00000006458,ORD-202009-0000003643,CUST-0000144577,2020-09-18 20:27:18,Gift Card,Success,3408.26,EUR,ITA,Europe,,false,2020-09-18 20:27:18,micheal.hall064@dataops.example.com
,PAY-202009-00000006459,ORD-202009-0000003014,CUST-0000136060,2020-09-06 06:29:15,Gift Card,Success,3048.35,AUD,AUS,Oceania,,false,2020-09-06 06:29:15,john.mullins109@commerce.example.com
,PAY-202009-00000006460,ORD-202009-0000004488,CUST-0000151401,2020-09-27 19:32:57,Apple Pay,Pending,1516.05,EUR,DEU,Europe,,false,2020-09-27 19:32:57,brandon.yu006@analytics.example.com
,PAY-202009-00000006461,ORD-202009-0000001740,CUST-0000141608,2020-09-21 08:07:20,Gift Card,Success,3088.74,BRL,BRA,South America,,false,2020-09-21 08:07:20,maria.ashley046@analytics.example.com
,PAY-202009-00000006462,ORD-202009-0000002182,CUST-0000137146,2020-09-19 06:47:18,Phonepe,Success,253.63,INR,IND,Asia,,false,2020-09-19 06:47:18,peter.martinez098@platform.example.com
,PAY-202009-00000006463,ORD-202009-0000003718,CUST-0000135837,2020-09-17 16:09:56,Bank Transfer,Success,1899.3,CAD,CAN,North America,,false,2020-09-17 16:09:56,david.cabrera119@dataops.example.com
,PAY-202009-00000006464,ORD-202009-0000005256,CUST-0000147447,2020-09-28 14:47:13,PayPal,Success,178.02,JPY,JPN,Asia,,false,2020-09-28 14:47:13,maria.ashley046@analytics.example.com
,PAY-202009-00000006465,ORD-202009-0000001960,CUST-0000149116,2020-09-02 05:20:29,Debit Card,Success,2015.26,EUR,NLD,Europe,,false,2020-09-02 05:20:29,peter.martinez098@platform.example.com
,PAY-202009-00000006466,ORD-202009-0000001305,CUST-0000143262,2020-09-28 21:05:27,Credit Card,Success,1754.22,USD,USA,North America,,false,2020-09-28 21:05:27,john.mullins109@commerce.example.com
,PAY-202009-00000006467,ORD-202009-0000003433,CUST-0000141706,2020-09-22 16:14:25,Gift Card,Success,2897.32,GBP,GBR,Europe,,false,2020-09-22 16:14:25,eric.mullen052@dataops.example.com
,PAY-202009-00000006468,ORD-202009-0000002721,CUST-0000150059,2020-09-10 01:55:58,Credit Card,Refunded,312.28,GBP,GBR,Europe,,true,2020-09-10 01:55:58,brandi.carter038@dataops.example.com
,PAY-202009-00000006469,ORD-202009-0000001703,CUST-0000138205,2020-09-21 15:36:22,Buy Now Pay Later,Success,2801.98,EUR,FRA,Europe,,false,2020-09-21 15:36:22,ashley.marks069@commerce.example.com
,PAY-202009-00000006470,ORD-202009-0000006044,CUST-0000140311,2020-09-17 17:34:50,Debit Card,Pending,2293.37,USD,USA,North America,,false,2020-09-17 17:34:50,joseph.johnson049@dataops.example.com
,PAY-202009-00000006471,ORD-202009-0000006557,CUST-0000145303,2020-09-09 22:37:17,Gift Card,Success,389.42,INR,IND,Asia,,false,2020-09-09 22:37:17,patrick.gonzalez035@dataops.example.com
,PAY-202009-00000006472,ORD-202009-0000002623,CUST-0000144497,2020-09-25 22:39:35,Phonepe,Success,1159.51,EUR,DEU,Europe,,false,2020-09-25 22:39:35,taylor.cunningham023@commerce.example.com
,PAY-202009-00000006473,ORD-202009-0000001284,CUST-0000147855,2020-09-13 08:59:36,Credit Card,Failed,2785.76,EUR,ESP,Europe,Fraud check failed,false,2020-09-13 08:59:36,adam.gordon030@commerce.example.com
,PAY-202009-00000006474,ORD-202009-0000001075,CUST-0000139594,2020-09-26 22:26:51,Paytm,Success,1049.34,JPY,JPN,Asia,,false,2020-09-26 22:26:51,patrick.gonzalez035@dataops.example.com
,PAY-202009-00000006475,ORD-202009-0000003212,CUST-0000152015,2020-09-17 23:53:47,Phonepe,Success,704.78,CAD,CAN,North America,,false,2020-09-17 23:53:47,patrick.gonzalez035@dataops.example.com
,PAY-202009-00000006476,ORD-202009-0000005800,CUST-0000146309,2020-09-24 13:05:33,Debit Card,Success,1361.38,AUD,AUS,Oceania,,false,2020-09-24 13:05:33,brandi.carter038@dataops.example.com
,PAY-202009-00000006477,ORD-202009-0000000028,CUST-0000152572,2020-09-14 02:17:04,Apple Pay,Failed,1892.09,MXN,MEX,North America,Network timeout,false,2020-09-14 02:17:04,victor.palmer071@platform.example.com
,PAY-202009-00000006478,ORD-202009-0000001905,CUST-0000151740,2020-09-06 06:13:15,Gift Card,Success,260.67,EUR,ITA,Europe,,false,2020-09-06 06:13:15,jeffery.miller012@commerce.example.com
,PAY-202009-00000006479,ORD-202009-0000003622,CUST-0000144701,2020-09-28 01:04:18,Google Pay,Success,3065.71,INR,IND,Asia,,false,2020-09-28 01:04:18,megan.cunningham013@commerce.example.com
,PAY-202009-00000006480,ORD-202009-0000001918,CUST-0000137232,2020-09-13 07:30:58,Paytm,Success,166.26,CAD,CAN,North America,,false,2020-09-13 07:30:58,alyssa.richards002@commerce.example.com
,PAY-202009-00000006481,ORD-202009-0000003343,CUST-0000148667,2020-09-17 09:00:08,Apple Pay,Success,806.07,USD,USA,North America,,false,2020-09-17 09:00:08,michael.johnson061@platform.example.com
,PAY-202009-00000006482,ORD-202009-0000003903,CUST-0000147132,2020-09-29 05:57:30,Bank Transfer,Success,3094.71,EUR,ITA,Europe,,false,2020-09-29 05:57:30,maria.ashley046@analytics.example.com
,PAY-202009-00000006483,ORD-202009-0000003569,CUST-0000139891,2020-09-11 18:32:30,Paytm,Success,2623.33,AED,ARE,Asia,,false,2020-09-11 18:32:30,ashley.marks069@commerce.example.com
,PAY-202009-00000006484,ORD-202009-0000005427,CUST-0000150757,2020-09-07 08:07:07,Google Pay,Success,1679.24,EUR,NLD,Europe,,false,2020-09-07 08:07:07,micheal.chen050@dataops.example.com
,PAY-202009-00000006485,ORD-202009-0000001533,CUST-0000144698,2020-09-08 11:01:43,Phonepe,Success,2132.15,JPY,JPN,Asia,,false,2020-09-08 11:01:43,jennifer.bauer068@analytics.example.com
,PAY-202009-00000006486,ORD-202009-0000005576,CUST-0000136545,2020-09-14 21:28:02,Bank Transfer,Success,1039.76,EUR,ESP,Europe,,false,2020-09-14 21:28:02,jennifer.bauer068@analytics.example.com
,PAY-202009-00000006487,ORD-202009-0000001665,CUST-0000152212,2020-09-22 18:07:33,Buy Now Pay Later,Success,2695.69,EUR,FRA,Europe,,false,2020-09-22 18:07:33,alyssa.richards002@commerce.example.com
,PAY-202009-00000006488,ORD-202009-0000003578,CUST-0000149116,2020-09-29 09:19:54,Buy Now Pay Later,Success,2494.01,EUR,ITA,Europe,,false,2020-09-29 09:19:54,michael.berger060@platform.example.com
,PAY-202009-00000006489,ORD-202009-0000005818,CUST-0000139929,2020-09-08 21:01:43,Paytm,Success,2027.02,USD,USA,North America,,false,2020-09-08 21:01:43,megan.cunningham013@commerce.example.com
,PAY-202009-00000006490,ORD-202009-0000004740,CUST-0000143839,2020-09-11 01:00:50,Buy Now Pay Later,Success,2499.09,USD,USA,North America,,false,2020-09-11 01:00:50,brandon.yu006@analytics.example.com
,PAY-202009-00000006491,ORD-202009-0000001130,CUST-0000135527,2020-09-01 17:05:01,Google Pay,Success,2526.54,INR,IND,Asia,,false,2020-09-01 17:05:01,michael.berger060@platform.example.com
,PAY-202009-00000006492,ORD-202009-0000005925,CUST-0000148368,2020-09-04 02:41:48,PayPal,Success,308.78,BRL,BRA,South America,,false,2020-09-04 02:41:48,david.cabrera119@dataops.example.com
,PAY-202009-00000006493,ORD-202009-0000001626,CUST-0000135646,2020-09-26 15:27:11,Gift Card,Success,626.3,EUR,NLD,Europe,,false,2020-09-26 15:27:11,jennifer.bauer068@analytics.example.com
,PAY-202009-00000006494,ORD-202009-0000003994,CUST-0000151261,2020-09-19 09:32:01,Buy Now Pay Later,Success,525.22,INR,IND,Asia,,false,2020-09-19 09:32:01,brandon.yu006@analytics.example.com
,PAY-202009-00000006495,ORD-202009-0000001312,CUST-0000134524,2020-09-01 01:40:05,Google Pay,Success,2958.54,USD,USA,North America,,false,2020-09-01 01:40:05,michael.johnson061@platform.example.com
,PAY-202009-00000006496,ORD-202009-0000005191,CUST-0000142275,2020-09-12 05:02:40,Phonepe,Success,3125.21,EUR,DEU,Europe,,false,2020-09-12 05:02:40,timothy.cannon081@analytics.example.com
,PAY-202009-00000006497,ORD-202009-0000005570,CUST-0000144600,2020-09-17 21:54:32,Paytm,Success,275.92,JPY,JPN,Asia,,false,2020-09-17 21:54:32,patrick.gonzalez035@dataops.example.com
,PAY-202009-00000006498,ORD-202009-0000000324,CUST-0000141007,2020-09-21 19:42:35,Phonepe,Success,1264.65,MXN,MEX,North America,,false,2020-09-21 19:42:35,stephen.daniels076@commerce.example.com
,PAY-202009-00000006499,ORD-202009-0000002303,CUST-0000153995,2020-09-01 14:50:13,Gift Card,Failed,1759.82,AUD,AUS,Oceania,Card declined,false,2020-09-01 14:50:13,eric.mullen052@dataops.example.com
,PAY-202009-00000006500,ORD-202009-0000004865,CUST-0000137288,2020-09-25 03:31:42,Debit Card,Success,2247.46,AUD,AUS,Oceania,,false,2020-09-25 03:31:42,michael.johnson061@platform.example.com
,PAY-202009-00000006501,ORD-202009-0000004141,CUST-0000148849,2020-09-12 05:05:39,PayPal,Success,2840.37,CAD,CAN,North America,,false,2020-09-12 05:05:39,brandon.yu006@analytics.example.com
,PAY-202009-00000006502,ORD-202009-0000005949,CUST-0000144429,2020-09-14 23:13:18,Buy Now Pay Later,Success,1606.63,BRL,BRA,South America,,false,2020-09-14 23:13:18,adam.gordon030@commerce.example.com
,PAY-202009-00000006503,ORD-202009-0000004067,CUST-0000142174,2020-09-11 18:34:20,Paytm,Success,400.33,EUR,ESP,Europe,,false,2020-09-11 18:34:20,kelsey.taylor010@platform.example.com
,PAY-202009-00000006504,ORD-202009-0000004881,CUST-0000146703,2020-09-01 11:55:51,Debit Card,Success,1538.22,AUD,AUS,Oceania,,false,2020-09-01 11:55:51,michael.johnson061@platform.example.com
,PAY-202009-00000006505,ORD-202009-0000004546,CUST-0000135329,2020-09-12 18:19:49,Credit Card,Success,2744.59,EUR,NLD,Europe,,false,2020-09-12 18:19:49,stephen.clark001@analytics.example.com
,PAY-202009-00000006506,ORD-202009-0000006553,CUST-0000141431,2020-09-09 13:08:54,Gift Card,Success,2530.43,AUD,AUS,Oceania,,false,2020-09-09 13:08:54,peter.martinez098@platform.example.com
,PAY-202009-00000006507,ORD-202009-0000002624,CUST-0000141348,2020-09-22 12:37:36,Phonepe,Success,1242.78,BRL,BRA,South America,,false,2020-09-22 12:37:36,adam.gordon030@commerce.example.com
,PAY-202009-00000006508,ORD-202009-0000004380,CUST-0000150427,2020-09-24 10:47:02,Debit Card,Success,1906.21,EUR,FRA,Europe,,false,2020-09-24 10:47:02,andrea.cummings039@platform.example.com
,PAY-202009-00000006509,ORD-202009-0000006428,CUST-0000135931,2020-09-13 21:53:02,Gift Card,Success,2175.92,JPY,JPN,Asia,,false,2020-09-13 21:53:02,john.mullins109@commerce.example.com
,PAY-202009-00000006510,ORD-202009-0000001124,CUST-0000139733,2020-09-03 05:00:17,Gift Card,Success,1359.14,AUD,AUS,Oceania,,false,2020-09-03 05:00:17,timothy.cannon081@analytics.example.com
,PAY-202009-00000006511,ORD-202009-0000000766,CUST-0000149333,2020-09-19 08:44:09,PayPal,Failed,1640.52,EUR,ITA,Europe,Network timeout,false,2020-09-19 08:44:09,ashley.marks069@commerce.example.com
,PAY-202009-00000006512,ORD-202009-0000001373,CUST-0000146239,2020-09-03 01:53:19,Bank Transfer,Success,476.19,EUR,ESP,Europe,,false,2020-09-03 01:53:19,ryan.steele043@commerce.example.com
,PAY-202009-00000006513,ORD-202009-0000003775,CUST-0000145889,2020-09-29 23:46:41,Apple Pay,Success,2795.81,BRL,BRA,South America,,false,2020-09-29 23:46:41,timothy.cameron104@commerce.example.com
,PAY-202009-00000006514,ORD-202009-0000005839,CUST-0000148335,2020-09-07 20:34:32,Paytm,Success,2803.85,CAD,CAN,North America,,false,2020-09-07 20:34:32,adam.gordon030@commerce.example.com
,PAY-202009-00000006515,ORD-202009-0000000540,CUST-0000143460,2020-09-19 08:50:48,Phonepe,Success,2081.86,GBP,GBR,Europe,,false,2020-09-19 08:50:48,susan.rice083@commerce.example.com
,PAY-202009-00000006516,ORD-202009-0000004104,CUST-0000148283,2020-09-11 15:19:03,Credit Card,Success,2333.3,EUR,ESP,Europe,,false,2020-09-11 15:19:03,micheal.chen050@dataops.example.com
,PAY-202009-00000006517,ORD-202009-0000001263,CUST-0000151634,2020-09-06 00:23:41,Buy Now Pay Later,Success,2113.8,BRL,BRA,South America,,false,2020-09-06 00:23:41,james.proctor094@dataops.example.com
,PAY-202009-00000006518,ORD-202009-0000000716,CUST-0000147048,2020-09-18 16:59:41,Debit Card,Success,2893.93,AUD,AUS,Oceania,,false,2020-09-18 16:59:41,micheal.chen050@dataops.example.com
,PAY-202009-00000006519,ORD-202009-0000004744,CUST-0000137037,2020-09-23 07:54:57,Apple Pay,Success,3437.38,GBP,GBR,Europe,,false,2020-09-23 07:54:57,brandon.yu006@analytics.example.com
,PAY-202009-00000006520,ORD-202009-0000005292,CUST-0000135697,2020-09-08 00:47:50,Paytm,Success,1599.28,EUR,DEU,Europe,,false,2020-09-08 00:47:50,jennifer.hudson020@analytics.example.com
,PAY-202009-00000006521,ORD-202009-0000000186,CUST-0000149140,2020-09-29 18:11:49,Apple Pay,Success,82.15,CAD,CAN,North America,,false,2020-09-29 18:11:49,tina.williams074@commerce.example.com
,PAY-202009-00000006522,ORD-202009-0000004034,CUST-0000140592,2020-09-14 14:38:14,Phonepe,Success,3165.5,EUR,NLD,Europe,,false,2020-09-14 14:38:14,lance.williams029@platform.example.com
,PAY-202009-00000006523,ORD-202009-0000001342,CUST-0000145765,2020-09-22 10:29:51,Bank Transfer,Success,2945.42,USD,USA,North America,,false,2020-09-22 10:29:51,victor.palmer071@platform.example.com
,PAY-202009-00000006524,ORD-202009-0000003583,CUST-0000142827,2020-09-10 14:02:31,Buy Now Pay Later,Failed,1411.95,AED,ARE,Asia,Network timeout,false,2020-09-10 14:02:31,timothy.cannon081@analytics.example.com
,PAY-202009-00000006525,ORD-202009-0000002673,CUST-0000147117,2020-09-18 02:58:01,Phonepe,Success,2318.28,EUR,DEU,Europe,,false,2020-09-18 02:58:01,timothy.cameron104@commerce.example.com
,PAY-202009-00000006526,ORD-202009-0000003118,CUST-0000140750,2020-09-22 04:50:11,Debit Card,Success,3139.66,EUR,ITA,Europe,,false,2020-09-22 04:50:11,kelsey.taylor010@platform.example.com
,PAY-202009-00000006527,ORD-202009-0000004939,CUST-0000140230,2020-09-02 13:24:32,Apple Pay,Pending,599.01,EUR,FRA,Europe,,false,2020-09-02 13:24:32,jeffery.miller012@commerce.example.com
,PAY-202009-00000006528,ORD-202009-0000001216,CUST-0000144240,2020-09-23 11:53:03,Google Pay,Success,1949.57,AUD,AUS,Oceania,,false,2020-09-23 11:53:03,peter.martinez098@platform.example.com
,PAY-202009-00000006529,ORD-202009-0000000001,CUST-0000139873,2020-09-13 19:28:13,Debit Card,Success,492.92,INR,IND,Asia,,false,2020-09-13 19:28:13,kelsey.taylor010@platform.example.com
,PAY-202009-00000006530,ORD-202009-0000005967,CUST-0000151724,2020-09-18 18:05:20,Credit Card,Success,2916.43,AUD,AUS,Oceania,,false,2020-09-18 18:05:20,timothy.cannon081@analytics.example.com
,PAY-202009-00000006531,ORD-202009-0000005113,CUST-0000140057,2020-09-21 12:47:27,Google Pay,Success,540.13,EUR,ESP,Europe,,false,2020-09-21 12:47:27,alyssa.richards002@commerce.example.com
,PAY-202009-00000006532,ORD-202009-0000003193,CUST-0000136482,2020-09-05 01:23:47,Credit Card,Success,621.34,SGD,SGP,Asia,,false,2020-09-05 01:23:47,david.cabrera119@dataops.example.com
,PAY-202009-00000006533,ORD-202009-0000002621,CUST-0000153426,2020-09-28 06:51:10,PayPal,Success,201.89,USD,USA,North America,,false,2020-09-28 06:51:10,joseph.johnson049@dataops.example.com
,PAY-202009-00000006534,ORD-202009-0000004306,CUST-0000152167,2020-09-20 06:52:16,Bank Transfer,Success,192.4,JPY,JPN,Asia,,false,2020-09-20 06:52:16,taylor.cunningham023@commerce.example.com
,PAY-202009-00000006535,ORD-202009-0000003094,CUST-0000151547,2020-09-01 05:02:21,Bank Transfer,Success,2253.53,JPY,JPN,Asia,,false,2020-09-01 05:02:21,brandon.yu006@analytics.example.com
,PAY-202009-00000006536,ORD-202009-0000002920,CUST-0000151581,2020-09-29 21:25:14,Phonepe,Success,2616.93,INR,IND,Asia,,false,2020-09-29 21:25:14,james.proctor094@dataops.example.com
,PAY-202009-00000006537,ORD-202009-0000005932,CUST-0000143632,2020-09-07 22:21:25,Google Pay,Success,3132.8,EUR,ESP,Europe,,false,2020-09-07 22:21:25,john.mullins109@commerce.example.com
,PAY-202009-00000006538,ORD-202009-0000003074,CUST-0000148755,2020-09-06 17:16:28,Phonepe,Success,1720.63,EUR,ESP,Europe,,false,2020-09-06 17:16:28,jeffery.miller012@commerce.example.com
,PAY-202009-00000006539,ORD-202009-0000002184,CUST-0000143632,2020-09-13 16:46:38,Google Pay,Success,2325.34,AUD,AUS,Oceania,,false,2020-09-13 16:46:38,michael.johnson061@platform.example.com
,PAY-202009-00000006540,ORD-202009-0000001933,CUST-0000153477,2020-09-25 16:50:21,Gift Card,Success,2529.59,EUR,NLD,Europe,,false,2020-09-25 16:50:21,jennifer.bauer068@analytics.example.com
,PAY-202009-00000006541,ORD-202009-0000005608,CUST-0000149263,2020-09-02 15:34:33,PayPal,Success,155.65,EUR,FRA,Europe,,false,2020-09-02 15:34:33,michelle.sims041@analytics.example.com
,PAY-202009-00000006542,ORD-202009-0000002669,CUST-0000153982,2020-09-23 16:03:08,Gift Card,Success,2409.75,EUR,NLD,Europe,,false,2020-09-23 16:03:08,maria.ashley046@analytics.example.com
,PAY-202009-00000006543,ORD-202009-0000004134,CUST-0000145530,2020-09-11 06:04:28,Paytm,Success,1997.42,MXN,MEX,North America,,false,2020-09-11 06:04:28,eric.mullen052@dataops.example.com
,PAY-202009-00000006544,ORD-202009-0000006020,CUST-0000137647,2020-09-06 18:35:58,Buy Now Pay Later,Success,1568.89,JPY,JPN,Asia,,false,2020-09-06 18:35:58,eric.horton058@analytics.example.com
,PAY-202009-00000006545,ORD-202009-0000005896,CUST-0000142715,2020-09-21 18:33:07,Credit Card,Success,3483.32,EUR,ITA,Europe,,false,2020-09-21 18:33:07,eric.mullen052@dataops.example.com
,PAY-202009-00000006546,ORD-202009-0000000164,CUST-0000148350,2020-09-15 12:34:23,Phonepe,Success,3168.33,SGD,SGP,Asia,,false,2020-09-15 12:34:23,timothy.cameron104@commerce.example.com
,PAY-202009-00000006547,ORD-202009-0000005804,CUST-0000141657,2020-09-07 06:38:45,Google Pay,Success,991.09,INR,IND,Asia,,false,2020-09-07 06:38:45,timothy.cannon081@analytics.example.com
,PAY-202009-00000006548,ORD-202009-0000003497,CUST-0000152457,2020-09-26 04:45:17,Buy Now Pay Later,Success,1279.89,CAD,CAN,North America,,false,2020-09-26 04:45:17,andrea.cummings039@platform.example.com
,PAY-202009-00000006549,ORD-202009-0000004329,CUST-0000151471,2020-09-20 04:10:47,Credit Card,Success,680.95,CAD,CAN,North America,,false,2020-09-20 04:10:47,susan.rice083@commerce.example.com
,PAY-202009-00000006550,ORD-202009-0000002432,CUST-0000150423,2020-09-07 04:15:57,Buy Now Pay Later,Success,3077.18,GBP,GBR,Europe,,false,2020-09-07 04:15:57,taylor.cunningham023@commerce.example.com
,PAY-202009-00000006551,ORD-202009-0000005060,CUST-0000135812,2020-09-23 20:17:07,Apple Pay,Success,1801.72,MXN,MEX,North America,,false,2020-09-23 20:17:07,michelle.bender024@analytics.example.com
,PAY-202009-00000006552,ORD-202009-0000001510,CUST-0000140761,2020-09-21 00:29:11,Gift Card,Success,634.96,EUR,FRA,Europe,,false,2020-09-21 00:29:11,michelle.bender024@analytics.example.com
,PAY-202009-00000006553,ORD-202009-0000000729,CUST-0000143272,2020-09-25 08:06:30,Phonepe,Success,2321.62,AUD,AUS,Oceania,,false,2020-09-25 08:06:30,michael.johnson061@platform.example.com
,PAY-202009-00000006554,ORD-202009-0000001762,CUST-0000147489,2020-09-13 02:54:31,PayPal,Success,3050.76,EUR,ESP,Europe,,false,2020-09-13 02:54:31,david.cabrera119@dataops.example.com
,PAY-202009-00000006555,ORD-202009-0000005256,CUST-0000139725,2020-09-22 13:09:17,Debit Card,Success,3157.53,EUR,ITA,Europe,,false,2020-09-22 13:09:17,michelle.sims041@analytics.example.com
,PAY-202009-00000006556,ORD-202009-0000004877,CUST-0000145566,2020-09-15 09:35:20,Bank Transfer,Success,2129.61,MXN,MEX,North America,,false,2020-09-15 09:35:20,jeffery.miller012@commerce.example.com
,PAY-202009-00000006557,ORD-202009-0000000967,CUST-0000146514,2020-09-12 23:38:56,Phonepe,Success,2535.3,EUR,ESP,Europe,,false,2020-09-12 23:38:56,lance.williams029@platform.example.com
,PAY-202009-00000006558,ORD-202009-0000001256,CUST-0000136438,2020-09-15 15:06:17,Buy Now Pay Later,Success,1397.53,AED,ARE,Asia,,false,2020-09-15 15:06:17,stephen.daniels076@commerce.example.com
,PAY-202009-00000006559,ORD-202009-0000006034,CUST-0000153931,2020-09-15 10:38:22,Apple Pay,Success,1834.96,EUR,ESP,Europe,,false,2020-09-15 10:38:22,michael.berger060@platform.example.com
,PAY-202009-00000006560,ORD-202009-0000004817,CUST-0000144313,2020-09-02 08:26:30,Paytm,Success,1174.76,GBP,GBR,Europe,,false,2020-09-02 08:26:30,lance.williams029@platform.example.com
,PAY-202009-00000006561,ORD-202009-0000003872,CUST-0000142488,2020-09-13 19:02:18,Google Pay,Success,2768.96,AED,ARE,Asia,,false,2020-09-13 19:02:18,david.cabrera119@dataops.example.com
,PAY-202009-00000006562,ORD-202009-0000001883,CUST-0000150747,2020-09-25 17:45:10,Buy Now Pay Later,Success,347.52,USD,USA,North America,,false,2020-09-25 17:45:10,kelsey.taylor010@platform.example.com
,PAY-202009-00000006563,ORD-202009-0000001505,CUST-0000151417,2020-09-08 10:29:36,Apple Pay,Success,2128.0,MXN,MEX,North America,,false,2020-09-08 10:29:36,kelsey.taylor010@platform.example.com
,PAY-202009-00000006564,ORD-202009-0000001122,CUST-0000154041,2020-09-18 08:12:14,Credit Card,Success,3391.85,GBP,GBR,Europe,,false,2020-09-18 08:12:14,victor.palmer071@platform.example.com
,PAY-202009-00000006565,ORD-202009-0000001357,CUST-0000153832,2020-09-15 22:04:39,Credit Card,Success,1142.9,JPY,JPN,Asia,,false,2020-09-15 22:04:39,james.proctor094@dataops.example.com
,PAY-202009-00000006566,ORD-202009-0000004999,CUST-0000146146,2020-09-07 14:39:01,Phonepe,Success,2962.37,CAD,CAN,North America,,false,2020-09-07 14:39:01,michael.johnson061@platform.example.com
,PAY-202009-00000006567,ORD-202009-0000002177,CUST-0000150395,2020-09-09 10:32:29,Gift Card,Success,1228.78,BRL,BRA,South America,,false,2020-09-09 10:32:29,taylor.cunningham023@commerce.example.com
,PAY-202009-00000006568,ORD-202009-0000000021,CUST-0000148254,2020-09-02 07:08:02,Buy Now Pay Later,Success,918.95,BRL,BRA,South America,,false,2020-09-02 07:08:02,david.cabrera119@dataops.example.com
,PAY-202009-00000006569,ORD-202009-0000002646,CUST-0000139296,2020-09-09 02:25:21,Buy Now Pay Later,Success,563.42,USD,USA,North America,,false,2020-09-09 02:25:21,eric.horton058@analytics.example.com
,PAY-202009-00000006570,ORD-202009-0000003297,CUST-0000151409,2020-09-21 20:45:41,Phonepe,Failed,3368.91,MXN,MEX,North America,Insufficient funds,false,2020-09-21 20:45:41,stephen.clark001@analytics.example.com
,PAY-202009-00000006571,ORD-202009-0000006167,CUST-0000144173,2020-09-09 23:19:19,Google Pay,Success,3308.42,EUR,ITA,Europe,,false,2020-09-09 23:19:19,eric.horton058@analytics.example.com
,PAY-202009-00000006572,ORD-202009-0000000537,CUST-0000151402,2020-09-28 03:42:25,Credit Card,Failed,2632.72,EUR,FRA,Europe,Fraud check failed,false,2020-09-28 03:42:25,michelle.bender024@analytics.example.com
,PAY-202009-00000006573,ORD-202009-0000003753,CUST-0000142839,2020-09-25 06:50:31,Credit Card,Success,3360.34,EUR,ESP,Europe,,false,2020-09-25 06:50:31,micheal.hall064@dataops.example.com
,PAY-202009-00000006574,ORD-202009-0000006155,CUST-0000135776,2020-09-10 10:32:04,PayPal,Success,2576.25,JPY,JPN,Asia,,false,2020-09-10 10:32:04,brandon.yu006@analytics.example.com
,PAY-202009-00000006575,ORD-202009-0000002246,CUST-0000137457,2020-09-15 20:48:09,Gift Card,Success,676.78,AUD,AUS,Oceania,,false,2020-09-15 20:48:09,tina.williams074@commerce.example.com
,PAY-202009-00000006576,ORD-202009-0000005227,CUST-0000149391,2020-09-24 21:12:07,Buy Now Pay Later,Success,1308.63,JPY,JPN,Asia,,false,2020-09-24 21:12:07,jennifer.hudson020@analytics.example.com
,PAY-202009-00000006577,ORD-202009-0000006173,CUST-0000140527,2020-09-13 15:05:40,Google Pay,Success,3354.04,EUR,ESP,Europe,,false,2020-09-13 15:05:40,michael.berger060@platform.example.com
,PAY-202009-00000006578,ORD-202009-0000005161,CUST-0000139091,2020-09-10 18:58:57,Credit Card,Success,999.4,SGD,SGP,Asia,,false,2020-09-10 18:58:57,timothy.cannon081@analytics.example.com
,PAY-202009-00000006579,ORD-202009-0000002829,CUST-0000134660,2020-09-27 04:39:45,Paytm,Success,3142.73,AED,ARE,Asia,,false,2020-09-27 04:39:45,stephen.daniels076@commerce.example.com
,PAY-202009-00000006580,ORD-202009-0000005201,CUST-0000136443,2020-09-28 02:03:53,Gift Card,Success,1379.86,SGD,SGP,Asia,,false,2020-09-28 02:03:53,timothy.cannon081@analytics.example.com
,PAY-202009-00000006581,ORD-202009-0000000797,CUST-0000151088,2020-09-13 18:09:46,Debit Card,Success,3258.01,EUR,ITA,Europe,,false,2020-09-13 18:09:46,andrea.cummings039@platform.example.com
